% function evaluation | noise-free fitness - Fopt (-9.210000000000e+00) | best noise-free fitness - Fopt | measured fitness | best measured fitness | x1 | x2...
1 +9.293925429e+01 +9.293925429e+01 +8.372925429e+01 -9.210000000e+00 +4.6301e+00 -1.2073e+00 +3.5799e+00 -2.4600e+00 -1.4910e+00
83 +2.095226583e+01 +2.095226583e+01 +1.174226583e+01 -9.210000000e+00 -4.5794e-01 +3.9756e+00 +1.2016e+00 +4.9549e+00 -4.8592e+00
261 +1.158313321e+01 +1.158313321e+01 +2.373133214e+00 -9.210000000e+00 +4.4878e+00 +1.1096e-01 +4.8055e+00 +4.8470e+00 -4.9098e+00
440 +5.214693850e+00 +5.214693850e+00 -3.995306150e+00 -9.210000000e+00 +4.5167e+00 +3.9756e+00 +4.7971e+00 +4.8470e+00 -4.8592e+00
690 +2.868536059e+00 +2.868536059e+00 -6.341463941e+00 -9.210000000e+00 +4.5167e+00 +4.9537e+00 +4.7971e+00 +4.9549e+00 -4.8592e+00
954 +2.335741147e+00 +2.335741147e+00 -6.874258853e+00 -9.210000000e+00 +4.5167e+00 +4.9537e+00 +4.8055e+00 +4.9549e+00 -4.9098e+00
1131 +1.460693230e+00 +1.460693230e+00 -7.749306770e+00 -9.210000000e+00 +4.5167e+00 +4.9537e+00 +4.7971e+00 +4.9549e+00 -5.0399e+00
1580 +8.949985869e-01 +8.949985869e-01 -8.315001413e+00 -9.210000000e+00 +5.0609e+00 +5.4898e+00 +4.7971e+00 +4.9549e+00 -5.5553e+00
2033 +3.357144470e-01 +3.357144470e-01 -8.874285553e+00 -9.210000000e+00 +5.0609e+00 +4.9537e+00 +5.4436e+00 +4.9549e+00 -5.5553e+00
2480 +8.235092121e-02 +8.235092121e-02 -9.127649079e+00 -9.210000000e+00 +5.0609e+00 +4.9537e+00 +5.2895e+00 +5.0307e+00 -5.2838e+00
2662 -7.105427358e-15 -7.105427358e-15 -9.210000000e+00 -9.210000000e+00 +5.0609e+00 +5.3529e+00 +5.2895e+00 +5.0307e+00 -5.6351e+00
% function evaluation | noise-free fitness - Fopt (6.559900000000e+02) | best noise-free fitness - Fopt | measured fitness | best measured fitness | x1 | x2...
1 +1.707836592e+02 +1.707836592e+02 +8.267736592e+02 +6.559900000e+02 +2.3231e+00 +1.7939e+00 -6.2836e-01 -4.2285e+00 +4.0305e+00
84 +2.939828076e+01 +2.939828076e+01 +6.853882808e+02 +6.559900000e+02 -2.3260e+00 -1.3471e+00 -4.1337e+00 +3.1246e+00 -4.7709e+00
244 +2.252423830e+01 +2.252423830e+01 +6.785142383e+02 +6.559900000e+02 +3.7922e+00 -4.9759e+00 +2.8556e-01 +4.6123e+00 -4.7621e+00
393 +1.376308381e+01 +1.376308381e+01 +6.697530838e+02 +6.559900000e+02 +3.0186e+00 -4.0145e+00 -4.1337e+00 +4.6123e+00 -4.4891e+00
562 +9.929318195e+00 +9.929318195e+00 +6.659193182e+02 +6.559900000e+02 +3.9395e+00 -3.9161e+00 -4.2188e+00 +4.6123e+00 -4.7709e+00
640 +6.123069916e+00 +6.123069916e+00 +6.621130699e+02 +6.559900000e+02 +3.7922e+00 -4.9759e+00 -4.2188e+00 +4.9802e+00 -4.7709e+00
1045 +2.441690805e+00 +2.441690805e+00 +6.584316908e+02 +6.559900000e+02 +3.8832e+00 -4.9976e+00 -5.0662e+00 +4.9802e+00 -4.8791e+00
1382 +1.232412019e+00 +1.232412019e+00 +6.572224120e+02 +6.559900000e+02 +3.8832e+00 -4.9976e+00 -5.0662e+00 +4.9802e+00 -5.2352e+00
1725 +8.022836605e-01 +8.022836605e-01 +6.567922837e+02 +6.559900000e+02 +4.3133e+00 -4.9976e+00 -5.0662e+00 +4.9802e+00 -5.2352e+00
2392 +5.757976131e-01 +5.757976131e-01 +6.565657976e+02 +6.559900000e+02 +4.5398e+00 -4.9976e+00 -5.7840e+00 +4.9802e+00 -5.2352e+00
2560 +3.886729178e-01 +3.886729178e-01 +6.563786729e+02 +6.559900000e+02 +4.6113e+00 -5.0146e+00 -5.0662e+00 +5.1137e+00 -5.2352e+00
2902 +1.900040614e-01 +1.900040614e-01 +6.561800041e+02 +6.559900000e+02 +4.9256e+00 -4.9976e+00 -5.0662e+00 +4.9802e+00 -5.2352e+00
3230 +6.164825670e-02 +6.164825670e-02 +6.560516483e+02 +6.559900000e+02 +4.9384e+00 -5.0146e+00 -5.0662e+00 +5.6214e+00 -5.2352e+00
3636 +0.000000000e+00 +0.000000000e+00 +6.559900000e+02 +6.559900000e+02 +5.2462e+00 -5.0205e+00 -5.0662e+00 +5.1137e+00 -5.2352e+00
% function evaluation | noise-free fitness - Fopt (6.671000000000e+01) | best noise-free fitness - Fopt | measured fitness | best measured fitness | x1 | x2...
1 +1.569207383e+02 +1.569207383e+02 +2.236307383e+02 +6.671000000e+01 +1.7164e+00 +3.5193e+00 -6.1357e-01 -4.4091e+00 +1.8272e+00
95 +3.024869921e+01 +3.024869921e+01 +9.695869921e+01 +6.671000000e+01 +1.2886e+00 +1.9906e+00 -4.4218e+00 +4.5177e+00 -4.3012e+00
279 +1.451004381e+01 +1.451004381e+01 +8.122004381e+01 +6.671000000e+01 -2.9806e+00 -3.7020e-01 -5.4536e+00 +4.3421e+00 -4.9442e+00
372 +7.876798022e+00 +7.876798022e+00 +7.458679802e+01 +6.671000000e+01 -2.9806e+00 -4.6944e+00 -4.6659e+00 +4.3421e+00 -4.9442e+00
655 +5.710372853e+00 +5.710372853e+00 +7.242037285e+01 +6.671000000e+01 -4.5226e-01 -4.6944e+00 -5.1792e+00 +4.9891e+00 -4.9442e+00
747 +2.219042716e+00 +2.219042716e+00 +6.892904272e+01 +6.671000000e+01 -2.9806e+00 -4.9224e+00 -5.4536e+00 +4.9891e+00 -5.0502e+00
1034 +9.573204850e-01 +9.573204850e-01 +6.766732049e+01 +6.671000000e+01 -4.2423e+00 -4.9224e+00 -5.7423e+00 +4.9891e+00 -5.0420e+00
1499 +6.299898791e-01 +6.299898791e-01 +6.733998988e+01 +6.671000000e+01 -4.5696e+00 -4.9224e+00 -5.4536e+00 +4.9891e+00 -5.2160e+00
1595 +1.996350509e-01 +1.996350509e-01 +6.690963505e+01 +6.671000000e+01 -5.1454e+00 -4.9224e+00 -5.4536e+00 +4.9891e+00 -5.1904e+00
1868 +6.155801686e-02 +6.155801686e-02 +6.677155802e+01 +6.671000000e+01 -5.1454e+00 -7.0391e+00 -6.7740e+00 +4.9891e+00 -5.5300e+00
1967 +1.421085472e-14 +1.421085472e-14 +6.671000000e+01 +6.671000000e+01 -5.6194e+00 -6.1064e+00 -5.5306e+00 +5.6570e+00 -6.7213e+00
% function evaluation | noise-free fitness - Fopt (9.416700000000e+02) | best noise-free fitness - Fopt | measured fitness | best measured fitness | x1 | x2...
1 +1.393144481e+02 +1.393144481e+02 +1.080984448e+03 +9.416700000e+02 +3.9675e+00 -2.3653e+00 -2.7553e+00 -2.6798e+00 +7.9502e-01
91 +2.387272335e+01 +2.387272335e+01 +9.655427233e+02 +9.416700000e+02 -2.6022e+00 -3.7063e+00 +3.8995e+00 +3.2600e+00 -4.4091e+00
273 +1.291840191e+01 +1.291840191e+01 +9.545884019e+02 +9.416700000e+02 -4.6041e+00 -1.9335e+00 +3.8995e+00 +4.9026e+00 -4.6958e+00
644 +9.892341039e+00 +9.892341039e+00 +9.515623410e+02 +9.416700000e+02 -4.6041e+00 -3.6352e+00 +3.8995e+00 +4.9026e+00 -4.6958e+00
1183 +5.951143769e+00 +5.951143769e+00 +9.476211438e+02 +9.416700000e+02 -3.9679e+00 -3.7112e+00 +4.3424e+00 +4.9026e+00 -5.1248e+00
1717 +3.591046086e+00 +3.591046086e+00 +9.452610461e+02 +9.416700000e+02 -5.0152e+00 -4.4580e+00 +4.3424e+00 +4.9026e+00 -5.1248e+00
2067 +2.488080444e+00 +2.488080444e+00 +9.441580804e+02 +9.416700000e+02 -4.8085e+00 -4.4580e+00 +4.7518e+00 +4.9026e+00 -5.1248e+00
2341 +1.332744783e+00 +1.332744783e+00 +9.430027448e+02 +9.416700000e+02 -5.0152e+00 -5.2065e+00 +4.7518e+00 +4.9026e+00 -5.1248e+00
2434 +9.638503643e-01 +9.638503643e-01 +9.426338504e+02 +9.416700000e+02 -5.0152e+00 -4.4580e+00 +5.0933e+00 +6.0212e+00 -5.1248e+00
2700 -1.136868377e-13 -1.136868377e-13 +9.416700000e+02 +9.416700000e+02 -5.0152e+00 -5.2065e+00 +5.3926e+00 +5.5531e+00 -5.1248e+00
% function evaluation | noise-free fitness - Fopt (-3.745000000000e+01) | best noise-free fitness - Fopt | measured fitness | best measured fitness | x1 | x2...
1 +1.313739380e+02 +1.313739380e+02 +9.392393795e+01 -3.745000000e+01 -1.0803e+00 +2.7997e+00 -4.3569e+00 -3.9445e+00 +3.5856e+00
100 +3.929819888e+01 +3.929819888e+01 +1.848198876e+00 -3.745000000e+01 +4.8844e+00 +7.7444e-01 +5.2801e-01 -3.2479e+00 -4.2326e+00
499 +1.425198091e+01 +1.425198091e+01 -2.319801909e+01 -3.745000000e+01 +2.3804e+00 +4.0134e+00 +4.4396e+00 -4.7872e+00 -4.3091e+00
894 +9.305256000e+00 +9.305256000e+00 -2.814474400e+01 -3.745000000e+01 +3.2280e+00 +4.0134e+00 +4.4396e+00 -4.2875e+00 -5.0492e+00
1194 +4.838826130e+00 +4.838826130e+00 -3.261117387e+01 -3.745000000e+01 +4.8844e+00 +4.0134e+00 +4.4396e+00 -4.7872e+00 -5.0492e+00
1394 +3.642339855e+00 +3.642339855e+00 -3.380766014e+01 -3.745000000e+01 +4.8844e+00 +4.0134e+00 +4.4396e+00 -5.0266e+00 -5.0485e+00
1594 +2.274673778e+00 +2.274673778e+00 -3.517532622e+01 -3.745000000e+01 +4.8844e+00 +4.0134e+00 +4.8721e+00 -5.0266e+00 -5.0485e+00
2191 +8.327937403e-01 +8.327937403e-01 -3.661720626e+01 -3.745000000e+01 +4.8844e+00 +4.6456e+00 +4.9725e+00 -5.0266e+00 -5.0492e+00
2691 +4.879903334e-01 +4.879903334e-01 -3.696200967e+01 -3.745000000e+01 +4.8844e+00 +4.8395e+00 +4.9725e+00 -5.0266e+00 -5.0492e+00
2990 +3.723760862e-01 +3.723760862e-01 -3.707762391e+01 -3.745000000e+01 +5.3452e+00 +4.8395e+00 +4.9725e+00 -5.8532e+00 -5.0492e+00
3786 +1.704692302e-01 +1.704692302e-01 -3.727953077e+01 -3.745000000e+01 +5.9267e+00 +4.9041e+00 +6.0036e+00 -5.3695e+00 -5.0492e+00
4086 +0.000000000e+00 +0.000000000e+00 -3.745000000e+01 -3.745000000e+01 +5.9267e+00 +5.7881e+00 +5.1218e+00 -5.0266e+00 -5.0485e+00
% function evaluation | noise-free fitness - Fopt (-4.450500000000e+02) | best noise-free fitness - Fopt | measured fitness | best measured fitness | x1 | x2...
1 +5.271431348e+01 +5.271431348e+01 -3.923356865e+02 -4.450500000e+02 +1.3733e+00 +3.7690e+00 +4.4240e+00 -9.8830e-01 -3.0229e+00
86 +4.107140706e+01 +4.107140706e+01 -4.039785929e+02 -4.450500000e+02 -2.6015e-01 -1.1509e+00 -2.1479e+00 -4.5989e+00 -4.9466e+00
175 +2.460667080e+01 +2.460667080e+01 -4.204433292e+02 -4.450500000e+02 -2.6015e-01 +3.7484e+00 +3.0356e-01 -4.5989e+00 -4.9466e+00
448 +1.518868106e+01 +1.518868106e+01 -4.298613189e+02 -4.450500000e+02 -2.6015e-01 +3.4576e+00 +3.4454e+00 -4.5989e+00 -4.9466e+00
723 +8.643135695e+00 +8.643135695e+00 -4.364068643e+02 -4.450500000e+02 -2.9217e+00 +5.2052e+00 +3.1830e+00 -4.9494e+00 -4.9466e+00
1080 +3.473586530e+00 +3.473586530e+00 -4.415764135e+02 -4.450500000e+02 -3.5630e+00 +4.7505e+00 +4.5863e+00 -4.9494e+00 -5.4380e+00
1518 +2.225105459e+00 +2.225105459e+00 -4.428248945e+02 -4.450500000e+02 -4.3679e+00 +5.2052e+00 +4.5863e+00 -4.9494e+00 -5.4380e+00
1868 +1.360450446e+00 +1.360450446e+00 -4.436895496e+02 -4.450500000e+02 -4.3679e+00 +4.7505e+00 +5.2957e+00 -4.9494e+00 -5.4380e+00
1959 +6.321138054e-01 +6.321138054e-01 -4.444178862e+02 -4.450500000e+02 -4.3679e+00 +5.2052e+00 +5.5705e+00 -5.6917e+00 -5.4380e+00
2048 +5.821040921e-01 +5.821040921e-01 -4.444678959e+02 -4.450500000e+02 -4.7026e+00 +5.2052e+00 +5.5705e+00 -4.9494e+00 -5.4380e+00
2223 +2.973666221e-01 +2.973666221e-01 -4.447526334e+02 -4.450500000e+02 -4.7026e+00 +5.8393e+00 +5.2957e+00 -5.5644e+00 -6.0733e+00
2405 +9.768392689e-02 +9.768392689e-02 -4.449523161e+02 -4.450500000e+02 -4.9023e+00 +5.2395e+00 +5.2957e+00 -5.5644e+00 -5.4380e+00
2491 -5.684341886e-14 -5.684341886e-14 -4.450500000e+02 -4.450500000e+02 -5.0299e+00 +5.5702e+00 +5.2957e+00 -5.6917e+00 -5.4380e+00
% function evaluation | noise-free fitness - Fopt (9.513200000000e+02) | best noise-free fitness - Fopt | measured fitness | best measured fitness | x1 | x2...
1 +9.566308679e+01 +9.566308679e+01 +1.046983087e+03 +9.513200000e+02 -4.8624e+00 -3.4808e+00 -2.1742e+00 +4.0530e+00 -1.4812e+00
97 +2.328086028e+01 +2.328086028e+01 +9.746008603e+02 +9.513200000e+02 -1.5362e+00 -2.9173e+00 +3.4472e+00 +3.4388e+00 +4.7576e+00
476 +1.578747170e+01 +1.578747170e+01 +9.671074717e+02 +9.513200000e+02 -4.3122e+00 -4.0935e+00 +3.5866e+00 +3.4388e+00 +4.9761e+00
1225 +8.057834871e+00 +8.057834871e+00 +9.593778349e+02 +9.513200000e+02 -4.3122e+00 -4.0935e+00 +4.6616e+00 +4.1664e+00 +5.2739e+00
1885 +4.412795973e+00 +4.412795973e+00 +9.557327960e+02 +9.513200000e+02 -4.3122e+00 -4.0935e+00 +4.6616e+00 +4.8146e+00 +5.2739e+00
2071 +3.608705478e+00 +3.608705478e+00 +9.549287055e+02 +9.513200000e+02 -4.3122e+00 -4.0935e+00 +4.6616e+00 +5.0046e+00 +4.9761e+00
2524 +2.257092326e+00 +2.257092326e+00 +9.535770923e+02 +9.513200000e+02 -4.7648e+00 -4.4494e+00 +5.0435e+00 +4.8146e+00 +5.2264e+00
2805 +1.440741767e+00 +1.440741767e+00 +9.527607418e+02 +9.513200000e+02 -4.7648e+00 -4.9239e+00 +4.6616e+00 +5.3253e+00 +5.4583e+00
2894 +7.785107874e-01 +7.785107874e-01 +9.520985108e+02 +9.513200000e+02 -4.7648e+00 -4.9239e+00 +4.8710e+00 +5.3253e+00 +5.4583e+00
2987 +5.662331644e-01 +5.662331644e-01 +9.518862332e+02 +9.513200000e+02 -5.4015e+00 -4.9239e+00 +5.0435e+00 +4.9234e+00 +5.6824e+00
3085 +2.634805557e-01 +2.634805557e-01 +9.515834806e+02 +9.513200000e+02 -4.7648e+00 -4.9841e+00 +5.0435e+00 +5.3253e+00 +5.2264e+00
3276 +2.063344572e-01 +2.063344572e-01 +9.515263345e+02 +9.513200000e+02 -5.6446e+00 -4.8840e+00 +5.0435e+00 +5.5997e+00 +5.2739e+00
3371 +1.352650362e-01 +1.352650362e-01 +9.514552650e+02 +9.513200000e+02 -5.6446e+00 -4.9239e+00 +5.0435e+00 +5.3253e+00 +5.3160e+00
3458 -1.136868377e-13 -1.136868377e-13 +9.513200000e+02 +9.513200000e+02 -5.6446e+00 -5.1578e+00 +5.5538e+00 +5.5453e+00 +5.3160e+00
% function evaluation | noise-free fitness - Fopt (-1.703300000000e+02) | best noise-free fitness - Fopt | measured fitness | best measured fitness | x1 | x2...
1 +4.439323146e+01 +4.439323146e+01 -1.259367685e+02 -1.703300000e+02 -8.7460e-01 -4.2306e+00 +4.5323e+00 +1.6204e+00 -3.1584e+00
100 +1.687874647e+01 +1.687874647e+01 -1.534512535e+02 -1.703300000e+02 -2.7346e+00 -3.2148e+00 +4.0112e+00 +3.7482e+00 -4.8727e+00
300 +1.192582841e+01 +1.192582841e+01 -1.584041716e+02 -1.703300000e+02 -2.4498e+00 -4.8910e+00 +4.2574e+00 +4.0111e+00 -4.8727e+00
400 +7.493591750e+00 +7.493591750e+00 -1.628364082e+02 -1.703300000e+02 -2.8388e+00 -4.8910e+00 +4.0112e+00 +4.8686e+00 -4.8727e+00
598 +5.731083124e+00 +5.731083124e+00 -1.645989169e+02 -1.703300000e+02 -2.4498e+00 -4.7507e+00 +4.7704e+00 +4.8686e+00 -4.8727e+00
1198 +3.618183765e+00 +3.618183765e+00 -1.667118162e+02 -1.703300000e+02 -3.8237e+00 -4.7507e+00 +4.7704e+00 +5.1747e+00 -4.8727e+00
1798 +2.448853679e+00 +2.448853679e+00 -1.678811463e+02 -1.703300000e+02 -3.8237e+00 -5.0218e+00 +5.0593e+00 +5.1747e+00 -4.8727e+00
2396 +1.515561613e+00 +1.515561613e+00 -1.688144384e+02 -1.703300000e+02 -4.7570e+00 -5.3501e+00 +5.0593e+00 +5.1747e+00 -4.8727e+00
2895 +6.147518692e-01 +6.147518692e-01 -1.697152481e+02 -1.703300000e+02 -4.7570e+00 -5.0218e+00 +5.0925e+00 +5.1747e+00 -4.9628e+00
3295 +2.429782672e-01 +2.429782672e-01 -1.700870217e+02 -1.703300000e+02 -4.7570e+00 -5.3369e+00 +5.0925e+00 +5.1747e+00 -5.3219e+00
3595 +0.000000000e+00 +0.000000000e+00 -1.703300000e+02 -1.703300000e+02 -5.1062e+00 -5.3369e+00 +5.0925e+00 +5.3879e+00 -5.3219e+00
% function evaluation | noise-free fitness - Fopt (4.136000000000e+01) | best noise-free fitness - Fopt | measured fitness | best measured fitness | x1 | x2...
1 +5.526961404e+01 +5.526961404e+01 +9.662961404e+01 +4.136000000e+01 -3.3443e+00 -8.1793e-01 -3.2467e+00 +1.9084e+00 +3.6350e+00
94 +3.294469502e+01 +3.294469502e+01 +7.430469502e+01 +4.136000000e+01 -8.0088e-01 +1.6222e+00 -2.3705e+00 +4.3369e+00 +4.0907e+00
280 +2.357452126e+01 +2.357452126e+01 +6.493452126e+01 +4.136000000e+01 +2.1338e+00 +4.9198e+00 -4.8980e+00 +4.1519e+00 +3.4526e+00
462 +1.301056845e+01 +1.301056845e+01 +5.437056845e+01 +4.136000000e+01 +4.2581e+00 +2.3978e+00 -3.2859e+00 +6.1423e+00 +4.7779e+00
819 +8.721970146e+00 +8.721970146e+00 +5.008197015e+01 +4.136000000e+01 -8.0088e-01 +4.9198e+00 -4.8980e+00 +4.9582e+00 +4.7779e+00
905 +3.475783662e+00 +3.475783662e+00 +4.483578366e+01 +4.136000000e+01 +3.6345e+00 +4.9198e+00 -4.8980e+00 +4.9582e+00 +4.8590e+00
997 +2.080362927e+00 +2.080362927e+00 +4.344036293e+01 +4.136000000e+01 +4.7068e+00 +4.3086e+00 -4.8980e+00 +4.9582e+00 +5.2392e+00
1090 +9.820886700e-01 +9.820886700e-01 +4.234208867e+01 +4.136000000e+01 +4.7182e+00 +4.9198e+00 -4.8980e+00 +4.9582e+00 +5.2392e+00
1537 +4.244145068e-01 +4.244145068e-01 +4.178441451e+01 +4.136000000e+01 +4.7182e+00 +4.9198e+00 -5.3182e+00 +6.1423e+00 +5.2392e+00
1725 +2.817930488e-01 +2.817930488e-01 +4.164179305e+01 +4.136000000e+01 +4.7182e+00 +5.2482e+00 -5.3182e+00 +6.1106e+00 +5.2392e+00
1820 +2.063593073e-01 +2.063593073e-01 +4.156635931e+01 +4.136000000e+01 +4.7936e+00 +5.2482e+00 -5.3182e+00 +5.6303e+00 +5.2392e+00
2090 -1.421085472e-14 -1.421085472e-14 +4.136000000e+01 +4.136000000e+01 +5.5333e+00 +5.2482e+00 -5.4622e+00 +6.1423e+00 +5.3459e+00
% function evaluation | noise-free fitness - Fopt (2.583700000000e+02) | best noise-free fitness - Fopt | measured fitness | best measured fitness | x1 | x2...
1 +1.395013979e+02 +1.395013979e+02 +3.978713979e+02 +2.583700000e+02 +2.7799e+00 +4.8175e+00 +1.3619e+00 -1.7091e+00 -2.3551e+00
92 +2.264321812e+01 +2.264321812e+01 +2.810132181e+02 +2.583700000e+02 -2.3327e+00 -9.6798e-01 -2.7314e+00 +4.8171e+00 +4.8840e+00
187 +1.245665298e+01 +1.245665298e+01 +2.708266530e+02 +2.583700000e+02 -1.3496e+00 +3.0128e+00 -3.7353e+00 +4.8171e+00 +4.9756e+00
379 +9.484491775e+00 +9.484491775e+00 +2.678544918e+02 +2.583700000e+02 -2.3327e+00 +3.3552e+00 -4.4614e+00 +4.8171e+00 +4.8840e+00
940 +4.871796839e+00 +4.871796839e+00 +2.632417968e+02 +2.583700000e+02 -4.6754e+00 +4.9484e+00 -4.4614e+00 +4.7169e+00 +4.8840e+00
1037 +3.878223974e+00 +3.878223974e+00 +2.622482240e+02 +2.583700000e+02 -3.8320e+00 +4.9484e+00 -4.8642e+00 +4.8171e+00 +4.8840e+00
1231 +2.437592321e+00 +2.437592321e+00 +2.608075923e+02 +2.583700000e+02 -4.3564e+00 +4.9484e+00 -4.8642e+00 +4.8171e+00 +4.9756e+00
1502 +1.089952787e+00 +1.089952787e+00 +2.594599528e+02 +2.583700000e+02 -4.6754e+00 +4.9484e+00 -4.8642e+00 +5.1903e+00 +4.9756e+00
1696 +5.689191780e-01 +5.689191780e-01 +2.589389192e+02 +2.583700000e+02 -4.6754e+00 +5.5696e+00 -5.0677e+00 +5.1903e+00 +4.9756e+00
1881 +3.359885256e-01 +3.359885256e-01 +2.587059885e+02 +2.583700000e+02 -5.1193e+00 +4.9484e+00 -5.0677e+00 +5.1903e+00 +4.9756e+00
2159 +9.171600270e-02 +9.171600270e-02 +2.584617160e+02 +2.583700000e+02 -5.1193e+00 +4.9484e+00 -5.0677e+00 +5.1903e+00 +5.5105e+00
2442 +0.000000000e+00 +0.000000000e+00 +2.583700000e+02 +2.583700000e+02 -5.1193e+00 +5.5696e+00 -5.8218e+00 +5.1903e+00 +5.5105e+00
% function evaluation | noise-free fitness - Fopt (-7.520000000000e+00) | best noise-free fitness - Fopt | measured fitness | best measured fitness | x1 | x2...
1 +8.940867938e+01 +8.940867938e+01 +8.188867938e+01 -7.520000000e+00 +1.0343e+00 -5.0000e-01 +3.0142e+00 -3.6618e-01 +6.6752e-01
88 +2.603143114e+01 +2.603143114e+01 +1.851143114e+01 -7.520000000e+00 -9.0244e-01 +1.5192e+00 +4.3592e+00 -3.9326e+00 +4.4089e+00
179 +2.386466790e+01 +2.386466790e+01 +1.634466790e+01 -7.520000000e+00 -3.3346e+00 +1.8234e+00 +3.6186e+00 -4.9728e+00 +4.4640e+00
346 +1.393722350e+01 +1.393722350e+01 +6.417223501e+00 -7.520000000e+00 +4.2385e+00 +3.5770e+00 +3.4766e+00 -4.9728e+00 +4.4325e+00
1226 +5.064866917e+00 +5.064866917e+00 -2.455133083e+00 -7.520000000e+00 +4.6476e+00 +3.5770e+00 +4.3584e+00 -4.9728e+00 +5.1911e+00
1581 +2.283249719e+00 +2.283249719e+00 -5.236750281e+00 -7.520000000e+00 +4.8513e+00 +3.8858e+00 +5.1098e+00 -4.9728e+00 +5.1911e+00
2389 +9.678706819e-01 +9.678706819e-01 -6.552129318e+00 -7.520000000e+00 +5.9174e+00 +4.4557e+00 +5.1098e+00 -5.6798e+00 +5.1911e+00
3008 +1.370530290e-01 +1.370530290e-01 -7.382946971e+00 -7.520000000e+00 +5.9174e+00 +4.9229e+00 +5.1098e+00 -5.7583e+00 +5.1911e+00
3282 +3.552713679e-15 +3.552713679e-15 -7.520000000e+00 -7.520000000e+00 +5.9174e+00 +5.0026e+00 +5.2365e+00 -5.1032e+00 +5.4740e+00
% function evaluation | noise-free fitness - Fopt (2.477800000000e+02) | best noise-free fitness - Fopt | measured fitness | best measured fitness | x1 | x2...
1 +6.941623730e+01 +6.941623730e+01 +3.171962373e+02 +2.477800000e+02 -2.3261e+00 +4.6062e+00 +4.8257e+00 +3.3273e+00 -3.1337e+00
93 +2.088039336e+01 +2.088039336e+01 +2.686603934e+02 +2.477800000e+02 -4.8018e-01 +3.8943e+00 +3.8825e+00 -3.8360e+00 -4.5685e+00
288 +1.286914576e+01 +1.286914576e+01 +2.606491458e+02 +2.477800000e+02 -2.9002e+00 -3.8074e-01 +4.9703e+00 -4.8987e+00 -4.9463e+00
388 +8.942518675e+00 +8.942518675e+00 +2.567225187e+02 +2.477800000e+02 -4.9459e+00 +2.4281e+00 +5.3686e+00 -5.1389e+00 -4.5685e+00
677 +4.319194594e+00 +4.319194594e+00 +2.520991946e+02 +2.477800000e+02 -2.9002e+00 +4.3744e+00 +5.3987e+00 -4.8987e+00 -4.9463e+00
771 +3.949400843e+00 +3.949400843e+00 +2.517294008e+02 +2.477800000e+02 -4.2177e+00 +3.8943e+00 +4.9703e+00 -4.8987e+00 -4.9463e+00
963 +2.114401887e+00 +2.114401887e+00 +2.498944019e+02 +2.477800000e+02 -4.9459e+00 +3.8943e+00 +4.9703e+00 -5.1389e+00 -5.4984e+00
1249 +9.444672024e-01 +9.444672024e-01 +2.487244672e+02 +2.477800000e+02 -4.7256e+00 +4.6761e+00 +4.9703e+00 -5.1389e+00 -5.2798e+00
1722 +5.760017529e-01 +5.760017529e-01 +2.483560018e+02 +2.477800000e+02 -5.7813e+00 +4.6761e+00 +5.5764e+00 -5.1389e+00 -5.2798e+00
1821 +1.252023594e-01 +1.252023594e-01 +2.479052024e+02 +2.477800000e+02 -4.8748e+00 +5.1496e+00 +5.5764e+00 -5.5658e+00 -5.2798e+00
2109 +0.000000000e+00 +0.000000000e+00 +2.477800000e+02 +2.477800000e+02 -5.0295e+00 +5.1496e+00 +5.1317e+00 -5.4378e+00 -5.2798e+00
% function evaluation | noise-free fitness - Fopt (-1.722000000000e+01) | best noise-free fitness - Fopt | measured fitness | best measured fitness | x1 | x2...
1 +8.846025641e+01 +8.846025641e+01 +7.124025641e+01 -1.722000000e+01 -3.7606e+00 +1.8021e+00 -3.5999e+00 -3.0075e+00 +6.8662e-01
92 +3.409618370e+01 +3.409618370e+01 +1.687618370e+01 -1.722000000e+01 +2.5000e+00 +2.5137e+00 +2.9237e+00 -4.8497e+00 +3.5236e+00
182 +2.425427510e+01 +2.425427510e+01 +7.034275102e+00 -1.722000000e+01 -1.7678e+00 -1.9563e+00 +4.0286e+00 -4.3028e+00 +4.8341e+00
361 +1.151018564e+01 +1.151018564e+01 -5.709814356e+00 -1.722000000e+01 -2.8920e+00 +4.8133e+00 +2.9237e+00 -4.8497e+00 +4.8341e+00
737 +6.692663689e+00 +6.692663689e+00 -1.052733631e+01 -1.722000000e+01 -2.8920e+00 +4.8133e+00 +4.7735e+00 -4.8497e+00 +4.7309e+00
830 +5.431432809e+00 +5.431432809e+00 -1.178856719e+01 -1.722000000e+01 -4.1532e+00 +4.8133e+00 +4.7735e+00 -4.8497e+00 +4.7309e+00
1195 +3.133065192e+00 +3.133065192e+00 -1.408693481e+01 -1.722000000e+01 -4.1532e+00 +4.8133e+00 +4.7735e+00 -4.8497e+00 +4.9607e+00
1453 +2.392982431e+00 +2.392982431e+00 -1.482701757e+01 -1.722000000e+01 -4.5002e+00 +4.8133e+00 +4.7735e+00 -4.8497e+00 +5.2878e+00
1646 +1.547990536e+00 +1.547990536e+00 -1.567200946e+01 -1.722000000e+01 -4.5002e+00 +4.8133e+00 +4.7735e+00 -5.2955e+00 +5.2878e+00
1918 +8.317842406e-01 +8.317842406e-01 -1.638821576e+01 -1.722000000e+01 -4.5002e+00 +4.8133e+00 +5.1508e+00 -5.2955e+00 +5.2878e+00
2007 +4.095522867e-01 +4.095522867e-01 -1.681044771e+01 -1.722000000e+01 -4.9224e+00 +4.8133e+00 +5.0033e+00 -5.2955e+00 +5.2878e+00
2368 +7.759767468e-02 +7.759767468e-02 -1.714240233e+01 -1.722000000e+01 -4.9224e+00 +6.1121e+00 +5.0033e+00 -5.2955e+00 +5.5674e+00
2643 +0.000000000e+00 +0.000000000e+00 -1.722000000e+01 -1.722000000e+01 -5.1744e+00 +6.1121e+00 +5.0033e+00 -5.2955e+00 +5.2878e+00
% function evaluation | noise-free fitness - Fopt (-6.010200000000e+02) | best noise-free fitness - Fopt | measured fitness | best measured fitness | x1 | x2...
1 +1.536546621e+02 +1.536546621e+02 -4.473653379e+02 -6.010200000e+02 +3.4130e+00 -3.8802e+00 +2.3899e+00 -1.0296e+00 -4.0580e+00
78 +2.184090774e+01 +2.184090774e+01 -5.791790923e+02 -6.010200000e+02 -3.2391e+00 +1.8288e+00 -3.1713e+00 -4.8717e+00 +4.8542e+00
337 +1.357037878e+01 +1.357037878e+01 -5.874496212e+02 -6.010200000e+02 +2.7957e+00 +4.1660e+00 -3.5447e+00 -4.3604e+00 +4.8316e+00
582 +9.250173823e+00 +9.250173823e+00 -5.917698262e+02 -6.010200000e+02 +2.7957e+00 +4.1660e+00 -4.8279e+00 -4.4071e+00 +4.8316e+00
831 +6.127175128e+00 +6.127175128e+00 -5.948928249e+02 -6.010200000e+02 +2.7957e+00 +4.4530e+00 -4.8279e+00 -4.8717e+00 +4.8316e+00
1253 +3.898771416e+00 +3.898771416e+00 -5.971212286e+02 -6.010200000e+02 +2.7957e+00 +4.4530e+00 -5.0748e+00 -4.8717e+00 +5.7343e+00
2197 +2.348316157e+00 +2.348316157e+00 -5.986716838e+02 -6.010200000e+02 +2.7957e+00 +4.9190e+00 -5.0748e+00 -5.2367e+00 +5.5648e+00
6030 +1.189135711e+00 +1.189135711e+00 -5.998308643e+02 -6.010200000e+02 +4.3044e+00 +5.1616e+00 -5.2740e+00 -4.9122e+00 +5.8248e+00
6125 +4.935304022e-01 +4.935304022e-01 -6.005264696e+02 -6.010200000e+02 +5.0580e+00 +5.4320e+00 -5.2740e+00 -4.9122e+00 +5.8248e+00
6224 +0.000000000e+00 +0.000000000e+00 -6.010200000e+02 -6.010200000e+02 +5.1054e+00 +5.1616e+00 -5.0132e+00 -5.4529e+00 +5.7971e+00
% function evaluation | noise-free fitness - Fopt (-1.000000000000e+03) | best noise-free fitness - Fopt | measured fitness | best measured fitness | x1 | x2...
1 +8.189221371e+01 +8.189221371e+01 -9.181077863e+02 -1.000000000e+03 -3.5461e+00 +3.6014e+00 +3.6993e+00 +1.0268e-01 +4.8154e+00
87 +3.475342689e+01 +3.475342689e+01 -9.652465731e+02 -1.000000000e+03 -4.2148e+00 -3.0717e+00 -4.6323e+00 -2.2349e+00 +4.4602e+00
267 +2.294695707e+01 +2.294695707e+01 -9.770530429e+02 -1.000000000e+03 +2.4185e+00 -2.4606e+00 -4.6323e+00 -3.1782e+00 +4.5558e+00
535 +1.510561381e+01 +1.510561381e+01 -9.848943862e+02 -1.000000000e+03 +1.8113e+00 -3.6990e+00 -4.6323e+00 -4.2890e+00 +4.5558e+00
979 +9.202434721e+00 +9.202434721e+00 -9.907975653e+02 -1.000000000e+03 +4.8152e+00 -4.2175e+00 -4.6323e+00 -3.8506e+00 +5.3397e+00
1235 +6.266748679e+00 +6.266748679e+00 -9.937332513e+02 -1.000000000e+03 +4.8152e+00 -4.8756e+00 -4.4111e+00 -4.2890e+00 +5.3397e+00
1584 +1.784667800e+00 +1.784667800e+00 -9.982153322e+02 -1.000000000e+03 +4.8152e+00 -4.3694e+00 -5.3698e+00 -4.9149e+00 +5.3397e+00
1669 +4.060349948e-01 +4.060349948e-01 -9.995939650e+02 -1.000000000e+03 +4.8152e+00 -4.8756e+00 -5.1459e+00 -5.5593e+00 +5.3397e+00
1937 +1.847989444e-01 +1.847989444e-01 -9.998152011e+02 -1.000000000e+03 +4.8152e+00 -5.0809e+00 -5.3698e+00 -5.3465e+00 +5.3397e+00
2211 +1.448086874e-03 +1.448086874e-03 -9.999985519e+02 -1.000000000e+03 +4.9986e+00 -5.4655e+00 -5.4161e+00 -5.5593e+00 +5.3397e+00
2636 +0.000000000e+00 +0.000000000e+00 -1.000000000e+03 -1.000000000e+03 +5.5387e+00 -5.4655e+00 -5.9515e+00 -5.0567e+00 +5.1671e+00
