% function evaluation | noise-free fitness - Fopt (-9.210000000000e+00) | best noise-free fitness - Fopt | measured fitness | best measured fitness | x1 | x2...
1 +2.662479896e+02 +2.662479896e+02 +2.570379896e+02 -9.210000000e+00 -2.9176e-01 -4.5155e+00 -1.2045e+00 +4.7255e+00 +4.3933e+00 +4.5805e-01 +4.8491e+00 +1.2614e+00 +9.6289e-01 +8.1947e-01 +2.9364e+00 -2.4448e+00 +4.7489e+00 +2.5436e+00 -4.7764e+00 -2.3019e+00 -5.4981e-01 +1.7375e+00 -4.4625e+00 +4.7593e-01
185 +2.061369735e+02 +2.061369735e+02 +1.969269735e+02 -9.210000000e+00 -4.3521e+00 -3.3408e+00 -3.0174e+00 -9.1028e-01 -2.1288e+00 +3.2046e+00 -1.0634e-01 +3.5739e+00 -6.2476e-01 -2.3787e+00 -3.5068e+00 -3.6074e+00 +3.7796e+00 +2.4166e+00 -3.9112e+00 +2.2790e+00 +2.1024e+00 +4.8087e+00 -4.9147e+00 +2.7008e+00
917 +1.577103976e+02 +1.577103976e+02 +1.485003976e+02 -9.210000000e+00 -3.7824e+00 +3.9100e+00 +4.3859e+00 -4.6206e+00 -1.6889e+00 +3.2046e+00 +2.5780e+00 +3.5739e+00 -6.2476e-01 -2.3787e+00 -2.1708e+00 -2.5445e+00 +2.4503e+00 +4.9380e+00 -1.1037e+00 -3.1667e+00 +4.1939e+00 +4.8087e+00 -4.9147e+00 +2.7008e+00
1846 +9.671310010e+01 +9.671310010e+01 +8.750310010e+01 -9.210000000e+00 +4.4478e+00 +3.9100e+00 +4.3859e+00 +3.5355e+00 -3.3714e+00 +1.8157e+00 -4.2198e+00 +3.7370e+00 +4.7587e+00 -2.3787e+00 -3.5068e+00 -3.6074e+00 +4.7575e+00 +2.4166e+00 -4.3889e+00 -4.9760e+00 +2.7598e+00 +4.4756e+00 -4.9147e+00 +4.4654e+00
3497 +5.179520767e+01 +5.179520767e+01 +4.258520767e+01 -9.210000000e+00 +4.4478e+00 +3.9100e+00 +4.3859e+00 +3.5355e+00 -1.4817e+00 +5.1190e+00 +4.4857e+00 +4.5213e+00 +4.6329e+00 -2.3787e+00 -2.1708e+00 -4.5765e+00 +3.9865e+00 +4.9380e+00 -4.3889e+00 -4.9760e+00 +3.7604e+00 +4.8087e+00 -4.9147e+00 +4.9648e+00
4427 +3.706519802e+01 +3.706519802e+01 +2.785519802e+01 -9.210000000e+00 +4.4478e+00 +3.9100e+00 +4.3859e+00 +3.5355e+00 -1.2999e+00 +3.7478e+00 +4.4857e+00 +3.1174e+00 +4.7022e+00 -3.0045e+00 -4.5439e+00 -5.4186e+00 +4.7575e+00 +5.5313e+00 -4.3889e+00 -4.9760e+00 +4.5335e+00 +4.8087e+00 -4.9147e+00 +4.9648e+00
5907 +2.226257603e+01 +2.226257603e+01 +1.305257603e+01 -9.210000000e+00 +4.6944e+00 +3.9100e+00 +4.3494e+00 +3.5355e+00 -4.1726e+00 +3.7478e+00 +4.4857e+00 +4.5213e+00 +5.6269e+00 -4.3450e+00 -4.9872e+00 -5.1539e+00 +4.1929e+00 +5.8581e+00 -4.2453e+00 -4.9760e+00 +5.1452e+00 +4.8087e+00 -4.9147e+00 +5.3562e+00
6457 +1.503164434e+01 +1.503164434e+01 +5.821644344e+00 -9.210000000e+00 +4.6944e+00 +3.9100e+00 +4.2060e+00 +3.8169e+00 -4.4266e+00 +5.1190e+00 +4.4857e+00 +4.5213e+00 +4.7022e+00 -4.7635e+00 -5.9103e+00 -5.1539e+00 +4.7575e+00 +5.4837e+00 -4.3889e+00 -4.9995e+00 +4.8501e+00 +5.1775e+00 -4.9147e+00 +4.9993e+00
7206 +9.787327364e+00 +9.787327364e+00 +5.773273639e-01 -9.210000000e+00 +4.4478e+00 +4.4610e+00 +4.3859e+00 +3.7462e+00 -4.4266e+00 +5.1190e+00 +4.5825e+00 +4.8831e+00 +5.0983e+00 -4.7635e+00 -5.9103e+00 -5.1539e+00 +4.7575e+00 +5.1834e+00 -4.9752e+00 -4.9516e+00 +4.8501e+00 +5.1437e+00 -4.9147e+00 +5.1949e+00
8862 +6.290180026e+00 +6.290180026e+00 -2.919819974e+00 -9.210000000e+00 +4.6944e+00 +3.9100e+00 +4.7053e+00 +3.8169e+00 -4.5970e+00 +5.1190e+00 +4.5825e+00 +5.8098e+00 +5.0983e+00 -4.7635e+00 -6.8010e+00 -5.1539e+00 +5.5898e+00 +4.9380e+00 -5.2947e+00 -4.9760e+00 +5.4604e+00 +5.1437e+00 -5.2724e+00 +4.9993e+00
17176 +3.444457634e+00 +3.444457634e+00 -5.765542366e+00 -9.210000000e+00 +4.7941e+00 +4.6827e+00 +4.6189e+00 +5.5295e+00 -4.6190e+00 +5.0423e+00 +4.5157e+00 +4.9565e+00 +5.6883e+00 -4.9213e+00 -5.0832e+00 -5.2093e+00 +6.0780e+00 +5.1098e+00 -5.5147e+00 -4.9288e+00 +5.0657e+00 +5.8461e+00 -5.9148e+00 +5.4967e+00
17928 +1.845252288e+00 +1.845252288e+00 -7.364747712e+00 -9.210000000e+00 +4.9530e+00 +4.6827e+00 +4.6189e+00 +5.5295e+00 -4.6190e+00 +5.0423e+00 +5.2798e+00 +4.9565e+00 +5.5675e+00 -4.9213e+00 -5.0832e+00 -6.1761e+00 +5.2501e+00 +5.0794e+00 -5.3671e+00 -5.0503e+00 +5.0657e+00 +5.8461e+00 -6.1139e+00 +6.0080e+00
18290 +1.546979635e+00 +1.546979635e+00 -7.663020365e+00 -9.210000000e+00 +4.6642e+00 +4.6827e+00 +5.6042e+00 +5.5295e+00 -4.6190e+00 +5.0423e+00 +5.2798e+00 +5.1932e+00 +5.6883e+00 -4.9213e+00 -5.0891e+00 -5.2093e+00 +6.1782e+00 +5.1098e+00 -5.3671e+00 -5.0139e+00 +5.0823e+00 +5.8461e+00 -5.9148e+00 +6.0080e+00
78793 +9.572709868e-01 +9.572709868e-01 -8.252729013e+00 -9.210000000e+00 +4.9340e+00 +5.0936e+00 +4.6926e+00 +4.7191e+00 -5.2753e+00 +5.5278e+00 +5.9929e+00 +5.5533e+00 +5.0439e+00 -5.3437e+00 -5.1504e+00 -5.0273e+00 +4.9777e+00 +6.2814e+00 -5.0312e+00 -5.4007e+00 +5.2103e+00 +5.4294e+00 -5.6970e+00 +5.4032e+00
79311 +4.577458663e-01 +4.577458663e-01 -8.752254134e+00 -9.210000000e+00 +4.9340e+00 +5.2600e+00 +4.6926e+00 +6.1115e+00 -5.2023e+00 +5.5278e+00 +5.9929e+00 +5.0692e+00 +5.0439e+00 -5.3437e+00 -5.1504e+00 -5.0273e+00 +5.1611e+00 +5.2551e+00 -5.3376e+00 -5.2394e+00 +5.2103e+00 +5.9337e+00 -5.6558e+00 +5.4032e+00
79663 +3.917442694e-01 +3.917442694e-01 -8.818255731e+00 -9.210000000e+00 +5.1873e+00 +5.1528e+00 +4.6926e+00 +6.1115e+00 -5.2023e+00 +5.5278e+00 +5.3259e+00 +5.5533e+00 +5.0439e+00 -5.3672e+00 -5.3804e+00 -5.5013e+00 +5.5566e+00 +5.9083e+00 -5.3376e+00 -5.3829e+00 +5.7881e+00 +5.9337e+00 -5.6970e+00 +5.4032e+00
80194 +1.329030040e-01 +1.329030040e-01 -9.077096996e+00 -9.210000000e+00 +4.9340e+00 +5.2600e+00 +5.1364e+00 +5.9198e+00 -5.6632e+00 +6.6141e+00 +5.9929e+00 +5.0692e+00 +4.9746e+00 -5.3437e+00 -5.1504e+00 -5.5013e+00 +5.3169e+00 +6.2814e+00 -5.0312e+00 -5.2394e+00 +5.2103e+00 +5.0606e+00 -6.5294e+00 +5.3736e+00
80386 +6.600159686e-02 +6.600159686e-02 -9.143998403e+00 -9.210000000e+00 +4.9340e+00 +5.2600e+00 +5.1364e+00 +5.9198e+00 -5.8432e+00 +6.1852e+00 +5.9929e+00 +5.1271e+00 +5.0439e+00 -5.3437e+00 -5.1504e+00 -5.5013e+00 +5.3169e+00 +6.2814e+00 -5.0312e+00 -5.2394e+00 +5.2103e+00 +5.0606e+00 -6.5294e+00 +5.3736e+00
80552 +2.131628207e-14 +2.131628207e-14 -9.210000000e+00 -9.210000000e+00 +5.0958e+00 +5.2600e+00 +5.1364e+00 +5.3944e+00 -5.2023e+00 +5.5278e+00 +5.9929e+00 +6.1593e+00 +5.7347e+00 -5.2850e+00 -5.0862e+00 -5.0273e+00 +5.6090e+00 +5.8864e+00 -5.0312e+00 -5.0041e+00 +5.1036e+00 +5.0606e+00 -5.8907e+00 +5.3794e+00
% function evaluation | noise-free fitness - Fopt (6.559900000000e+02) | best noise-free fitness - Fopt | measured fitness | best measured fitness | x1 | x2...
1 +4.337309597e+02 +4.337309597e+02 +1.089720960e+03 +6.559900000e+02 +4.0487e+00 +2.7507e+00 +4.8007e+00 +4.5820e+00 -2.8238e+00 +1.7949e+00 +6.3388e-01 -4.9245e+00 +2.9678e+00 +1.5977e+00 +4.7427e+00 +3.6702e-01 -3.1810e+00 +4.2199e+00 -9.7364e-02 +4.9289e+00 -8.5461e-01 -2.3814e+00 -2.9434e+00 -2.3465e+00
188 +2.338066242e+02 +2.338066242e+02 +8.897966242e+02 +6.559900000e+02 -4.7094e+00 -4.4476e+00 +2.1285e+00 -2.1475e+00 +2.1985e+00 -2.3012e+00 -2.2382e+00 +4.0218e+00 -2.9461e+00 +7.4972e-01 +4.4305e+00 -4.1328e+00 +1.6312e+00 -2.2343e+00 +4.1119e+00 +3.3177e+00 -3.2451e+00 -4.7465e+00 -8.9027e-01 +3.8969e+00
1145 +1.558173725e+02 +1.558173725e+02 +8.118073725e+02 +6.559900000e+02 +5.3085e-01 -1.8865e+00 -3.9517e+00 -1.3750e+00 -3.7030e+00 -2.6337e+00 -2.2018e+00 -1.5491e+00 -2.1560e+00 -4.9048e+00 -9.5823e-01 +4.6293e+00 +4.7047e+00 -3.5655e+00 +4.6534e+00 +4.8873e+00 +1.0145e+00 -4.2332e+00 +3.4177e+00 +4.2038e+00
2687 +9.426259788e+01 +9.426259788e+01 +7.502525979e+02 +6.559900000e+02 +2.4129e+00 -3.7864e+00 -4.4884e+00 +3.3074e+00 -4.0725e+00 -2.7645e+00 -2.2018e+00 -1.5491e+00 -2.1560e+00 -4.9048e+00 +4.4305e+00 +4.6293e+00 +4.7047e+00 -3.5655e+00 +4.6534e+00 +4.9704e+00 -4.9269e+00 -4.2332e+00 +3.4177e+00 +3.1386e+00
3466 +6.143604432e+01 +6.143604432e+01 +7.174260443e+02 +6.559900000e+02 +1.9049e+00 -3.1899e+00 -1.4981e+00 +4.4085e+00 -4.2403e+00 -2.7531e+00 -2.2018e+00 +5.2782e+00 -3.4458e+00 -4.9048e+00 +4.3000e+00 +4.6293e+00 +4.7047e+00 -3.9136e+00 +3.2912e+00 +4.8873e+00 -4.4789e+00 -4.2332e+00 +4.4956e+00 +4.8937e+00
4617 +3.829158537e+01 +3.829158537e+01 +6.942815854e+02 +6.559900000e+02 +2.4129e+00 -3.7864e+00 -4.4884e+00 +3.3074e+00 -4.0725e+00 -4.9159e+00 -3.5933e+00 +5.2782e+00 -3.4458e+00 -5.3393e+00 +4.3000e+00 +4.6293e+00 +3.6617e+00 -3.8716e+00 +4.5662e+00 +4.9704e+00 -4.9269e+00 -5.1208e+00 +4.4830e+00 +5.1490e+00
6360 +2.283558131e+01 +2.283558131e+01 +6.788255813e+02 +6.559900000e+02 +2.2505e+00 -3.7864e+00 -3.9517e+00 +4.4085e+00 -4.2403e+00 -4.9159e+00 -4.8937e+00 +5.2782e+00 -3.4458e+00 -4.9048e+00 +4.3000e+00 +5.4492e+00 +4.7047e+00 -3.9136e+00 +5.2495e+00 +4.9704e+00 -4.9269e+00 -5.1208e+00 +5.1651e+00 +4.9017e+00
7905 +1.411446339e+01 +1.411446339e+01 +6.701044634e+02 +6.559900000e+02 +2.2505e+00 -3.7864e+00 -4.6596e+00 +4.4085e+00 -4.3747e+00 -4.9159e+00 -4.8937e+00 +5.2782e+00 -3.8210e+00 -4.9048e+00 +4.4305e+00 +5.4492e+00 +4.9202e+00 -5.1149e+00 +5.2495e+00 +4.9704e+00 -4.9269e+00 -5.1208e+00 +5.1651e+00 +4.9017e+00
9061 +9.450520951e+00 +9.450520951e+00 +6.654405210e+02 +6.559900000e+02 +1.9049e+00 -5.1139e+00 -4.4884e+00 +4.4085e+00 -4.0725e+00 -5.1529e+00 -4.8937e+00 +4.8838e+00 -4.1542e+00 -4.9048e+00 +5.2583e+00 +5.4492e+00 +4.9202e+00 -5.1149e+00 +5.2495e+00 +5.0305e+00 -5.2567e+00 -5.1208e+00 +5.1651e+00 +5.1818e+00
17083 +5.189163670e+00 +5.189163670e+00 +6.611791637e+02 +6.559900000e+02 +4.6764e+00 -5.4953e+00 -4.6164e+00 +2.8912e+00 -5.4024e+00 -5.8608e+00 -4.9036e+00 +5.1435e+00 -4.7305e+00 -5.0561e+00 +5.0979e+00 +5.0457e+00 +5.1366e+00 -4.9867e+00 +5.0379e+00 +5.2958e+00 -5.1410e+00 -4.9529e+00 +5.0749e+00 +5.1362e+00
17626 +2.408351054e+00 +2.408351054e+00 +6.583983511e+02 +6.559900000e+02 +5.8571e+00 -6.0867e+00 -4.8869e+00 +5.2631e+00 -5.4024e+00 -6.0456e+00 -5.2034e+00 +4.5256e+00 -4.8146e+00 -4.7973e+00 +5.2788e+00 +5.0457e+00 +5.1366e+00 -4.9867e+00 +5.0379e+00 +6.2622e+00 -5.7822e+00 -5.2497e+00 +5.0749e+00 +5.1362e+00
18528 +9.187067564e-01 +9.187067564e-01 +6.569087068e+02 +6.559900000e+02 +4.5657e+00 -5.4666e+00 -4.6702e+00 +5.4170e+00 -5.4024e+00 -5.5794e+00 -5.3983e+00 +5.1435e+00 -5.0528e+00 -5.0561e+00 +6.1098e+00 +5.0810e+00 +5.1366e+00 -4.9867e+00 +5.0379e+00 +6.2622e+00 -6.5782e+00 -5.2497e+00 +5.0749e+00 +5.0906e+00
18709 +5.524651119e-01 +5.524651119e-01 +6.565424651e+02 +6.559900000e+02 +4.5657e+00 -4.9521e+00 -5.3145e+00 +6.5940e+00 -5.4024e+00 -5.5794e+00 -5.3983e+00 +5.1435e+00 -5.0528e+00 -5.0561e+00 +6.1098e+00 +5.0810e+00 +5.1366e+00 -4.9867e+00 +5.0379e+00 +6.2622e+00 -6.5782e+00 -5.2497e+00 +5.0749e+00 +5.0906e+00
77201 +2.731158689e-01 +2.731158689e-01 +6.562631159e+02 +6.559900000e+02 +5.2361e+00 -4.9771e+00 -6.0544e+00 +5.4378e+00 -4.8477e+00 -5.2309e+00 -5.0973e+00 +5.4740e+00 -6.2477e+00 -5.4943e+00 +5.7073e+00 +5.6978e+00 +5.4288e+00 -5.0657e+00 +5.3864e+00 +5.1313e+00 -5.3344e+00 -5.2227e+00 +6.2174e+00 +5.0838e+00
77392 +1.427329587e-01 +1.427329587e-01 +6.561327330e+02 +6.559900000e+02 +5.2361e+00 -5.3605e+00 -5.0570e+00 +5.3247e+00 -4.9121e+00 -5.2309e+00 -5.0973e+00 +5.4740e+00 -6.2477e+00 -5.4943e+00 +5.7073e+00 +5.6978e+00 +5.4288e+00 -5.0657e+00 +5.4873e+00 +5.3354e+00 -6.4721e+00 -5.2227e+00 +7.0158e+00 +5.6882e+00
77582 +4.976701951e-02 +4.976701951e-02 +6.560397670e+02 +6.559900000e+02 +5.7915e+00 -5.7287e+00 -5.0982e+00 +5.6199e+00 -5.0084e+00 -5.2309e+00 -5.0973e+00 +6.7316e+00 -5.0917e+00 -5.4489e+00 +5.3186e+00 +4.9942e+00 +5.1092e+00 -5.0386e+00 +5.2890e+00 +4.9955e+00 -5.3344e+00 -5.2227e+00 +6.2174e+00 +5.6299e+00
77961 +2.182133204e-02 +2.182133204e-02 +6.560118213e+02 +6.559900000e+02 +5.2361e+00 -5.3605e+00 -5.0982e+00 +5.4327e+00 -5.0084e+00 -6.0046e+00 -5.0073e+00 +5.6157e+00 -5.3367e+00 -5.4943e+00 +5.7073e+00 +4.9942e+00 +5.4288e+00 -5.2778e+00 +5.4873e+00 +5.6675e+00 -5.3344e+00 -6.1785e+00 +5.4956e+00 +6.0151e+00
78152 +0.000000000e+00 +0.000000000e+00 +6.559900000e+02 +6.559900000e+02 +5.1968e+00 -5.3591e+00 -5.3840e+00 +5.2066e+00 -5.2600e+00 -5.2486e+00 -5.5696e+00 +6.1047e+00 -5.5405e+00 -7.0505e+00 +5.0111e+00 +5.9907e+00 +5.4288e+00 -5.7346e+00 +5.8388e+00 +5.2369e+00 -5.3344e+00 -5.2227e+00 +7.3636e+00 +5.9170e+00
% function evaluation | noise-free fitness - Fopt (6.671000000000e+01) | best noise-free fitness - Fopt | measured fitness | best measured fitness | x1 | x2...
1 +3.972231812e+02 +3.972231812e+02 +4.639331812e+02 +6.671000000e+01 +4.4756e-01 -5.5236e-01 -1.7326e+00 -2.7672e+00 -3.3071e+00 +1.4369e+00 -1.7207e+00 +9.8766e-01 -4.7856e+00 -2.7143e+00 -3.9182e+00 -2.5982e+00 -2.9885e+00 -2.5963e+00 +2.0313e+00 -3.0056e+00 -2.8959e+00 +9.6538e-01 +4.0221e+00 -3.1758e+00
179 +2.562884923e+02 +2.562884923e+02 +3.229984923e+02 +6.671000000e+01 +1.4511e+00 -2.8631e+00 -1.1425e-01 +3.8773e+00 -4.6367e+00 -1.7155e+00 -6.0303e-01 +3.5295e+00 -1.8225e+00 +2.4229e+00 -3.3768e+00 -3.8878e+00 +4.0353e+00 -2.8841e+00 +2.8758e+00 +4.8671e+00 +4.6236e-01 -3.4428e+00 -3.0192e+00 -2.4471e+00
366 +2.442405709e+02 +2.442405709e+02 +3.109505709e+02 +6.671000000e+01 +1.4511e+00 -2.8631e+00 -1.1425e-01 +3.8773e+00 -4.6367e+00 -1.7155e+00 -6.0303e-01 -4.9944e+00 -2.8341e+00 +2.5849e+00 -8.1624e-01 -4.9137e+00 +4.0353e+00 -2.8841e+00 +2.8758e+00 +4.8671e+00 +4.6236e-01 -3.4428e+00 -3.0192e+00 -2.4471e+00
1099 +1.539056088e+02 +1.539056088e+02 +2.206156088e+02 +6.671000000e+01 -4.0937e+00 -2.5295e+00 -4.3560e+00 +1.9146e+00 -2.0538e+00 +1.9034e+00 +3.4908e+00 +3.1733e+00 +1.1419e-01 -4.0958e+00 +4.2977e+00 -4.5998e+00 +5.1270e+00 +5.4079e+00 +3.3648e+00 +4.7029e+00 -2.0558e+00 -3.3343e+00 -4.4605e+00 -4.9566e+00
2202 +8.807001710e+01 +8.807001710e+01 +1.547800171e+02 +6.671000000e+01 +1.0554e+00 -8.6831e-01 -1.1544e+00 +4.4461e+00 -2.3793e+00 +4.8039e+00 -4.3513e-01 -2.3767e+00 +4.7491e-01 -4.8915e+00 -3.7159e+00 -5.1652e+00 +3.2213e+00 +4.8126e+00 +2.8758e+00 +4.8671e+00 -4.2587e+00 -4.5528e+00 -4.9650e+00 -4.5004e+00
3314 +6.082402627e+01 +6.082402627e+01 +1.275340263e+02 +6.671000000e+01 -3.5717e+00 -3.7703e+00 -3.8525e+00 +4.4461e+00 -2.3793e+00 +4.8039e+00 -6.6614e-01 -4.8817e+00 -6.4668e-01 -4.8915e+00 -4.8950e+00 -4.5998e+00 +5.1270e+00 +5.4079e+00 +3.3648e+00 +4.6886e+00 -4.2587e+00 -4.5528e+00 -4.9650e+00 -4.5004e+00
4251 +3.847707915e+01 +3.847707915e+01 +1.051870792e+02 +6.671000000e+01 -3.5717e+00 -8.2553e-01 -4.2222e+00 +4.4461e+00 +1.0042e+00 +5.3302e+00 -4.2155e+00 -4.8817e+00 +4.5623e+00 -4.9226e+00 -4.8950e+00 -4.5998e+00 +5.1270e+00 +5.4079e+00 +3.9498e+00 +4.8671e+00 -4.2587e+00 -4.5528e+00 -5.0496e+00 -4.9566e+00
5518 +2.220649965e+01 +2.220649965e+01 +8.891649965e+01 +6.671000000e+01 -3.5717e+00 -8.2553e-01 -4.1865e+00 +4.4461e+00 -4.6367e+00 +4.8039e+00 -4.9402e+00 -5.5794e+00 +4.5623e+00 -4.1863e+00 -4.8950e+00 -5.1033e+00 +5.1270e+00 +5.4079e+00 +3.3648e+00 +5.3291e+00 -5.0238e+00 -5.0025e+00 -4.9650e+00 -5.8808e+00
6252 +1.358352562e+01 +1.358352562e+01 +8.029352562e+01 +6.671000000e+01 -4.2024e+00 -2.9306e+00 -4.7382e+00 +4.4461e+00 -4.6367e+00 +5.3302e+00 -4.2155e+00 -4.9637e+00 +4.9606e+00 -5.0190e+00 -4.8950e+00 -5.1033e+00 +4.9001e+00 +5.4079e+00 +4.7647e+00 +5.3725e+00 -4.9892e+00 -4.5528e+00 -4.9650e+00 -4.9041e+00
7151 +9.315805085e+00 +9.315805085e+00 +7.602580509e+01 +6.671000000e+01 -3.5717e+00 -1.6587e+00 -4.7385e+00 +4.4461e+00 -4.8423e+00 +4.8039e+00 -4.9926e+00 -4.8817e+00 +4.9614e+00 -4.8915e+00 -4.8950e+00 -5.1652e+00 +5.2829e+00 +4.9304e+00 +5.1650e+00 +5.4262e+00 -4.9058e+00 -5.0943e+00 -4.9650e+00 -5.8808e+00
7859 +6.130020479e+00 +6.130020479e+00 +7.284002048e+01 +6.671000000e+01 -3.3162e+00 -3.9016e+00 -4.2222e+00 +4.9207e+00 -4.8423e+00 +4.8039e+00 -4.9926e+00 -4.8817e+00 +4.9614e+00 -4.8973e+00 -4.8950e+00 -5.1033e+00 +5.2829e+00 +5.4079e+00 +5.1650e+00 +5.4262e+00 -5.2658e+00 -5.0496e+00 -5.0496e+00 -4.9566e+00
9159 +3.668987554e+00 +3.668987554e+00 +7.037898755e+01 +6.671000000e+01 -4.4914e+00 -3.9016e+00 -4.2222e+00 +4.9207e+00 -4.6367e+00 +5.3302e+00 -4.9402e+00 -5.3601e+00 +4.9614e+00 -5.4224e+00 -5.7728e+00 -5.1652e+00 +5.2829e+00 +5.0390e+00 +5.1650e+00 +5.4262e+00 -5.0543e+00 -5.0943e+00 -5.6111e+00 -5.4066e+00
72500 +2.420869129e+00 +2.420869129e+00 +6.913086913e+01 +6.671000000e+01 -4.8043e+00 -4.6120e+00 -4.7385e+00 +4.9207e+00 -5.6175e+00 +4.8039e+00 -4.9402e+00 -4.8817e+00 +4.9614e+00 -4.8391e+00 -5.7728e+00 -5.1652e+00 +5.2829e+00 +5.4737e+00 +5.1650e+00 +5.4262e+00 -5.0238e+00 -5.6159e+00 -5.6111e+00 -5.4066e+00
73099 +1.443072413e+00 +1.443072413e+00 +6.815307241e+01 +6.671000000e+01 -4.4608e+00 -4.6120e+00 -4.9855e+00 +4.8491e+00 -5.2113e+00 +5.2362e+00 -5.1074e+00 -5.9123e+00 +5.2593e+00 -4.9226e+00 -5.7728e+00 -5.8796e+00 +5.3183e+00 +5.4079e+00 +5.1650e+00 +5.0998e+00 -5.0238e+00 -5.2418e+00 -5.6111e+00 -5.4066e+00
73697 +9.523108443e-01 +9.523108443e-01 +6.766231084e+01 +6.671000000e+01 -4.9106e+00 -5.4109e+00 -4.7385e+00 +4.9207e+00 -5.2113e+00 +5.2362e+00 -4.9402e+00 -5.3601e+00 +4.9614e+00 -5.4224e+00 -5.7728e+00 -5.7450e+00 +5.3183e+00 +4.9607e+00 +5.7443e+00 +5.0998e+00 -5.0238e+00 -5.3577e+00 -5.6111e+00 -5.6976e+00
74496 +5.553132423e-01 +5.553132423e-01 +6.726531324e+01 +6.671000000e+01 -4.9106e+00 -5.4109e+00 -4.9855e+00 +4.8491e+00 -5.2113e+00 +5.2362e+00 -5.1074e+00 -5.3601e+00 +5.1362e+00 -4.9226e+00 -5.7728e+00 -5.7450e+00 +5.3183e+00 +6.0012e+00 +5.1650e+00 +5.0998e+00 -5.0238e+00 -5.2418e+00 -5.6111e+00 -5.6976e+00
75096 +2.220031086e-01 +2.220031086e-01 +6.693200311e+01 +6.671000000e+01 -4.9106e+00 -5.4109e+00 -4.9855e+00 +4.9207e+00 -5.2113e+00 +5.2362e+00 -5.1074e+00 -5.0318e+00 +5.1362e+00 -5.2538e+00 -6.1149e+00 -5.7450e+00 +5.3183e+00 +5.4737e+00 +5.1650e+00 +5.4262e+00 -5.0238e+00 -5.3577e+00 -5.6111e+00 -5.6976e+00
75296 +1.141248527e-01 +1.141248527e-01 +6.682412485e+01 +6.671000000e+01 -5.1763e+00 -5.2161e+00 -5.4368e+00 +4.9207e+00 -5.3960e+00 +5.2362e+00 -5.1074e+00 -5.3601e+00 +5.1039e+00 -5.7326e+00 -5.7728e+00 -5.1652e+00 +5.2829e+00 +6.0012e+00 +5.1650e+00 +5.0998e+00 -5.0238e+00 -5.2418e+00 -5.6111e+00 -5.6976e+00
75894 +1.843186125e-02 +1.843186125e-02 +6.672843186e+01 +6.671000000e+01 -5.1763e+00 -5.4109e+00 -4.9855e+00 +5.0208e+00 -5.2113e+00 +5.2362e+00 -5.1074e+00 -5.3601e+00 +5.1039e+00 -5.4224e+00 -5.3568e+00 -5.2819e+00 +5.3183e+00 +5.2115e+00 +5.1650e+00 +5.0998e+00 -5.0238e+00 -5.3577e+00 -5.2969e+00 -5.6976e+00
76494 -1.421085472e-14 -1.421085472e-14 +6.671000000e+01 +6.671000000e+01 -5.1763e+00 -5.4109e+00 -5.9890e+00 +5.0208e+00 -5.2113e+00 +5.4935e+00 -5.1074e+00 -5.6817e+00 +5.1039e+00 -5.7401e+00 -5.7728e+00 -5.7450e+00 +5.3383e+00 +6.0012e+00 +5.2815e+00 +5.0998e+00 -5.0238e+00 -5.3577e+00 -5.6111e+00 -5.6976e+00
% function evaluation | noise-free fitness - Fopt (9.416700000000e+02) | best noise-free fitness - Fopt | measured fitness | best measured fitness | x1 | x2...
1 +2.890613696e+02 +2.890613696e+02 +1.230731370e+03 +9.416700000e+02 +4.8723e+00 -3.3544e+00 -1.2048e+00 +4.2648e-01 -2.7735e+00 -1.4989e+00 -1.4921e+00 +4.5339e-01 -4.9091e+00 -2.0730e+00 +3.1527e+00 +3.5189e+00 +6.5102e-01 -2.5606e+00 +3.9131e+00 -2.9128e+00 -2.4279e+00 +2.2877e+00 +1.1369e+00 +2.7877e+00
199 +2.268935554e+02 +2.268935554e+02 +1.168563555e+03 +9.416700000e+02 -4.2925e+00 -3.1991e+00 -2.6571e+00 +3.4839e-01 -5.8517e-02 -1.4479e+00 +3.5067e+00 +2.2566e+00 +3.1250e+00 +4.9045e+00 +3.0331e+00 +4.7815e+00 -4.0935e+00 -8.8128e-01 +3.6138e+00 -2.2031e+00 -1.8706e+00 +3.6582e+00 +4.1170e+00 +4.9059e+00
979 +1.580818227e+02 +1.580818227e+02 +1.099751823e+03 +9.416700000e+02 -1.0069e+00 -4.9933e+00 +2.2027e+00 +7.4165e-01 +1.6272e+00 -4.5038e+00 -4.1211e+00 -2.5002e+00 +3.2444e+00 -5.4167e-01 +5.8021e-01 +2.8262e+00 -1.6108e+00 -4.1514e+00 +7.5805e-01 +2.9959e+00 -3.5951e+00 +3.6582e+00 +4.1170e+00 +4.8145e+00
2157 +9.242365897e+01 +9.242365897e+01 +1.034093659e+03 +9.416700000e+02 -4.2925e+00 -3.3099e+00 +4.4332e+00 +1.9901e+00 -2.4742e+00 -4.3716e+00 -1.1483e+00 -4.2672e+00 +4.8251e+00 -4.2873e+00 +3.4545e+00 +3.6221e+00 -3.5124e+00 -4.4042e+00 +4.8711e+00 +1.1389e+00 -5.2743e+00 +3.4492e+00 +4.1170e+00 +4.6901e+00
3325 +6.158059715e+01 +6.158059715e+01 +1.003250597e+03 +9.416700000e+02 -3.8721e+00 -3.3099e+00 +2.2697e+00 +5.1727e+00 +4.9393e-02 -3.2218e+00 -4.3269e+00 -5.7140e+00 +1.9428e+00 -4.5066e+00 +4.3601e+00 +3.2211e+00 -3.9474e+00 -4.6912e+00 +4.1916e+00 +4.0886e+00 -5.7616e+00 +4.5744e+00 +4.5004e+00 +5.1930e+00
4112 +3.845261908e+01 +3.845261908e+01 +9.801226191e+02 +9.416700000e+02 -3.8721e+00 -3.3099e+00 +2.5633e+00 +4.7068e+00 -4.2880e+00 -4.9281e+00 -4.9316e+00 -4.3948e+00 +4.8251e+00 -4.4371e+00 +4.5129e+00 +4.2929e+00 -3.9474e+00 -4.9388e+00 +4.1916e+00 +4.0886e+00 -5.7616e+00 +4.5744e+00 +4.5004e+00 +5.1930e+00
5295 +2.491604114e+01 +2.491604114e+01 +9.665860411e+02 +9.416700000e+02 -3.8721e+00 -3.6175e+00 +4.3806e+00 +4.6619e+00 -3.6119e+00 -4.6683e+00 -4.7827e+00 -3.8012e+00 +4.8251e+00 -5.1569e+00 +4.5129e+00 +4.2929e+00 -5.1205e+00 -5.5049e+00 +4.8711e+00 +4.9530e+00 -4.3424e+00 +6.1691e+00 +4.5004e+00 +4.9930e+00
6472 +1.443147138e+01 +1.443147138e+01 +9.561014714e+02 +9.416700000e+02 -4.2925e+00 -3.3099e+00 +4.4332e+00 +4.6619e+00 -3.6119e+00 -4.9281e+00 -5.8282e+00 -4.4377e+00 +4.8172e+00 -5.2855e+00 +4.3296e+00 +4.2929e+00 -5.1205e+00 -4.6912e+00 +5.1088e+00 +5.1664e+00 -6.1070e+00 +5.7792e+00 +5.2543e+00 +5.4899e+00
7253 +7.995749212e+00 +7.995749212e+00 +9.496657492e+02 +9.416700000e+02 -4.7413e+00 -4.8961e+00 +4.8556e+00 +4.5632e+00 -4.5598e+00 -5.8482e+00 -4.5975e+00 -4.3948e+00 +4.8251e+00 -5.9370e+00 +5.0330e+00 +4.2929e+00 -5.1205e+00 -5.2319e+00 +4.8711e+00 +5.8523e+00 -7.6488e+00 +5.1095e+00 +5.2386e+00 +5.1930e+00
8235 +5.881122790e+00 +5.881122790e+00 +9.475511228e+02 +9.416700000e+02 -4.7413e+00 -4.8961e+00 +4.8556e+00 +4.5632e+00 -4.5598e+00 -4.9281e+00 -5.0907e+00 -5.7140e+00 +4.8251e+00 -5.0196e+00 +5.0330e+00 +4.2929e+00 -5.1205e+00 -5.2319e+00 +4.8711e+00 +6.2829e+00 -7.6488e+00 +5.1095e+00 +5.2386e+00 +5.2136e+00
8433 +3.636290476e+00 +3.636290476e+00 +9.453062905e+02 +9.416700000e+02 -4.4391e+00 -4.8961e+00 +4.8556e+00 +4.8658e+00 -5.1590e+00 -4.9281e+00 -5.0907e+00 -4.4377e+00 +4.8359e+00 -5.2855e+00 +5.0330e+00 +5.2457e+00 -5.1205e+00 -5.1531e+00 +4.8711e+00 +5.1791e+00 -5.6579e+00 +5.1095e+00 +5.2386e+00 +5.4899e+00
9607 +1.937819227e+00 +1.937819227e+00 +9.436078192e+02 +9.416700000e+02 -4.4681e+00 -4.4738e+00 +4.8556e+00 +4.6619e+00 -5.1590e+00 -5.3582e+00 -4.9316e+00 -5.6089e+00 +5.5857e+00 -5.6170e+00 +5.0330e+00 +5.2457e+00 -5.4157e+00 -5.0081e+00 +5.0549e+00 +5.8689e+00 -7.4630e+00 +5.4205e+00 +5.3151e+00 +5.1930e+00
9807 +4.428245767e-01 +4.428245767e-01 +9.421128246e+02 +9.416700000e+02 -5.6454e+00 -4.8961e+00 +4.8556e+00 +5.0522e+00 -5.4779e+00 -5.5514e+00 -4.9316e+00 -5.9271e+00 +5.5857e+00 -5.0196e+00 +5.0330e+00 +5.2457e+00 -5.7454e+00 -5.1749e+00 +6.0635e+00 +5.1791e+00 -7.6488e+00 +5.1095e+00 +5.2386e+00 +5.1930e+00
77379 +2.016057995e-01 +2.016057995e-01 +9.418716058e+02 +9.416700000e+02 -4.9090e+00 -4.9020e+00 +5.2068e+00 +5.0627e+00 -5.0918e+00 -5.1318e+00 -5.0631e+00 -5.1937e+00 +5.4504e+00 -5.2594e+00 +5.4203e+00 +5.6187e+00 -5.1013e+00 -5.2768e+00 +5.7362e+00 +6.3518e+00 -5.4868e+00 +5.2042e+00 +5.1672e+00 +5.3069e+00
77571 +8.196070964e-02 +8.196070964e-02 +9.417519607e+02 +9.416700000e+02 -5.3875e+00 -5.1813e+00 +5.2068e+00 +5.0627e+00 -5.0918e+00 -5.1318e+00 -5.1573e+00 -5.1937e+00 +4.9984e+00 -5.1188e+00 +5.1749e+00 +5.0462e+00 -5.1013e+00 -5.1716e+00 +5.3191e+00 +5.7502e+00 -5.2731e+00 +4.9901e+00 +5.1672e+00 +6.5367e+00
77956 +4.143383931e-03 +4.143383931e-03 +9.416741434e+02 +9.416700000e+02 -5.3875e+00 -5.1813e+00 +5.2068e+00 +5.0627e+00 -5.1133e+00 -5.1318e+00 -5.0631e+00 -5.1937e+00 +4.9984e+00 -5.3208e+00 +5.1749e+00 +5.1117e+00 -5.1013e+00 -5.2768e+00 +5.7362e+00 +6.3518e+00 -6.1864e+00 +6.5011e+00 +5.1672e+00 +5.3069e+00
78145 +1.136868377e-13 +1.136868377e-13 +9.416700000e+02 +9.416700000e+02 -5.7423e+00 -5.1848e+00 +5.2068e+00 +6.1022e+00 -5.1077e+00 -5.1318e+00 -5.0631e+00 -5.1937e+00 +5.4504e+00 -5.2594e+00 +7.0557e+00 +5.6187e+00 -5.1013e+00 -5.2768e+00 +5.7362e+00 +6.3518e+00 -5.4868e+00 +5.2042e+00 +5.1672e+00 +6.5367e+00
% function evaluation | noise-free fitness - Fopt (-3.745000000000e+01) | best noise-free fitness - Fopt | measured fitness | best measured fitness | x1 | x2...
1 +4.045896837e+02 +4.045896837e+02 +3.671396837e+02 -3.745000000e+01 -7.7771e-01 +3.0011e+00 +7.6030e-01 -1.6591e+00 +2.9925e+00 +3.0002e+00 -3.9917e+00 -1.6358e+00 -4.6156e+00 +2.7666e+00 -2.1668e+00 -5.4251e-01 -3.9657e+00 +3.8284e+00 +4.9151e+00 -2.4441e+00 +2.9284e-01 +4.4054e+00 -4.3620e+00 -1.6585e-01
190 +1.862075135e+02 +1.862075135e+02 +1.487575135e+02 -3.745000000e+01 +1.1265e+00 -3.0016e+00 +3.5269e+00 +1.4009e+00 +9.6121e-01 +9.7551e-01 -5.0339e-01 +4.7970e-01 +1.3003e+00 +4.0153e+00 +3.3555e+00 +1.6993e+00 -3.8078e+00 -4.6527e+00 +3.6412e+00 +3.2908e+00 -3.7580e+00 +4.5147e+00 +4.6964e+00 +3.9002e-02
952 +1.359896858e+02 +1.359896858e+02 +9.853968583e+01 -3.745000000e+01 +3.5499e+00 -3.8433e-01 +2.2615e+00 -1.7604e+00 +2.9019e+00 +1.5044e+00 +1.2220e+00 +9.4585e-01 +3.7902e+00 +4.9351e+00 +3.9459e+00 +3.4794e+00 -2.7810e+00 -4.1753e+00 +3.2099e+00 +4.9480e+00 -3.0973e+00 +4.6285e+00 +2.2968e+00 -4.6986e+00
1718 +9.995143264e+01 +9.995143264e+01 +6.250143264e+01 -3.745000000e+01 +4.8187e+00 +4.0673e+00 -2.3710e-01 -1.7604e+00 +6.1199e-01 +3.4569e+00 -1.4345e+00 -3.3463e+00 +4.7741e+00 +8.6049e-01 +4.1177e+00 +4.6638e+00 -2.4471e+00 -4.5841e+00 +2.8018e+00 +4.9480e+00 -3.7580e+00 +4.5147e+00 +4.6964e+00 -4.9275e+00
3064 +6.159592599e+01 +6.159592599e+01 +2.414592599e+01 -3.745000000e+01 +1.1265e+00 -3.8433e-01 +2.2615e+00 -4.2605e+00 -2.8837e+00 +3.7911e+00 +4.3557e+00 -3.7023e+00 +3.7715e+00 +4.2691e+00 +4.6345e+00 +4.6638e+00 -2.4471e+00 -5.2994e+00 +4.6245e+00 +4.9480e+00 -3.7580e+00 +4.5147e+00 +4.6964e+00 -4.9275e+00
4400 +3.917735647e+01 +3.917735647e+01 +1.727356472e+00 -3.745000000e+01 +4.8187e+00 +4.0673e+00 +3.6077e+00 -3.9874e+00 -2.2939e+00 +3.8098e+00 +2.8878e+00 -4.9820e+00 +4.7741e+00 +2.9778e+00 +4.6345e+00 +4.7941e+00 -4.4169e+00 -4.5841e+00 +4.6245e+00 +4.9480e+00 -3.8572e+00 +4.9643e+00 +5.0089e+00 -6.0563e+00
5737 +2.359278974e+01 +2.359278974e+01 -1.385721026e+01 -3.745000000e+01 +5.0571e+00 +4.0673e+00 +3.6077e+00 -4.2605e+00 -2.8837e+00 +5.1834e+00 +3.5195e+00 -3.7023e+00 +4.2602e+00 +4.9351e+00 +4.5661e+00 +4.7941e+00 -4.4169e+00 -6.4172e+00 +5.4399e+00 +4.9480e+00 -4.6129e+00 +4.9643e+00 +5.0089e+00 -6.2339e+00
7063 +1.579542104e+01 +1.579542104e+01 -2.165457896e+01 -3.745000000e+01 +4.8187e+00 +4.2678e+00 +3.5485e+00 -4.5105e+00 -2.8837e+00 +4.9303e+00 +4.8119e+00 -4.6246e+00 +4.7741e+00 +5.2357e+00 +4.6345e+00 +4.7941e+00 -4.4169e+00 -4.8295e+00 +4.7877e+00 +4.9480e+00 -5.4599e+00 +5.1385e+00 +5.4931e+00 -6.0563e+00
7627 +9.348094922e+00 +9.348094922e+00 -2.810190508e+01 -3.745000000e+01 +4.8187e+00 +5.2708e+00 +3.4439e+00 -3.9874e+00 -4.3146e+00 +4.9303e+00 +4.6947e+00 -4.6246e+00 +4.7601e+00 +5.2357e+00 +4.8750e+00 +4.7941e+00 -5.2806e+00 -4.8295e+00 +5.2239e+00 +4.9480e+00 -5.5819e+00 +5.4628e+00 +5.0089e+00 -6.2339e+00
8575 +6.214629481e+00 +6.214629481e+00 -3.123537052e+01 -3.745000000e+01 +4.8187e+00 +4.2502e+00 +4.4227e+00 -5.2168e+00 -3.3525e+00 +5.4840e+00 +4.6947e+00 -5.6904e+00 +5.1082e+00 +5.4136e+00 +5.2443e+00 +5.0479e+00 -5.2806e+00 -4.8295e+00 +5.2239e+00 +4.9480e+00 -5.5819e+00 +5.1385e+00 +5.4931e+00 -6.3364e+00
9337 +3.891712843e+00 +3.891712843e+00 -3.355828716e+01 -3.745000000e+01 +5.0872e+00 +4.9183e+00 +3.6077e+00 -5.2168e+00 -4.3146e+00 +5.4840e+00 +4.6947e+00 -5.6904e+00 +5.1082e+00 +5.0769e+00 +5.2443e+00 +5.0479e+00 -5.2806e+00 -6.4172e+00 +6.7072e+00 +5.4493e+00 -5.5819e+00 +4.9643e+00 +5.3023e+00 -6.0563e+00
27979 +2.152406782e+00 +2.152406782e+00 -3.529759322e+01 -3.745000000e+01 +4.1817e+00 +5.2292e+00 +5.0596e+00 -5.3699e+00 -4.7208e+00 +5.4499e+00 +4.9409e+00 -5.1418e+00 +4.9629e+00 +4.9887e+00 +4.9869e+00 +5.3614e+00 -4.9450e+00 -4.9281e+00 +5.2431e+00 +5.0501e+00 -5.5815e+00 +5.2792e+00 +6.0444e+00 -5.2555e+00
28176 +1.540881701e+00 +1.540881701e+00 -3.590911830e+01 -3.745000000e+01 +5.1049e+00 +5.2292e+00 +4.8878e+00 -5.0862e+00 -5.0313e+00 +5.9602e+00 +4.7517e+00 -5.1418e+00 +5.2138e+00 +4.8988e+00 +5.1250e+00 +5.9172e+00 -4.9450e+00 -4.9281e+00 +5.0986e+00 +5.1512e+00 -6.0336e+00 +5.3104e+00 +6.0444e+00 -5.2555e+00
75025 +8.105564941e-01 +8.105564941e-01 -3.663944351e+01 -3.745000000e+01 +5.0794e+00 +5.2292e+00 +4.9380e+00 -5.3699e+00 -4.7208e+00 +5.4499e+00 +4.9510e+00 -5.5292e+00 +5.3959e+00 +5.3749e+00 +4.9493e+00 +4.9983e+00 -5.2269e+00 -5.1062e+00 +5.0986e+00 +5.0501e+00 -5.2908e+00 +5.2792e+00 +6.0444e+00 -5.2555e+00
75395 +6.205340176e-01 +6.205340176e-01 -3.682946598e+01 -3.745000000e+01 +5.1049e+00 +5.2292e+00 +4.9802e+00 -5.5562e+00 -4.7208e+00 +5.4499e+00 +5.0593e+00 -5.1418e+00 +4.9629e+00 +5.0512e+00 +4.9869e+00 +5.3010e+00 -5.3676e+00 -6.0988e+00 +5.1934e+00 +5.1512e+00 -5.2908e+00 +5.5809e+00 +5.1847e+00 -5.3581e+00
75943 +2.472582092e-01 +2.472582092e-01 -3.720274179e+01 -3.745000000e+01 +5.0794e+00 +5.2292e+00 +4.9380e+00 -5.0862e+00 -5.2995e+00 +5.2212e+00 +5.2608e+00 -5.9469e+00 +4.9584e+00 +5.0512e+00 +4.9869e+00 +5.3010e+00 -5.0385e+00 -4.9970e+00 +5.0986e+00 +5.1512e+00 -5.7053e+00 +5.2053e+00 +5.9752e+00 -5.2555e+00
76294 +1.510008578e-01 +1.510008578e-01 -3.729899914e+01 -3.745000000e+01 +5.1049e+00 +5.2292e+00 +5.0596e+00 -5.7703e+00 -4.9823e+00 +5.4499e+00 +4.9409e+00 -5.5292e+00 +5.3959e+00 +5.3749e+00 +5.1250e+00 +5.3010e+00 -5.2269e+00 -5.3221e+00 +5.0793e+00 +5.2400e+00 -5.2908e+00 +5.2053e+00 +5.8827e+00 -5.0669e+00
76667 +7.935330194e-02 +7.935330194e-02 -3.737064670e+01 -3.745000000e+01 +5.2650e+00 +5.2292e+00 +5.0596e+00 -5.7703e+00 -4.9823e+00 +5.4499e+00 +5.2574e+00 -5.5292e+00 +5.3959e+00 +5.5136e+00 +4.9869e+00 +4.9983e+00 -5.5071e+00 -6.0988e+00 +5.1934e+00 +5.4313e+00 -5.5815e+00 +5.2053e+00 +5.4228e+00 -5.2555e+00
76850 +2.875828365e-02 +2.875828365e-02 -3.742124172e+01 -3.745000000e+01 +5.5945e+00 +5.2292e+00 +5.1722e+00 -5.7703e+00 -4.9823e+00 +5.4499e+00 +5.2608e+00 -5.1418e+00 +5.0912e+00 +5.5136e+00 +5.1250e+00 +5.3010e+00 -5.2269e+00 -5.3221e+00 +5.0793e+00 +5.2400e+00 -5.2908e+00 +5.2053e+00 +5.8289e+00 -5.3581e+00
77217 +1.421085472e-14 +1.421085472e-14 -3.745000000e+01 -3.745000000e+01 +5.2650e+00 +5.2292e+00 +5.2155e+00 -5.5589e+00 -5.0450e+00 +5.4499e+00 +5.5790e+00 -5.1418e+00 +5.3959e+00 +5.1466e+00 +6.1432e+00 +5.3010e+00 -5.2269e+00 -6.0988e+00 +5.0793e+00 +5.1512e+00 -5.7053e+00 +5.2053e+00 +5.7745e+00 -5.2555e+00
% function evaluation | noise-free fitness - Fopt (-4.450500000000e+02) | best noise-free fitness - Fopt | measured fitness | best measured fitness | x1 | x2...
1 +4.483795325e+02 +4.483795325e+02 +3.329532499e+00 -4.450500000e+02 -3.0590e+00 -2.3469e+00 +4.7076e+00 +2.8241e+00 +4.3734e+00 -1.8359e+00 +3.0012e+00 +3.3871e+00 -3.4029e+00 -4.7887e+00 -8.7645e-01 +2.4589e+00 -4.0947e+00 +2.2281e+00 +1.4963e+00 -1.0811e+00 +4.7794e+00 +4.4406e+00 +4.5716e-01 -4.7269e-02
196 +2.291408210e+02 +2.291408210e+02 -2.159091790e+02 -4.450500000e+02 +6.1649e-01 -3.8916e+00 -2.5759e+00 -1.9802e+00 -1.8865e+00 -4.7058e+00 -3.5810e+00 -3.7075e+00 -4.7061e+00 +1.7298e+00 -1.3032e-01 -2.2187e+00 -3.7008e+00 -4.7132e+00 +2.7527e+00 +4.3062e+00 -1.1054e+00 -4.7340e+00 +4.0293e+00 +2.3984e+00
1159 +1.544396057e+02 +1.544396057e+02 -2.906103943e+02 -4.450500000e+02 -8.8882e-01 -4.5527e+00 -3.9110e+00 -2.2767e+00 -1.8865e+00 -5.0731e+00 -1.0124e+00 -1.4742e-01 -3.8407e+00 -1.4616e+00 +4.1032e+00 +2.7426e+00 -2.5300e+00 +4.6748e+00 +3.1349e+00 +4.3030e+00 -3.1303e+00 -4.9934e+00 +2.1519e+00 +4.9126e+00
2304 +8.837551075e+01 +8.837551075e+01 -3.566744892e+02 -4.450500000e+02 -4.9386e+00 +4.2351e+00 +1.8111e+00 +2.3633e+00 -1.8865e+00 -4.7058e+00 -3.4432e+00 -4.0583e+00 -4.7061e+00 +1.7298e+00 +3.6456e+00 +2.9119e+00 -3.8032e+00 +3.3731e+00 +4.8722e+00 +4.7585e+00 -3.0459e+00 -4.9934e+00 +4.4385e+00 +4.4980e+00
3635 +5.648235492e+01 +5.648235492e+01 -3.885676451e+02 -4.450500000e+02 -4.3063e+00 +4.2351e+00 -1.6346e+00 -3.6808e+00 -4.9068e+00 -4.8145e+00 -3.7460e+00 -3.7075e+00 -3.5450e+00 +2.6566e+00 +4.6093e+00 +5.2230e+00 -2.3548e+00 +4.0851e+00 +4.8502e+00 +4.5797e+00 -4.4303e+00 -4.9934e+00 +4.7397e+00 +4.9126e+00
4592 +3.802334939e+01 +3.802334939e+01 -4.070266506e+02 -4.450500000e+02 -4.3063e+00 +4.2351e+00 +2.5916e+00 -1.9802e+00 -4.5042e+00 -5.3141e+00 -3.8580e+00 -4.0583e+00 -4.7061e+00 +2.9861e+00 +4.6093e+00 +4.9913e+00 -4.3784e+00 +4.6748e+00 +4.8502e+00 +4.3030e+00 -4.4433e+00 -4.9934e+00 +4.7397e+00 +5.1646e+00
5938 +2.426503884e+01 +2.426503884e+01 -4.207849612e+02 -4.450500000e+02 -4.1153e+00 +5.1591e+00 +2.6242e+00 -5.0032e+00 -4.5042e+00 -4.7058e+00 -3.8580e+00 -5.1931e+00 -4.7061e+00 +3.8143e+00 +4.6093e+00 +5.2453e+00 -4.0463e+00 +4.6268e+00 +4.6662e+00 +4.8437e+00 -5.3408e+00 -4.9934e+00 +4.7397e+00 +5.1646e+00
7279 +1.579556189e+01 +1.579556189e+01 -4.292544381e+02 -4.450500000e+02 -5.4570e+00 +4.9711e+00 +2.7243e+00 -5.0032e+00 -4.5042e+00 -4.8145e+00 -4.2537e+00 -4.8211e+00 -4.7180e+00 +3.8143e+00 +4.6093e+00 +6.0183e+00 -4.3887e+00 +4.9537e+00 +4.9423e+00 +4.8437e+00 -5.3408e+00 -4.9934e+00 +5.0871e+00 +5.1646e+00
8044 +9.490471093e+00 +9.490471093e+00 -4.355595289e+02 -4.450500000e+02 -4.7427e+00 +5.1591e+00 +3.8171e+00 -5.0032e+00 -4.5042e+00 -4.8145e+00 -5.0721e+00 -4.8211e+00 -4.7061e+00 +3.8143e+00 +4.8192e+00 +5.4092e+00 -4.8436e+00 +4.9554e+00 +4.9423e+00 +5.1973e+00 -5.3408e+00 -4.9934e+00 +5.0871e+00 +5.1646e+00
9012 +5.955318092e+00 +5.955318092e+00 -4.390946819e+02 -4.450500000e+02 -4.7427e+00 +5.0146e+00 +3.3731e+00 -5.0032e+00 -5.4859e+00 -4.7058e+00 -5.0721e+00 -4.9304e+00 -4.9210e+00 +4.2209e+00 +5.0975e+00 +4.9913e+00 -4.9273e+00 +5.6018e+00 +5.5028e+00 +5.5796e+00 -5.3408e+00 -4.9934e+00 +5.4426e+00 +5.1646e+00
37003 +3.818604417e+00 +3.818604417e+00 -4.412313956e+02 -4.450500000e+02 -5.3957e+00 +4.5391e+00 +4.8249e+00 -4.6355e+00 -4.9981e+00 -5.3173e+00 -4.7797e+00 -5.5779e+00 -5.2199e+00 +4.9580e+00 +4.8470e+00 +5.1241e+00 -5.1756e+00 +5.7186e+00 +4.7337e+00 +5.3347e+00 -5.2084e+00 -5.1667e+00 +5.2737e+00 +5.4903e+00
74877 +1.965788558e+00 +1.965788558e+00 -4.430842114e+02 -4.450500000e+02 -4.7758e+00 +5.0857e+00 +4.9443e+00 -4.9714e+00 -5.4495e+00 -5.9201e+00 -4.7788e+00 -5.3913e+00 -5.3893e+00 +4.8390e+00 +5.2638e+00 +4.9462e+00 -6.1782e+00 +5.5499e+00 +5.1535e+00 +5.0048e+00 -6.0321e+00 -5.0941e+00 +5.4425e+00 +4.9512e+00
75412 +1.264561710e+00 +1.264561710e+00 -4.437854383e+02 -4.450500000e+02 -4.7758e+00 +5.0857e+00 +4.9443e+00 -4.8422e+00 -5.4495e+00 -4.9570e+00 -5.1480e+00 -5.3913e+00 -4.7483e+00 +5.0914e+00 +5.2638e+00 +5.0147e+00 -5.3101e+00 +5.5685e+00 +5.1535e+00 +5.5087e+00 -6.4033e+00 -5.0941e+00 +5.4425e+00 +5.6809e+00
75752 +7.940996449e-01 +7.940996449e-01 -4.442559004e+02 -4.450500000e+02 -4.7758e+00 +5.0857e+00 +4.9443e+00 -4.9714e+00 -5.4495e+00 -5.9201e+00 -4.7788e+00 -5.3913e+00 -5.5427e+00 +5.0914e+00 +5.2638e+00 +5.6253e+00 -5.3101e+00 +5.5499e+00 +5.1535e+00 +5.0048e+00 -6.0321e+00 -5.0941e+00 +5.4425e+00 +5.6809e+00
76252 +3.363736562e-01 +3.363736562e-01 -4.447136263e+02 -4.450500000e+02 -4.7758e+00 +5.2572e+00 +4.9443e+00 -4.9714e+00 -5.4495e+00 -5.4924e+00 -5.1480e+00 -5.3913e+00 -5.2413e+00 +5.0914e+00 +5.0949e+00 +5.6253e+00 -5.3101e+00 +5.5441e+00 +5.1535e+00 +5.0048e+00 -6.0321e+00 -5.0941e+00 +5.4425e+00 +5.6809e+00
77147 +1.498626202e-01 +1.498626202e-01 -4.449001374e+02 -4.450500000e+02 -5.3812e+00 +5.1465e+00 +4.9443e+00 -5.0930e+00 -5.4495e+00 -4.9570e+00 -5.1480e+00 -5.0409e+00 -5.2413e+00 +5.0914e+00 +5.0949e+00 +5.6253e+00 -5.3101e+00 +5.5441e+00 +5.1535e+00 +5.0048e+00 -6.0321e+00 -5.0941e+00 +5.4425e+00 +5.2835e+00
77503 +7.098167550e-02 +7.098167550e-02 -4.449790183e+02 -4.450500000e+02 -5.0968e+00 +5.0857e+00 +4.9443e+00 -5.0930e+00 -5.4495e+00 -5.4924e+00 -5.1480e+00 -5.3913e+00 -5.5427e+00 +5.0914e+00 +5.0949e+00 +5.0147e+00 -5.3101e+00 +5.5441e+00 +5.1535e+00 +5.0048e+00 -6.0321e+00 -6.1169e+00 +5.4425e+00 +5.2835e+00
78025 +0.000000000e+00 +0.000000000e+00 -4.450500000e+02 -4.450500000e+02 -5.7138e+00 +5.0857e+00 +6.0788e+00 -5.0930e+00 -5.4495e+00 -5.2228e+00 -5.1480e+00 -5.3913e+00 -5.1173e+00 +5.0914e+00 +6.0234e+00 +5.5667e+00 -5.3101e+00 +5.3931e+00 +5.1535e+00 +5.0048e+00 -7.3091e+00 -5.7175e+00 +5.4425e+00 +5.1374e+00
% function evaluation | noise-free fitness - Fopt (9.513200000000e+02) | best noise-free fitness - Fopt | measured fitness | best measured fitness | x1 | x2...
1 +5.085083714e+02 +5.085083714e+02 +1.459828371e+03 +9.513200000e+02 +3.3164e+00 +6.2288e-01 +4.7761e+00 -4.5215e+00 +2.2807e+00 -4.1257e+00 -1.5459e+00 -4.0307e+00 -1.0208e+00 -6.4725e-01 +3.5900e+00 +5.5733e-01 -4.9707e+00 -4.4433e+00 +3.5952e+00 -3.9144e+00 -3.5390e-01 +4.2580e+00 -4.4868e+00 -1.0101e+00
189 +2.245082707e+02 +2.245082707e+02 +1.175828271e+03 +9.513200000e+02 -3.6326e+00 -4.5038e+00 -3.1573e+00 -1.6001e+00 -1.4546e+00 +1.0704e+00 +7.7932e-02 +4.0273e+00 -1.0259e+00 -4.0779e+00 -3.3571e-01 -2.4530e+00 +1.0283e+00 +3.4787e+00 -4.2050e+00 +3.2545e+00 -1.9829e+00 -4.8687e+00 +1.2664e+00 -4.2184e+00
1315 +1.559714441e+02 +1.559714441e+02 +1.107291444e+03 +9.513200000e+02 -7.7578e-01 -5.7961e-01 +8.3781e-01 +3.5362e+00 -4.1155e+00 -4.5367e+00 -4.9462e+00 +3.3669e+00 -2.6155e+00 -8.5299e-01 +3.8707e+00 +2.7791e+00 -2.7065e+00 +4.7657e+00 -4.2050e+00 +3.2026e+00 -2.0248e+00 -4.8687e+00 +3.7088e+00 -4.6596e+00
2260 +9.938725270e+01 +9.938725270e+01 +1.050707253e+03 +9.513200000e+02 +1.7023e+00 -3.2645e+00 +9.0498e-01 +4.1607e+00 -2.4571e+00 -8.6129e-01 -4.5586e+00 +1.8150e+00 -3.6601e+00 -3.9369e+00 -1.6580e+00 +2.9886e+00 -2.7065e+00 +4.7657e+00 -4.7453e+00 +4.7091e+00 -4.9929e+00 -4.2509e+00 +4.1833e+00 -4.6596e+00
3018 +6.010727238e+01 +6.010727238e+01 +1.011427272e+03 +9.513200000e+02 -2.8219e+00 -4.5383e+00 +4.3664e+00 +4.4535e+00 +3.4844e+00 -4.5367e+00 -4.9170e+00 +4.2493e+00 -4.0315e+00 -4.0779e+00 -4.7999e+00 +4.2284e+00 -2.7065e+00 +4.7657e+00 -4.1037e+00 +4.7091e+00 -4.7824e+00 -4.8687e+00 +3.7581e+00 -3.9496e+00
4308 +3.734652359e+01 +3.734652359e+01 +9.886665236e+02 +9.513200000e+02 -2.8219e+00 -4.5383e+00 +8.3781e-01 +4.1607e+00 +4.8494e+00 -4.5367e+00 -4.6701e+00 +3.7823e+00 -4.0315e+00 -4.4039e+00 -4.7999e+00 +4.2684e+00 -4.2012e+00 +4.7657e+00 -5.2921e+00 +4.7091e+00 -6.3444e+00 -4.8346e+00 +4.4700e+00 -4.6596e+00
6161 +2.268410120e+01 +2.268410120e+01 +9.740041012e+02 +9.513200000e+02 -4.8667e+00 -4.5383e+00 +4.0315e+00 +4.4535e+00 +5.0009e+00 -4.5367e+00 -5.2553e+00 +4.6054e+00 -4.1753e+00 -4.0779e+00 -5.2147e+00 +4.2121e+00 -4.1580e+00 +5.7400e+00 -4.9252e+00 +4.7091e+00 -4.9929e+00 -4.8977e+00 +4.9694e+00 -4.6596e+00
7470 +1.198173767e+01 +1.198173767e+01 +9.633017377e+02 +9.513200000e+02 -5.3508e+00 -4.5383e+00 +4.3664e+00 +3.6193e+00 +4.8494e+00 -5.0731e+00 -4.9170e+00 +4.7050e+00 -4.7938e+00 -4.5863e+00 -4.8527e+00 +4.9648e+00 -4.6249e+00 +5.0990e+00 -5.2921e+00 +5.1653e+00 -4.9929e+00 -5.7283e+00 +4.9888e+00 -4.6596e+00
8400 +8.897000871e+00 +8.897000871e+00 +9.602170009e+02 +9.513200000e+02 -4.8667e+00 -5.3682e+00 +4.3664e+00 +4.4535e+00 +4.8494e+00 -5.0731e+00 -4.9462e+00 +4.4938e+00 -4.7938e+00 -4.5863e+00 -4.8527e+00 +4.9648e+00 -4.6249e+00 +5.0990e+00 -5.2921e+00 +5.1653e+00 -4.9929e+00 -5.7283e+00 +4.8224e+00 -5.9533e+00
9144 +6.080124448e+00 +6.080124448e+00 +9.574001244e+02 +9.513200000e+02 -4.8667e+00 -5.3682e+00 +4.3664e+00 +4.7775e+00 +4.8494e+00 -4.7112e+00 -4.9462e+00 +4.7050e+00 -5.2664e+00 -5.1003e+00 -5.0170e+00 +4.9648e+00 -4.6249e+00 +4.9938e+00 -5.2580e+00 +5.5171e+00 -5.6784e+00 -5.2613e+00 +4.8334e+00 -5.9533e+00
28391 +3.714901216e+00 +3.714901216e+00 +9.550349012e+02 +9.513200000e+02 -5.0131e+00 -2.6606e+00 +5.2587e+00 +5.3605e+00 +5.2883e+00 -5.0597e+00 -4.9822e+00 +5.0622e+00 -4.9122e+00 -4.8968e+00 -5.4114e+00 +5.0440e+00 -5.6435e+00 +5.0225e+00 -4.9086e+00 +5.0399e+00 -5.2239e+00 -5.1067e+00 +5.7750e+00 -5.3890e+00
37283 +1.308264229e+00 +1.308264229e+00 +9.526282642e+02 +9.513200000e+02 -4.6694e+00 -5.6854e+00 +4.7249e+00 +4.6649e+00 +4.9455e+00 -5.5107e+00 -5.0323e+00 +5.6852e+00 -5.1892e+00 -4.9886e+00 -5.1879e+00 +4.9941e+00 -5.4002e+00 +6.0507e+00 -5.2896e+00 +5.4908e+00 -5.6525e+00 -5.4984e+00 +5.1760e+00 -5.4366e+00
77242 +7.226490921e-01 +7.226490921e-01 +9.520426491e+02 +9.513200000e+02 -5.3928e+00 -4.7914e+00 +4.6556e+00 +6.2472e+00 +5.6960e+00 -5.0768e+00 -5.3070e+00 +4.9793e+00 -5.2339e+00 -5.4433e+00 -5.0056e+00 +5.3336e+00 -6.4541e+00 +6.1214e+00 -5.3121e+00 +5.4580e+00 -5.7586e+00 -5.1176e+00 +5.3633e+00 -5.2680e+00
77427 +5.746690434e-01 +5.746690434e-01 +9.518946690e+02 +9.513200000e+02 -5.5968e+00 -4.8016e+00 +4.9794e+00 +4.8080e+00 +5.1178e+00 -5.2495e+00 -5.1244e+00 +4.9793e+00 -5.3908e+00 -5.2033e+00 -5.0905e+00 +5.3752e+00 -6.5424e+00 +5.1984e+00 -5.5026e+00 +5.1971e+00 -5.3114e+00 -5.8062e+00 +5.0276e+00 -5.2149e+00
77611 +2.985200497e-01 +2.985200497e-01 +9.516185200e+02 +9.513200000e+02 -5.5968e+00 -4.8016e+00 +4.9794e+00 +5.1325e+00 +5.6960e+00 -5.0768e+00 -5.1244e+00 +4.9793e+00 -5.0022e+00 -5.2856e+00 -5.0056e+00 +5.2776e+00 -6.4541e+00 +5.3482e+00 -5.3430e+00 +5.3581e+00 -5.7586e+00 -5.1176e+00 +5.5094e+00 -5.8601e+00
78168 +7.450775813e-02 +7.450775813e-02 +9.513945078e+02 +9.513200000e+02 -5.0833e+00 -5.2519e+00 +4.9794e+00 +5.1325e+00 +5.6960e+00 -5.0768e+00 -5.3070e+00 +4.9793e+00 -5.2339e+00 -5.8380e+00 -5.0056e+00 +5.3047e+00 -6.8905e+00 +5.1025e+00 -5.5026e+00 +5.2542e+00 -5.3114e+00 -5.1668e+00 +5.5466e+00 -5.4025e+00
78355 +4.830767786e-02 +4.830767786e-02 +9.513683077e+02 +9.513200000e+02 -5.0833e+00 -6.2035e+00 +5.5346e+00 +5.7986e+00 +6.7615e+00 -5.0768e+00 -5.3070e+00 +4.9793e+00 -5.0022e+00 -5.9976e+00 -5.0056e+00 +5.6399e+00 -6.1594e+00 +5.1025e+00 -5.5026e+00 +5.2542e+00 -5.3184e+00 -5.1668e+00 +5.5466e+00 -5.4025e+00
78717 +2.620008027e-02 +2.620008027e-02 +9.513462001e+02 +9.513200000e+02 -5.0833e+00 -6.5195e+00 +4.9794e+00 +5.1325e+00 +5.6960e+00 -5.0768e+00 -5.3070e+00 +5.5109e+00 -5.3908e+00 -6.0503e+00 -6.3774e+00 +5.3047e+00 -6.0734e+00 +5.1114e+00 -5.5026e+00 +5.4265e+00 -6.2856e+00 -5.1176e+00 +6.9152e+00 -5.1488e+00
78906 +1.136868377e-13 +1.136868377e-13 +9.513200000e+02 +9.513200000e+02 -5.7280e+00 -5.1745e+00 +5.5346e+00 +5.7986e+00 +5.3838e+00 -5.9126e+00 -5.3070e+00 +5.1191e+00 -5.2449e+00 -6.1331e+00 -5.2754e+00 +5.6399e+00 -6.4572e+00 +5.4257e+00 -5.2095e+00 +5.1185e+00 -5.3114e+00 -5.1176e+00 +5.5466e+00 -5.4025e+00
% function evaluation | noise-free fitness - Fopt (-1.703300000000e+02) | best noise-free fitness - Fopt | measured fitness | best measured fitness | x1 | x2...
1 +2.910961183e+02 +2.910961183e+02 +1.207661183e+02 -1.703300000e+02 -2.6437e+00 +2.7161e+00 +3.0575e+00 -3.2754e+00 -8.5528e-01 -4.8748e+00 -4.1788e+00 +2.7330e+00 +5.1898e-01 -2.4700e+00 +4.2645e+00 +4.6277e+00 -4.2629e+00 +2.5760e-01 +2.0815e+00 -2.8045e+00 +1.0804e-01 +4.5598e+00 +2.4554e+00 -3.2393e+00
178 +2.140700099e+02 +2.140700099e+02 +4.374000992e+01 -1.703300000e+02 -1.6521e+00 +3.8543e-01 +3.8032e+00 +3.5683e+00 +4.8530e+00 +5.3305e-01 +3.3160e+00 +4.5410e+00 -1.6915e+00 -1.7393e+00 +8.1524e-01 +3.0655e+00 -3.3778e+00 +6.8155e-01 +4.5161e+00 +1.8297e+00 +2.8191e+00 +4.7285e+00 -2.1593e+00 -2.0821e+00
1237 +1.564862631e+02 +1.564862631e+02 -1.384373690e+01 -1.703300000e+02 -4.2653e+00 -3.1663e+00 +4.3757e+00 +2.8694e+00 +2.2319e+00 -3.7706e+00 +3.0821e+00 -1.7352e+00 +2.9150e+00 -3.4639e+00 +4.6198e+00 +9.6170e-01 +8.4938e-01 +2.6185e+00 +3.4978e+00 +3.8571e+00 +4.6619e+00 +3.9221e+00 -4.3998e+00 -2.8450e+00
2298 +8.899672828e+01 +8.899672828e+01 -8.133327172e+01 -1.703300000e+02 -1.7956e-01 -2.7910e+00 +3.8032e+00 +3.5683e+00 -1.5154e+00 -4.1768e+00 +4.7063e+00 +3.1078e+00 +4.6917e-01 -3.4639e+00 +4.6198e+00 +4.5813e+00 -4.9513e+00 +2.0843e+00 +4.9461e+00 +3.8571e+00 +4.6619e+00 +4.8496e+00 -4.7416e+00 -3.0932e+00
3532 +6.271621215e+01 +6.271621215e+01 -1.076137879e+02 -1.703300000e+02 -4.5460e+00 -3.1663e+00 +4.3757e+00 +2.8694e+00 -1.5154e+00 -4.3058e+00 +4.7063e+00 +4.2787e+00 +1.6502e+00 -4.1522e+00 +4.2736e+00 +5.1089e+00 -4.5041e+00 +3.7363e+00 +4.9461e+00 +3.8571e+00 +4.6619e+00 +4.8496e+00 -4.3998e+00 -4.1098e+00
5478 +3.744355166e+01 +3.744355166e+01 -1.328864483e+02 -1.703300000e+02 +5.7129e-01 -4.5081e+00 +4.3757e+00 +4.7600e+00 -4.4482e+00 -4.1390e+00 +4.7063e+00 +4.2787e+00 +3.1305e+00 -4.1522e+00 +4.6312e+00 +4.5813e+00 -4.9513e+00 +3.7493e+00 +4.9461e+00 +4.5512e+00 +4.6619e+00 +4.8496e+00 -4.7416e+00 -5.3616e+00
6858 +2.486213333e+01 +2.486213333e+01 -1.454678667e+02 -1.703300000e+02 -5.0129e+00 -4.5081e+00 +4.3757e+00 +4.7600e+00 -4.4482e+00 -4.4059e+00 +4.7063e+00 +4.5410e+00 +3.1114e+00 -5.3217e+00 +4.6958e+00 +5.0326e+00 -5.4552e+00 +3.7465e+00 +4.9461e+00 +5.1683e+00 +4.6619e+00 +4.8496e+00 -4.7416e+00 -4.8672e+00
8103 +1.320344518e+01 +1.320344518e+01 -1.571265548e+02 -1.703300000e+02 -4.5460e+00 -4.5081e+00 +4.3757e+00 +4.7600e+00 -4.4482e+00 -3.7520e+00 +5.3299e+00 +4.5410e+00 +3.5743e+00 -5.3217e+00 +4.6198e+00 +5.2699e+00 -4.9513e+00 +5.0876e+00 +4.9461e+00 +5.3206e+00 +5.7303e+00 +4.8496e+00 -5.3000e+00 -4.9921e+00
8647 +9.528182446e+00 +9.528182446e+00 -1.608018176e+02 -1.703300000e+02 -4.5460e+00 -4.5081e+00 +4.3922e+00 +4.3223e+00 -4.6869e+00 -4.7002e+00 +4.9864e+00 +4.9438e+00 +3.5309e+00 -5.3217e+00 +4.9390e+00 +5.0326e+00 -5.4552e+00 +5.0876e+00 +4.9461e+00 +5.1683e+00 +5.0286e+00 +4.8496e+00 -5.2851e+00 -5.2956e+00
45171 +5.795532370e+00 +5.795532370e+00 -1.645344676e+02 -1.703300000e+02 -5.4670e+00 -4.7506e+00 +5.4294e+00 +5.7343e+00 -4.6230e+00 -4.3893e+00 +5.1223e+00 +4.3959e+00 +5.4334e+00 -5.4010e+00 +4.7419e+00 +6.5950e+00 -5.7357e+00 +4.9275e+00 +5.2474e+00 +4.9109e+00 +5.1804e+00 +5.9639e+00 -4.9317e+00 -5.2132e+00
45756 +3.442816962e+00 +3.442816962e+00 -1.668871830e+02 -1.703300000e+02 -4.6102e+00 -4.9346e+00 +5.0162e+00 +4.5868e+00 -6.0773e+00 -5.4231e+00 +5.1223e+00 +4.8928e+00 +5.4329e+00 -5.5112e+00 +5.3737e+00 +4.8613e+00 -4.8750e+00 +4.9967e+00 +4.9761e+00 +5.3199e+00 +5.1804e+00 +4.8819e+00 -5.9917e+00 -5.2132e+00
46341 +1.698845958e+00 +1.698845958e+00 -1.686311540e+02 -1.703300000e+02 -5.3856e+00 -5.2320e+00 +5.6983e+00 +5.7343e+00 -4.7267e+00 -4.7143e+00 +5.1177e+00 +4.8928e+00 +5.4329e+00 -5.0540e+00 +5.3384e+00 +6.3210e+00 -5.2304e+00 +4.9275e+00 +4.9761e+00 +5.1292e+00 +5.1804e+00 +5.9639e+00 -5.1428e+00 -5.2132e+00
46724 +1.424010699e+00 +1.424010699e+00 -1.689059893e+02 -1.703300000e+02 -5.3264e+00 -4.9346e+00 +5.6983e+00 +5.7343e+00 -6.2337e+00 -4.9012e+00 +5.1915e+00 +4.8312e+00 +4.8391e+00 -6.4404e+00 +5.4045e+00 +6.5950e+00 -5.7357e+00 +4.9275e+00 +5.4186e+00 +5.2939e+00 +5.5592e+00 +5.9639e+00 -6.6813e+00 -5.2132e+00
56339 +7.291322000e-01 +7.291322000e-01 -1.696008678e+02 -1.703300000e+02 -5.0640e+00 -4.9942e+00 +5.0325e+00 +4.7587e+00 -4.8036e+00 -4.9723e+00 +5.3073e+00 +5.0514e+00 +5.2383e+00 -5.1814e+00 +5.2319e+00 +4.9985e+00 -5.3710e+00 +5.0953e+00 +5.7442e+00 +5.5093e+00 +5.3062e+00 +5.3244e+00 -5.0421e+00 -6.1127e+00
56733 +5.969976519e-01 +5.969976519e-01 -1.697330023e+02 -1.703300000e+02 -4.6676e+00 -5.3392e+00 +5.0325e+00 +5.0646e+00 -5.1206e+00 -4.9723e+00 +5.3147e+00 +5.0514e+00 +5.2383e+00 -5.1814e+00 +5.6345e+00 +5.7731e+00 -4.9920e+00 +5.0953e+00 +5.7442e+00 +5.0944e+00 +5.2190e+00 +6.3116e+00 -4.9797e+00 -6.1127e+00
76758 +2.503993904e-01 +2.503993904e-01 -1.700796006e+02 -1.703300000e+02 -5.4670e+00 -5.2320e+00 +5.6983e+00 +5.7343e+00 -6.0773e+00 -5.4231e+00 +5.1177e+00 +4.8928e+00 +5.4329e+00 -5.5112e+00 +5.0157e+00 +5.6391e+00 -5.7357e+00 +6.0872e+00 +5.7139e+00 +6.0127e+00 +5.3751e+00 +5.9639e+00 -5.1535e+00 -5.5429e+00
77125 +0.000000000e+00 +0.000000000e+00 -1.703300000e+02 -1.703300000e+02 -5.4670e+00 -5.2320e+00 +5.4294e+00 +6.2332e+00 -6.5552e+00 -5.4231e+00 +5.6486e+00 +5.6598e+00 +5.4661e+00 -5.4951e+00 +6.8328e+00 +7.1332e+00 -5.7357e+00 +6.0872e+00 +5.2474e+00 +6.0127e+00 +5.8886e+00 +6.7238e+00 -5.3032e+00 -5.2132e+00
% function evaluation | noise-free fitness - Fopt (4.136000000000e+01) | best noise-free fitness - Fopt | measured fitness | best measured fitness | x1 | x2...
1 +3.710053994e+02 +3.710053994e+02 +4.123653994e+02 +4.136000000e+01 +3.2364e+00 +3.2901e+00 +3.0109e+00 +3.3795e+00 +4.8267e+00 -4.6895e+00 +1.0071e+00 -2.3501e+00 +3.4839e+00 +1.2958e+00 +4.0386e+00 +4.7174e+00 -3.8421e+00 -2.8618e+00 +1.1277e+00 +4.9236e+00 -1.3462e+00 -3.2463e+00 +3.5667e+00 -4.7104e+00
192 +2.156422123e+02 +2.156422123e+02 +2.570022123e+02 +4.136000000e+01 +3.4260e+00 -3.8656e+00 +3.5655e+00 -2.4648e+00 +4.9519e+00 +2.9100e+00 -3.0954e+00 +2.2114e+00 +1.5550e+00 +3.0965e+00 -3.6932e+00 -1.7011e+00 +6.4085e-01 -1.2436e+00 -8.2556e-01 +3.8673e+00 -1.4396e-01 +4.6156e+00 +3.3710e+00 -4.1581e+00
976 +1.573675283e+02 +1.573675283e+02 +1.987275283e+02 +4.136000000e+01 -3.4053e+00 +1.4778e+00 +1.9981e+00 +4.0581e-01 +3.0486e+00 -1.2274e+00 -3.1785e+00 +3.1204e+00 -1.0928e+00 -2.7936e-01 -2.3656e+00 -2.7362e+00 +4.3951e+00 -2.1590e+00 -4.5034e+00 +4.6385e+00 +4.9268e+00 +1.6441e+00 +3.3314e+00 -4.9616e+00
2527 +9.962466242e+01 +9.962466242e+01 +1.409846624e+02 +4.136000000e+01 -3.4053e+00 +3.0912e+00 -2.8269e+00 +4.5341e+00 -1.3424e+00 +4.4592e+00 +4.9851e+00 +4.0260e+00 -4.7477e+00 +2.7892e+00 -3.2001e+00 -4.9162e+00 +4.7693e+00 -1.5823e+00 -4.6882e+00 +4.1532e+00 +4.9268e+00 +4.6156e+00 +3.9323e+00 -4.9616e+00
3298 +5.629807180e+01 +5.629807180e+01 +9.765807180e+01 +4.136000000e+01 +1.7617e+00 +2.0718e+00 -5.5924e+00 +4.0581e-01 +4.1734e+00 +4.4592e+00 -2.8335e+00 +3.8384e+00 -4.7477e+00 +4.3640e+00 -2.5130e+00 -4.9162e+00 +4.3951e+00 -2.1590e+00 -4.5034e+00 +5.2691e+00 +4.9345e+00 +4.6795e+00 +4.9998e+00 -4.9616e+00
4854 +3.955131191e+01 +3.955131191e+01 +8.091131191e+01 +4.136000000e+01 +1.7617e+00 +2.7805e+00 -4.9272e+00 +4.5341e+00 +4.1734e+00 +4.5690e+00 -3.4561e+00 +3.0401e+00 -4.9956e+00 +4.7571e+00 -3.7334e+00 -5.1614e+00 +5.0284e+00 -2.3016e+00 -4.6882e+00 +5.2691e+00 +4.9268e+00 +4.6795e+00 +5.2076e+00 -4.9616e+00
6809 +2.399260736e+01 +2.399260736e+01 +6.535260736e+01 +4.136000000e+01 +1.7617e+00 +3.9986e+00 -4.9272e+00 +4.5341e+00 +4.4001e+00 +4.5690e+00 -3.4561e+00 +4.9960e+00 -5.8509e+00 +5.3873e+00 -4.9558e+00 -4.9162e+00 +5.0284e+00 -2.3016e+00 -5.3118e+00 +5.2691e+00 +5.8502e+00 +5.0411e+00 +4.9998e+00 -4.9616e+00
8944 +1.522150529e+01 +1.522150529e+01 +5.658150529e+01 +4.136000000e+01 +2.5868e+00 +3.9986e+00 -5.3545e+00 +4.3173e+00 +4.5673e+00 +5.0623e+00 -3.4561e+00 +4.9960e+00 -5.8509e+00 +5.3873e+00 -4.9558e+00 -4.9149e+00 +5.0284e+00 -3.7720e+00 -5.3118e+00 +5.6024e+00 +5.7449e+00 +5.0411e+00 +5.2076e+00 -4.9616e+00
25684 +8.933430265e+00 +8.933430265e+00 +5.029343027e+01 +4.136000000e+01 +4.7630e+00 +4.4456e+00 -3.6084e+00 +4.7361e+00 +5.0671e+00 +4.2029e+00 -4.4368e+00 +4.9803e+00 -4.8205e+00 +5.1366e+00 -5.2467e+00 -4.9120e+00 +4.8351e+00 -5.5170e+00 -4.7122e+00 +4.9737e+00 +5.1033e+00 +5.7951e+00 +5.1741e+00 -5.0893e+00
26253 +6.115957706e+00 +6.115957706e+00 +4.747595771e+01 +4.136000000e+01 +5.2350e+00 +4.9625e+00 -3.8317e+00 +4.7361e+00 +5.4532e+00 +4.2029e+00 -5.0683e+00 +4.9803e+00 -4.8205e+00 +5.1366e+00 -4.8799e+00 -4.9120e+00 +4.8351e+00 -5.5170e+00 -4.9197e+00 +5.3476e+00 +5.1033e+00 +4.9766e+00 +4.9819e+00 -5.0650e+00
27187 +3.450391618e+00 +3.450391618e+00 +4.481039162e+01 +4.136000000e+01 +5.2350e+00 +4.9625e+00 -3.8317e+00 +4.7361e+00 +5.0671e+00 +5.3927e+00 -5.0103e+00 +5.0573e+00 -4.8205e+00 +5.7287e+00 -5.5603e+00 -4.8769e+00 +5.2543e+00 -5.8224e+00 -4.9197e+00 +4.9737e+00 +5.1033e+00 +5.7951e+00 +5.1741e+00 -5.0893e+00
27379 +1.729285082e+00 +1.729285082e+00 +4.308928508e+01 +4.136000000e+01 +5.2401e+00 +4.9625e+00 -4.7243e+00 +5.2743e+00 +5.0671e+00 +5.8804e+00 -4.8252e+00 +4.9803e+00 -4.8205e+00 +5.1366e+00 -5.7905e+00 -4.9925e+00 +4.9004e+00 -5.5170e+00 -5.7031e+00 +5.1445e+00 +5.1033e+00 +5.0660e+00 +5.0964e+00 -5.0650e+00
66364 +1.552312959e+00 +1.552312959e+00 +4.291231296e+01 +4.136000000e+01 +4.8622e+00 +4.5855e+00 -4.7904e+00 +5.9280e+00 +5.4573e+00 +5.2573e+00 -5.0319e+00 +4.9687e+00 -4.8079e+00 +5.1591e+00 -5.1660e+00 -5.2537e+00 +4.9767e+00 -5.4558e+00 -6.6791e+00 +6.1339e+00 +5.5508e+00 +5.7329e+00 +5.0504e+00 -5.8564e+00
75506 +8.368165876e-01 +8.368165876e-01 +4.219681659e+01 +4.136000000e+01 +6.0656e+00 +4.9251e+00 -5.2754e+00 +5.1064e+00 +5.0836e+00 +5.1024e+00 -5.3416e+00 +5.8083e+00 -5.5123e+00 +4.7472e+00 -6.0657e+00 -5.6653e+00 +5.5669e+00 -5.4165e+00 -5.1009e+00 +5.3722e+00 +5.2157e+00 +5.6716e+00 +6.3617e+00 -5.2655e+00
76437 +4.718637462e-01 +4.718637462e-01 +4.183186375e+01 +4.136000000e+01 +5.2160e+00 +5.5702e+00 -4.6657e+00 +5.4808e+00 +5.3484e+00 +5.8804e+00 -5.0989e+00 +4.9803e+00 -5.5626e+00 +5.7287e+00 -6.1410e+00 -5.3989e+00 +5.0443e+00 -5.4517e+00 -6.6074e+00 +5.1445e+00 +5.4587e+00 +5.0660e+00 +5.1741e+00 -5.0893e+00
76987 +4.228352848e-02 +4.228352848e-02 +4.140228353e+01 +4.136000000e+01 +5.2401e+00 +4.9625e+00 -5.0431e+00 +5.4808e+00 +5.0671e+00 +5.8804e+00 -5.0310e+00 +5.7936e+00 -5.4907e+00 +5.1366e+00 -5.1338e+00 -5.3989e+00 +5.2543e+00 -5.5170e+00 -6.2068e+00 +5.3476e+00 +5.2088e+00 +6.0031e+00 +5.0964e+00 -5.0650e+00
77366 +1.421085472e-14 +1.421085472e-14 +4.136000000e+01 +4.136000000e+01 +5.2160e+00 +6.4538e+00 -5.3499e+00 +5.2743e+00 +5.0671e+00 +6.4705e+00 -5.0310e+00 +5.4787e+00 -5.6365e+00 +6.9203e+00 -5.1338e+00 -5.5862e+00 +5.0443e+00 -5.4517e+00 -5.4184e+00 +5.3476e+00 +5.2088e+00 +5.0660e+00 +5.4075e+00 -5.2087e+00
% function evaluation | noise-free fitness - Fopt (2.583700000000e+02) | best noise-free fitness - Fopt | measured fitness | best measured fitness | x1 | x2...
1 +3.891022018e+02 +3.891022018e+02 +6.474722018e+02 +2.583700000e+02 -2.1923e+00 +4.4352e+00 +1.4297e+00 -1.6995e+00 -8.9010e-01 -1.4374e+00 -5.8905e-01 -1.8505e+00 -7.7456e-01 +1.7300e+00 -1.2196e+00 -3.9930e+00 +2.9368e+00 -3.5777e+00 -8.6673e-01 -2.0199e+00 +2.5769e+00 -1.5945e+00 +2.4648e+00 -4.0834e+00
190 +2.353715046e+02 +2.353715046e+02 +4.937415046e+02 +2.583700000e+02 +9.3316e-01 +1.6869e+00 +1.4263e+00 +2.6464e+00 +5.5500e-01 -2.6834e+00 -6.3008e-01 +2.9789e+00 +4.3498e+00 -3.0338e+00 -1.2428e+00 +3.5473e+00 +2.0672e+00 +3.1115e+00 -3.7256e+00 -1.9894e+00 +2.4367e+00 +2.3161e+00 -2.6788e+00 -3.4074e+00
1150 +1.510684531e+02 +1.510684531e+02 +4.094384531e+02 +2.583700000e+02 -7.0241e-01 -2.3824e+00 +2.5166e-01 +8.3158e-01 +3.2183e+00 -2.0212e+00 -2.6953e+00 -3.8162e+00 +5.8827e-02 +1.9927e+00 -4.3177e+00 +2.8954e+00 +3.5523e+00 +4.5576e+00 +4.1513e+00 -2.1525e+00 +3.8859e+00 +4.9691e+00 -4.9388e+00 -4.1113e+00
2487 +9.634464832e+01 +9.634464832e+01 +3.547146483e+02 +2.583700000e+02 -7.8862e-01 +2.3860e+00 +2.5166e-01 +2.6464e+00 +5.5500e-01 -2.6834e+00 -6.3008e-01 +2.9789e+00 +4.5595e+00 -4.2437e+00 -4.3275e+00 +3.6161e+00 +3.6016e+00 +4.5652e+00 +1.2384e+00 -4.7067e+00 +3.8859e+00 +5.6899e+00 -4.9388e+00 -4.5746e+00
3808 +5.731329087e+01 +5.731329087e+01 +3.156832909e+02 +2.583700000e+02 -9.1089e-01 +2.3860e+00 -4.8209e+00 +4.6294e+00 +4.0364e+00 -4.8446e+00 +5.9470e-01 +3.8300e+00 +4.6206e+00 -5.2142e+00 -4.8531e+00 +3.6161e+00 +3.5267e+00 +4.7760e+00 +4.1513e+00 -4.7067e+00 +3.8859e+00 +4.9691e+00 -4.9388e+00 -4.5746e+00
4957 +3.873846490e+01 +3.873846490e+01 +2.971084649e+02 +2.583700000e+02 -7.5671e-01 +3.4339e+00 -3.1966e+00 +3.9249e+00 +4.0364e+00 -4.8982e+00 -4.3866e+00 +2.9789e+00 +4.3498e+00 -5.0844e+00 -5.6829e+00 +4.9240e+00 +3.5258e+00 +4.7760e+00 +4.1513e+00 -4.6642e+00 +4.9209e+00 +4.9691e+00 -5.2650e+00 -4.5746e+00
6504 +2.403019261e+01 +2.403019261e+01 +2.824001926e+02 +2.583700000e+02 -3.7406e+00 +4.7534e+00 -4.8209e+00 +5.3922e+00 +4.0364e+00 -4.7125e+00 -4.9946e+00 +3.7383e+00 +4.9949e+00 -5.2054e+00 -4.3275e+00 +4.9240e+00 +3.6016e+00 +4.8945e+00 +5.0413e+00 -4.6642e+00 +4.7710e+00 +4.9691e+00 -5.0075e+00 -4.5746e+00
7642 +1.180789724e+01 +1.180789724e+01 +2.701778972e+02 +2.583700000e+02 -3.7406e+00 +4.7534e+00 -4.4521e+00 +4.6294e+00 +4.3278e+00 -4.6335e+00 -5.8999e+00 +4.6429e+00 +5.3084e+00 -5.2142e+00 -5.6097e+00 +4.8050e+00 +4.4196e+00 +4.7760e+00 +5.3219e+00 -5.0203e+00 +4.7710e+00 +6.1069e+00 -4.9388e+00 -5.1540e+00
8229 +8.737953233e+00 +8.737953233e+00 +2.671079532e+02 +2.583700000e+02 -3.7406e+00 +4.7534e+00 -4.8209e+00 +5.4193e+00 +4.0364e+00 -4.9965e+00 -4.9946e+00 +4.6740e+00 +4.9949e+00 -5.5564e+00 -5.6097e+00 +4.9240e+00 +4.6662e+00 +4.7760e+00 +5.3219e+00 -4.7067e+00 +4.9988e+00 +5.7413e+00 -5.0075e+00 -5.0477e+00
9546 +5.632604279e+00 +5.632604279e+00 +2.640026043e+02 +2.583700000e+02 -3.9069e+00 +4.8265e+00 -4.8209e+00 +4.6294e+00 +4.9863e+00 -4.8982e+00 -4.9946e+00 +4.6429e+00 +4.6956e+00 -5.5564e+00 -5.6097e+00 +4.9240e+00 +4.6662e+00 +5.5037e+00 +5.3219e+00 -5.2074e+00 +4.9988e+00 +6.3595e+00 -5.0075e+00 -5.1540e+00
73056 +3.822652864e+00 +3.822652864e+00 +2.621926529e+02 +2.583700000e+02 -5.3321e+00 +3.5090e+00 -5.0651e+00 +4.9860e+00 +4.4249e+00 -4.8315e+00 -5.0238e+00 +4.9533e+00 +5.0924e+00 -4.9922e+00 -5.1645e+00 +5.6981e+00 +4.8732e+00 +5.8395e+00 +4.9630e+00 -5.3471e+00 +5.0763e+00 +5.2383e+00 -5.2532e+00 -5.1829e+00
73846 +2.012044983e+00 +2.012044983e+00 +2.603820450e+02 +2.583700000e+02 -5.3321e+00 +3.5090e+00 -5.0651e+00 +4.9860e+00 +5.4005e+00 -4.8315e+00 -5.0238e+00 +5.5128e+00 +5.0924e+00 -5.4637e+00 -5.0563e+00 +5.2536e+00 +5.4109e+00 +5.0429e+00 +5.1831e+00 -5.3860e+00 +5.0763e+00 +5.4603e+00 -5.4584e+00 -5.1151e+00
75180 +1.289149263e+00 +1.289149263e+00 +2.596591493e+02 +2.583700000e+02 -4.2310e+00 +4.7534e+00 -4.8209e+00 +5.4193e+00 +5.2356e+00 -4.9965e+00 -5.2116e+00 +4.9970e+00 +5.2536e+00 -5.2142e+00 -5.5973e+00 +5.6219e+00 +5.0963e+00 +5.2957e+00 +5.1067e+00 -6.0796e+00 +5.4945e+00 +5.8937e+00 -5.5067e+00 -5.4473e+00
75370 +2.840208569e-01 +2.840208569e-01 +2.586540209e+02 +2.583700000e+02 -5.1022e+00 +4.7546e+00 -5.3741e+00 +5.0277e+00 +5.1489e+00 -5.0302e+00 -5.2116e+00 +4.9970e+00 +5.2536e+00 -5.9331e+00 -5.5973e+00 +5.5389e+00 +5.0963e+00 +5.0209e+00 +5.1067e+00 -5.7176e+00 +5.4945e+00 +5.8937e+00 -6.2617e+00 -5.1299e+00
75947 +1.019754709e-01 +1.019754709e-01 +2.584719755e+02 +2.583700000e+02 -4.9051e+00 +5.0903e+00 -5.1121e+00 +5.4766e+00 +5.2870e+00 -5.5052e+00 -5.5188e+00 +4.9970e+00 +5.0982e+00 -5.5564e+00 -5.5973e+00 +5.6219e+00 +5.3526e+00 +5.0209e+00 +5.1067e+00 -5.2176e+00 +5.0436e+00 +5.7413e+00 -5.0075e+00 -5.1540e+00
76134 +9.492191882e-02 +9.492191882e-02 +2.584649219e+02 +2.583700000e+02 -4.9051e+00 +5.0903e+00 -5.1475e+00 +5.3417e+00 +5.1489e+00 -5.0141e+00 -5.2222e+00 +5.2584e+00 +5.2536e+00 -5.9331e+00 -5.3981e+00 +5.5389e+00 +5.0963e+00 +5.0209e+00 +5.1067e+00 -5.2176e+00 +5.0436e+00 +5.7413e+00 -5.0075e+00 -5.1540e+00
76328 +1.523182894e-02 +1.523182894e-02 +2.583852318e+02 +2.583700000e+02 -5.1022e+00 +5.0903e+00 -5.1260e+00 +5.4766e+00 +5.2870e+00 -5.5052e+00 -5.5188e+00 +4.9970e+00 +5.6890e+00 -5.3193e+00 -5.5973e+00 +6.0089e+00 +5.3526e+00 +5.4100e+00 +5.1067e+00 -6.0796e+00 +4.9988e+00 +5.8380e+00 -5.5067e+00 -5.0477e+00
76513 +5.684341886e-14 +5.684341886e-14 +2.583700000e+02 +2.583700000e+02 -5.9284e+00 +5.0903e+00 -5.3741e+00 +5.4017e+00 +5.8476e+00 -5.2495e+00 -5.2116e+00 +5.2584e+00 +5.0421e+00 -5.6270e+00 -5.5973e+00 +5.5389e+00 +5.3526e+00 +5.0209e+00 +5.1024e+00 -5.2176e+00 +5.4945e+00 +6.1094e+00 -6.3023e+00 -5.1299e+00
% function evaluation | noise-free fitness - Fopt (-7.520000000000e+00) | best noise-free fitness - Fopt | measured fitness | best measured fitness | x1 | x2...
1 +3.361603144e+02 +3.361603144e+02 +3.286403144e+02 -7.520000000e+00 +3.9328e+00 -2.9490e+00 +3.5768e+00 -3.8998e+00 +3.3785e+00 +1.9296e+00 -4.7119e+00 +1.0697e+00 -1.4424e+00 +4.4542e+00 +4.2160e-01 -1.5491e+00 +2.9016e+00 +2.1830e+00 +3.8186e+00 +1.2668e-01 +1.9399e+00 -3.2235e+00 +3.6289e-01 +2.0762e+00
200 +2.283388821e+02 +2.283388821e+02 +2.208188821e+02 -7.520000000e+00 -4.6541e+00 -3.8407e+00 +4.3031e+00 -4.0936e+00 +2.3983e+00 +3.4052e-01 -2.0277e+00 -3.9307e+00 -3.9271e-01 +3.3029e+00 +4.2786e+00 -1.4408e+00 +4.3122e+00 -3.3974e+00 +3.8523e+00 -2.1889e+00 +4.3839e+00 -4.6547e-01 -4.2768e+00 -1.5160e+00
1199 +1.491713931e+02 +1.491713931e+02 +1.416513931e+02 -7.520000000e+00 -1.0907e+00 -2.5894e+00 +4.0570e+00 -3.1281e+00 +4.5506e+00 -4.4300e+00 +1.2634e+00 +3.1086e+00 -4.9214e+00 +3.4772e+00 +3.1113e+00 -4.8654e+00 +2.0547e+00 -4.1999e+00 +7.5836e-01 +4.5154e+00 +3.1626e+00 -4.7736e+00 -3.3164e+00 -3.1489e+00
1997 +9.999409673e+01 +9.999409673e+01 +9.247409673e+01 -7.520000000e+00 -1.6619e+00 +3.6663e+00 +4.6070e+00 -3.6794e+00 +4.5506e+00 +2.5427e+00 +2.7446e+00 -3.6747e+00 -4.9214e+00 +3.3393e+00 +3.1113e+00 -4.8654e+00 +5.2742e+00 -4.9604e+00 +1.3377e+00 +4.5154e+00 +3.3876e+00 -4.7736e+00 -3.2773e+00 -4.6301e+00
3397 +6.201942661e+01 +6.201942661e+01 +5.449942661e+01 -7.520000000e+00 +1.0342e+00 +6.4461e-01 +3.1541e+00 -2.8625e+00 +4.5506e+00 -4.4300e+00 +2.7523e+00 -2.7756e+00 -4.5905e+00 +3.5784e+00 +1.4032e+00 -4.8654e+00 +5.2742e+00 -4.7602e+00 +5.4940e+00 +4.5154e+00 +4.7029e+00 -4.2906e+00 -4.2768e+00 -5.1730e+00
4597 +3.835828374e+01 +3.835828374e+01 +3.083828374e+01 -7.520000000e+00 +4.4621e+00 +3.5092e+00 +4.8166e+00 -2.8625e+00 +4.5506e+00 -4.1610e+00 +3.1829e+00 -1.1608e-01 -4.9214e+00 +4.7775e+00 +4.5026e+00 -4.8654e+00 +5.2742e+00 -4.9604e+00 +5.0589e+00 +4.6910e+00 +4.7029e+00 -4.7736e+00 -4.2768e+00 -5.1730e+00
5597 +2.505520587e+01 +2.505520587e+01 +1.753520587e+01 -7.520000000e+00 +1.0342e+00 +3.5092e+00 +4.8166e+00 -3.6794e+00 +4.5506e+00 -4.9500e+00 +2.7523e+00 -3.3732e+00 -4.7741e+00 +4.2831e+00 +5.0505e+00 -4.8654e+00 +5.2742e+00 -5.1023e+00 +5.0589e+00 +4.5154e+00 +5.2621e+00 -4.7736e+00 -5.1244e+00 -5.1730e+00
6795 +1.557532342e+01 +1.557532342e+01 +8.055323417e+00 -7.520000000e+00 +5.2345e+00 +3.5092e+00 +4.8166e+00 -3.9543e+00 +4.5506e+00 -4.4300e+00 +2.7523e+00 -4.6058e+00 -4.8555e+00 +4.7775e+00 +4.5026e+00 -5.1474e+00 +5.2149e+00 -4.9604e+00 +5.0589e+00 +4.6910e+00 +5.2621e+00 -5.2978e+00 -5.1244e+00 -5.1730e+00
8195 +9.571613906e+00 +9.571613906e+00 +2.051613906e+00 -7.520000000e+00 +4.4621e+00 +4.6193e+00 +4.8166e+00 -4.0989e+00 +4.7575e+00 -4.0269e+00 +3.3143e+00 -4.6195e+00 -4.8555e+00 +5.8527e+00 +4.9587e+00 -5.3148e+00 +5.2608e+00 -5.5929e+00 +5.4940e+00 +5.4975e+00 +5.2916e+00 -5.2978e+00 -5.1244e+00 -5.1730e+00
9395 +5.879710628e+00 +5.879710628e+00 -1.640289372e+00 -7.520000000e+00 +5.0388e+00 +4.6193e+00 +4.7914e+00 -3.9543e+00 +4.7575e+00 -4.6701e+00 +3.9756e+00 -4.7594e+00 -5.0308e+00 +5.0256e+00 +5.2149e+00 -5.4453e+00 +5.8205e+00 -5.7913e+00 +5.4940e+00 +5.4975e+00 +5.2621e+00 -5.2978e+00 -5.1770e+00 -5.0868e+00
28436 +3.855831036e+00 +3.855831036e+00 -3.664168964e+00 -7.520000000e+00 +4.9790e+00 +4.3641e+00 +4.8957e+00 -3.2675e+00 +4.8841e+00 -5.7873e+00 +5.1661e+00 -5.4123e+00 -4.9795e+00 +5.1278e+00 +4.9328e+00 -4.9937e+00 +6.4886e+00 -5.8757e+00 +5.5270e+00 +5.2520e+00 +5.0724e+00 -5.4587e+00 -5.2113e+00 -5.4777e+00
76308 +1.083532191e+00 +1.083532191e+00 -6.436467809e+00 -7.520000000e+00 +4.9022e+00 +5.1070e+00 +4.8867e+00 -5.1193e+00 +4.8578e+00 -5.2436e+00 +4.7920e+00 -6.0855e+00 -5.1397e+00 +5.1168e+00 +5.4059e+00 -5.0083e+00 +5.3350e+00 -4.9952e+00 +5.5034e+00 +5.1092e+00 +4.9775e+00 -5.3448e+00 -5.4812e+00 -5.6538e+00
76678 +9.811870449e-01 +9.811870449e-01 -6.538812955e+00 -7.520000000e+00 +5.0266e+00 +5.1070e+00 +4.8867e+00 -5.1193e+00 +4.8578e+00 -5.2436e+00 +4.7920e+00 -6.0855e+00 -5.1397e+00 +5.1168e+00 +5.1139e+00 -4.9951e+00 +5.0555e+00 -5.3039e+00 +6.2348e+00 +5.1092e+00 +4.9775e+00 -5.3448e+00 -5.4812e+00 -5.6538e+00
77371 +4.813072541e-01 +4.813072541e-01 -7.038692746e+00 -7.520000000e+00 +5.0266e+00 +4.9781e+00 +5.2967e+00 -5.1193e+00 +4.8578e+00 -5.2436e+00 +5.0135e+00 -4.9114e+00 -5.1397e+00 +5.1168e+00 +5.4059e+00 -4.9951e+00 +5.0555e+00 -5.3039e+00 +6.2348e+00 +5.1092e+00 +5.0007e+00 -5.3448e+00 -5.4812e+00 -5.6538e+00
77548 +3.221892552e-01 +3.221892552e-01 -7.197810745e+00 -7.520000000e+00 +5.0137e+00 +4.9781e+00 +5.2967e+00 -5.1193e+00 +4.8578e+00 -5.6447e+00 +5.1649e+00 -6.0855e+00 -5.1397e+00 +5.1168e+00 +5.1139e+00 -4.9951e+00 +5.0555e+00 -4.9901e+00 +5.5034e+00 +5.1092e+00 +5.3750e+00 -5.3448e+00 -6.2470e+00 -5.5450e+00
78067 +2.309321330e-01 +2.309321330e-01 -7.289067867e+00 -7.520000000e+00 +5.0266e+00 +5.1070e+00 +5.2967e+00 -5.1193e+00 +4.8578e+00 -5.2436e+00 +5.0135e+00 -6.1034e+00 -5.1397e+00 +5.1168e+00 +5.4059e+00 -5.0083e+00 +5.3350e+00 -5.0580e+00 +5.5034e+00 +5.1092e+00 +5.2131e+00 -5.3448e+00 -6.2470e+00 -5.6538e+00
78232 +1.130466213e-01 +1.130466213e-01 -7.406953379e+00 -7.520000000e+00 +5.0137e+00 +4.9781e+00 +5.2967e+00 -5.1193e+00 +4.9751e+00 -5.2436e+00 +5.0135e+00 -6.0855e+00 -5.1397e+00 +5.1168e+00 +5.1139e+00 -5.0083e+00 +5.3350e+00 -4.9901e+00 +5.2893e+00 +5.4127e+00 +5.3750e+00 -5.3448e+00 -5.4812e+00 -5.5450e+00
78407 +2.976311887e-02 +2.976311887e-02 -7.490236881e+00 -7.520000000e+00 +5.0266e+00 +5.1070e+00 +4.9949e+00 -5.1193e+00 +5.1500e+00 -5.5919e+00 +5.0135e+00 -6.0855e+00 -5.1397e+00 +5.1168e+00 +5.4059e+00 -5.0083e+00 +5.3350e+00 -4.9952e+00 +5.5034e+00 +5.1077e+00 +5.0007e+00 -5.6782e+00 -5.2558e+00 -5.5133e+00
78585 +2.322726612e-02 +2.322726612e-02 -7.496772734e+00 -7.520000000e+00 +5.0266e+00 +5.1070e+00 +5.9443e+00 -5.1193e+00 +5.1500e+00 -5.5919e+00 +5.0135e+00 -6.0855e+00 -5.1397e+00 +5.1168e+00 +5.4059e+00 -5.0083e+00 +5.3350e+00 -4.9952e+00 +5.5034e+00 +5.1077e+00 +5.3246e+00 -5.3448e+00 -5.4812e+00 -5.6538e+00
78936 +1.776356839e-14 +1.776356839e-14 -7.520000000e+00 -7.520000000e+00 +5.4936e+00 +5.1070e+00 +5.0125e+00 -5.1193e+00 +5.0597e+00 -5.4325e+00 +5.0135e+00 -6.0855e+00 -5.1397e+00 +6.4832e+00 +6.2240e+00 -5.0083e+00 +5.5237e+00 -5.1596e+00 +6.6417e+00 +5.1092e+00 +5.2131e+00 -5.3448e+00 -5.6289e+00 -5.5450e+00
% function evaluation | noise-free fitness - Fopt (2.477800000000e+02) | best noise-free fitness - Fopt | measured fitness | best measured fitness | x1 | x2...
1 +4.231153958e+02 +4.231153958e+02 +6.708953958e+02 +2.477800000e+02 -2.3269e+00 -3.6844e+00 -1.5450e+00 +4.4140e+00 -1.2006e-01 -8.3415e-01 -1.2127e+00 -3.1079e+00 +1.2395e-01 +1.9353e-01 -3.8658e+00 -4.7394e+00 -1.3133e+00 -3.9718e+00 +4.6533e-01 +1.9723e+00 +1.6089e+00 -2.5067e+00 +3.5804e+00 -4.9164e-01
194 +1.678967307e+02 +1.678967307e+02 +4.156767307e+02 +2.477800000e+02 -3.4901e-01 +2.8536e-01 -4.8862e+00 +3.0401e+00 +7.0619e-01 +3.0102e+00 +4.2871e+00 +4.9679e+00 -3.1607e+00 -3.7919e-01 +1.2501e+00 -3.8986e+00 +2.1681e+00 +3.4248e+00 -2.9765e+00 -4.0445e+00 +4.9974e+00 +4.0471e+00 +4.0650e+00 +4.1729e+00
376 +1.478993247e+02 +1.478993247e+02 +3.956793247e+02 +2.477800000e+02 -3.4901e-01 +2.8536e-01 +4.3196e+00 -4.1721e+00 -4.7780e+00 +3.5326e+00 -1.4980e+00 +4.9679e+00 -3.1607e+00 -3.7919e-01 +1.2501e+00 -3.8986e+00 +2.1681e+00 +3.4248e+00 -2.9765e+00 -4.0445e+00 +4.9974e+00 +4.0471e+00 +4.0650e+00 +4.1729e+00
1904 +9.419754537e+01 +9.419754537e+01 +3.419775454e+02 +2.477800000e+02 -3.0869e+00 +2.5938e+00 +4.8434e+00 -3.3829e+00 -1.1359e+00 +9.8156e-01 +2.0529e+00 -1.2308e+00 -3.9632e+00 -3.3729e+00 +1.0037e+00 -4.9702e+00 +4.3792e+00 +3.6309e+00 -4.8872e+00 -4.0445e+00 +4.9974e+00 +4.3581e+00 +4.0650e+00 +4.1729e+00
3021 +5.837842903e+01 +5.837842903e+01 +3.061584290e+02 +2.477800000e+02 +2.8106e+00 +3.6293e+00 +4.8434e+00 -4.1721e+00 -4.5691e+00 +9.8156e-01 +4.5710e+00 -5.5578e+00 -4.9360e+00 -3.3281e+00 +2.6063e+00 -4.7864e+00 +4.3792e+00 +3.6309e+00 -4.9236e+00 -4.0445e+00 +4.9974e+00 +4.4430e+00 +4.8754e+00 +4.6389e+00
4534 +3.606333551e+01 +3.606333551e+01 +2.838433355e+02 +2.477800000e+02 -3.0869e+00 +3.6293e+00 +4.8434e+00 -3.3829e+00 -4.3015e+00 +2.3495e+00 +4.5710e+00 -5.5578e+00 -3.9632e+00 -4.8418e+00 +3.0110e+00 -4.9702e+00 +4.3792e+00 +3.6309e+00 -4.8872e+00 -4.8829e+00 +4.9974e+00 +5.1241e+00 +4.8754e+00 +4.8536e+00
6810 +2.480826453e+01 +2.480826453e+01 +2.725882645e+02 +2.477800000e+02 -3.0869e+00 +3.9453e+00 +3.9809e+00 -4.0083e+00 -4.7298e+00 +2.9036e+00 +5.1371e+00 -5.5578e+00 -4.9360e+00 -4.8418e+00 +3.4892e+00 -4.7864e+00 +4.3792e+00 +4.9100e+00 -4.9236e+00 -4.5244e+00 +4.9974e+00 +4.7814e+00 +5.0253e+00 +5.2435e+00
8135 +1.581205967e+01 +1.581205967e+01 +2.635920597e+02 +2.477800000e+02 -3.7459e+00 +3.9453e+00 +4.8434e+00 -4.0083e+00 -4.3015e+00 +3.6175e+00 +5.1371e+00 -5.9789e+00 -4.9360e+00 -4.8418e+00 +3.4892e+00 -4.7864e+00 +4.9984e+00 +4.7459e+00 -5.1921e+00 -5.2879e+00 +4.9974e+00 +4.9625e+00 +5.0253e+00 +5.2435e+00
18293 +9.826290900e+00 +9.826290900e+00 +2.576062909e+02 +2.477800000e+02 -4.1554e+00 +3.5856e+00 +3.8109e+00 -5.0156e+00 -4.6841e+00 +4.2735e+00 +3.5103e+00 -5.2921e+00 -5.2057e+00 -5.1013e+00 +5.2298e+00 -4.9493e+00 +5.0945e+00 +4.9161e+00 -4.9368e+00 -5.1446e+00 +5.6496e+00 +5.0301e+00 +5.7184e+00 +5.2303e+00
19081 +5.821771751e+00 +5.821771751e+00 +2.536017718e+02 +2.477800000e+02 -4.4534e+00 +5.9273e+00 +5.1062e+00 -4.6164e+00 -4.6841e+00 +4.5637e+00 +3.9748e+00 -5.2921e+00 -5.1771e+00 -5.1013e+00 +5.3625e+00 -4.9082e+00 +5.0209e+00 +5.7437e+00 -5.6436e+00 -5.1446e+00 +5.4287e+00 +5.8446e+00 +5.7184e+00 +4.9059e+00
26173 +3.726048131e+00 +3.726048131e+00 +2.515060481e+02 +2.477800000e+02 -5.7309e+00 +4.7512e+00 +4.2093e+00 -5.1632e+00 -5.2259e+00 +4.9666e+00 +5.6572e+00 -4.6549e+00 -5.3928e+00 -4.9854e+00 +4.9352e+00 -4.8352e+00 +5.4977e+00 +5.1469e+00 -4.9168e+00 -5.3726e+00 +5.1183e+00 +4.9706e+00 +5.1399e+00 +5.2039e+00
26958 +2.374833430e+00 +2.374833430e+00 +2.501548334e+02 +2.477800000e+02 -5.2743e+00 +5.3763e+00 +4.9464e+00 -5.1632e+00 -5.2259e+00 +4.9666e+00 +5.6572e+00 -4.6549e+00 -5.3928e+00 -4.9854e+00 +6.1279e+00 -4.8547e+00 +5.7400e+00 +5.1469e+00 -4.9168e+00 -5.3726e+00 +5.1183e+00 +5.2127e+00 +5.1399e+00 +4.9609e+00
27351 +1.429095112e+00 +1.429095112e+00 +2.492090951e+02 +2.477800000e+02 -5.7309e+00 +4.7766e+00 +4.8085e+00 -5.1632e+00 -5.2259e+00 +4.9666e+00 +5.1710e+00 -5.0871e+00 -5.5504e+00 -4.9123e+00 +5.3650e+00 -5.3767e+00 +5.7400e+00 +5.1469e+00 -5.0655e+00 -5.2163e+00 +5.1183e+00 +4.9222e+00 +5.0454e+00 +5.2039e+00
27943 +6.636571881e-01 +6.636571881e-01 +2.484436572e+02 +2.477800000e+02 -5.7309e+00 +5.5052e+00 +5.0029e+00 -5.1632e+00 -4.8250e+00 +4.9666e+00 +5.1710e+00 -5.7091e+00 -5.3928e+00 -5.0954e+00 +5.8539e+00 -5.3420e+00 +5.7400e+00 +5.0096e+00 -5.2281e+00 -4.9483e+00 +5.0321e+00 +5.5969e+00 +5.0206e+00 +5.2127e+00
28136 +5.892747042e-01 +5.892747042e-01 +2.483692747e+02 +2.477800000e+02 -5.7309e+00 +5.3763e+00 +4.8085e+00 -5.1632e+00 -4.8250e+00 +4.9666e+00 +5.1710e+00 -5.0871e+00 -5.8383e+00 -5.9292e+00 +5.8539e+00 -5.1674e+00 +5.0594e+00 +5.1469e+00 -5.0655e+00 -5.2163e+00 +5.1183e+00 +5.5969e+00 +5.0206e+00 +5.2127e+00
28333 +3.452966487e-01 +3.452966487e-01 +2.481252966e+02 +2.477800000e+02 -5.2743e+00 +5.4223e+00 +5.0029e+00 -5.1632e+00 -4.8250e+00 +4.9666e+00 +5.1710e+00 -5.7091e+00 -5.3928e+00 -5.0954e+00 +5.8539e+00 -5.3420e+00 +5.7400e+00 +5.0096e+00 -5.2281e+00 -5.3726e+00 +6.0984e+00 +5.7121e+00 +6.7950e+00 +5.2746e+00
28530 +6.114289634e-02 +6.114289634e-02 +2.478411429e+02 +2.477800000e+02 -5.1155e+00 +5.4223e+00 +5.1278e+00 -5.1632e+00 -5.2259e+00 +4.9666e+00 +5.0602e+00 -5.0871e+00 -5.1319e+00 -5.1974e+00 +5.2210e+00 -5.2153e+00 +5.7400e+00 +5.1469e+00 -5.3031e+00 -5.2163e+00 +5.1183e+00 +5.7725e+00 +5.6392e+00 +5.2449e+00
48092 +1.677458676e-02 +1.677458676e-02 +2.477967746e+02 +2.477800000e+02 -5.8364e+00 +6.6179e+00 +4.9868e+00 -6.4276e+00 -5.3816e+00 +6.4877e+00 +5.2444e+00 -6.4686e+00 -5.6784e+00 -5.1337e+00 +5.7220e+00 -5.3609e+00 +5.5042e+00 +5.3975e+00 -5.3753e+00 -5.2349e+00 +5.0429e+00 +5.7764e+00 +5.3085e+00 +5.0057e+00
76759 +2.842170943e-14 +2.842170943e-14 +2.477800000e+02 +2.477800000e+02 -5.7309e+00 +5.1863e+00 +6.5196e+00 -5.1632e+00 -5.2259e+00 +5.2588e+00 +6.3648e+00 -5.0871e+00 -5.8650e+00 -5.4197e+00 +5.5646e+00 -5.2153e+00 +5.7400e+00 +5.8083e+00 -5.0655e+00 -5.5484e+00 +5.1183e+00 +5.2205e+00 +7.5413e+00 +5.2449e+00
% function evaluation | noise-free fitness - Fopt (-1.722000000000e+01) | best noise-free fitness - Fopt | measured fitness | best measured fitness | x1 | x2...
1 +3.353783851e+02 +3.353783851e+02 +3.181583851e+02 -1.722000000e+01 -1.1360e-01 +2.2289e+00 +4.2272e+00 +2.1601e+00 -2.6013e+00 +3.7683e+00 +1.7872e+00 -2.4357e+00 +1.9762e+00 +1.9489e+00 -4.8330e+00 -3.4720e+00 -7.1991e-01 -1.6439e-01 -4.6440e+00 +1.5936e+00 -2.8069e+00 -2.9681e+00 -8.1341e-01 -9.7185e-01
197 +1.945710803e+02 +1.945710803e+02 +1.773510803e+02 -1.722000000e+01 +1.6793e+00 -4.5916e+00 -3.3286e+00 +3.5151e+00 +3.0900e+00 -1.9943e+00 +3.0676e+00 +4.6833e+00 -1.5527e+00 +1.6780e+00 +2.2110e+00 -4.3819e+00 +4.8357e+00 +1.4389e+00 -2.8234e+00 +4.5563e+00 -3.4212e+00 -4.3748e+00 -6.1661e-01 +4.7954e+00
982 +1.583081709e+02 +1.583081709e+02 +1.410881709e+02 -1.722000000e+01 -2.8666e+00 +2.4231e+00 +3.9292e+00 -1.8752e+00 +2.2736e+00 +2.1335e+00 +7.7729e-01 +4.6833e+00 +1.2562e+00 +1.3998e+00 +2.2110e+00 -4.7765e+00 +4.8357e+00 +6.0095e-01 -2.8234e+00 +4.5563e+00 -3.4212e+00 -4.3748e+00 -4.6261e+00 +1.9360e+00
1969 +9.782481649e+01 +9.782481649e+01 +8.060481649e+01 -1.722000000e+01 +1.7330e+00 +3.0345e+00 +4.2908e+00 -3.7826e+00 -3.0569e+00 -2.2538e+00 -4.2645e+00 +4.8289e+00 +3.1147e+00 +4.8666e+00 +3.8417e+00 -4.9641e+00 +4.8357e+00 +2.7543e+00 -4.4720e+00 +1.4604e+00 -4.5910e+00 -4.0222e+00 -4.9706e+00 +4.0229e+00
2957 +5.704691251e+01 +5.704691251e+01 +3.982691251e+01 -1.722000000e+01 +1.6793e+00 +3.1818e+00 +3.1987e+00 -4.9752e+00 +4.9499e+00 -2.2538e+00 -3.0783e+00 +4.6374e+00 +4.9979e+00 +4.8666e+00 +3.8417e+00 -4.3819e+00 +4.8357e+00 +4.8736e+00 -4.4720e+00 +4.5563e+00 -4.5910e+00 -2.7917e+00 -4.9706e+00 +4.7954e+00
3943 +3.939477923e+01 +3.939477923e+01 +2.217477923e+01 -1.722000000e+01 +1.6793e+00 +3.0345e+00 +3.9292e+00 -4.9752e+00 +3.6289e+00 -4.7178e+00 -4.7973e+00 +4.6374e+00 +4.9979e+00 +4.8666e+00 +2.2110e+00 -4.3819e+00 +4.9272e+00 +4.8736e+00 -4.7133e+00 +4.5563e+00 -4.5910e+00 -4.3748e+00 -5.7830e+00 +5.3689e+00
4926 +2.364512693e+01 +2.364512693e+01 +6.425126928e+00 -1.722000000e+01 -3.4672e+00 +3.1818e+00 +3.1987e+00 -4.9752e+00 +4.9499e+00 -4.6291e+00 -4.7973e+00 +4.5117e+00 +4.2488e+00 +4.8666e+00 +5.2528e+00 -4.3819e+00 +4.8357e+00 +4.8736e+00 -4.4720e+00 +5.0001e+00 -4.3981e+00 -5.0660e+00 -4.9706e+00 +4.7954e+00
5721 +1.576301122e+01 +1.576301122e+01 -1.456988776e+00 -1.722000000e+01 -3.4672e+00 +4.8237e+00 +3.9292e+00 -4.9752e+00 +4.6226e+00 -4.7178e+00 -4.7973e+00 +4.8289e+00 +4.9979e+00 +4.8666e+00 +5.2528e+00 -4.3819e+00 +4.8357e+00 +4.8736e+00 -4.6778e+00 +5.0001e+00 -4.5910e+00 -5.0660e+00 -4.9706e+00 +4.8241e+00
7295 +9.392675915e+00 +9.392675915e+00 -7.827324085e+00 -1.722000000e+01 -3.4672e+00 +4.1469e+00 +3.9292e+00 -4.8718e+00 +4.9499e+00 -4.7178e+00 -4.7973e+00 +4.8289e+00 +4.9979e+00 +4.8666e+00 +5.0354e+00 -4.3819e+00 +4.9272e+00 +4.8736e+00 -5.2353e+00 +5.0001e+00 -5.2984e+00 -5.1691e+00 -4.9706e+00 +5.3689e+00
8675 +6.132847929e+00 +6.132847929e+00 -1.108715207e+01 -1.722000000e+01 -3.4672e+00 +4.7637e+00 +3.9292e+00 -4.8718e+00 +4.9499e+00 -4.7178e+00 -4.7973e+00 +4.8289e+00 +4.9979e+00 +4.8666e+00 +5.2528e+00 -5.0280e+00 +4.8357e+00 +5.0056e+00 -5.2353e+00 +5.0001e+00 -5.2984e+00 -5.0660e+00 -4.9706e+00 +5.3689e+00
9853 +3.731530918e+00 +3.731530918e+00 -1.348846908e+01 -1.722000000e+01 -3.8006e+00 +4.7637e+00 +5.1215e+00 -4.8718e+00 +4.9499e+00 -4.7178e+00 -4.7973e+00 +4.8289e+00 +4.9979e+00 +4.8666e+00 +5.0354e+00 -5.1587e+00 +5.2494e+00 +5.0056e+00 -5.2353e+00 +5.0001e+00 -5.2984e+00 -5.0660e+00 -4.9706e+00 +5.3689e+00
19608 +2.452527643e+00 +2.452527643e+00 -1.476747236e+01 -1.722000000e+01 -5.2439e+00 +4.1879e+00 +4.9639e+00 -4.5239e+00 +5.2134e+00 -5.3437e+00 -4.6365e+00 +5.0133e+00 +5.2382e+00 +5.9292e+00 +5.2212e+00 -5.2463e+00 +5.3414e+00 +6.0415e+00 -5.3188e+00 +6.3774e+00 -5.1903e+00 -5.0712e+00 -4.9940e+00 +5.0649e+00
77874 +1.194809985e+00 +1.194809985e+00 -1.602519001e+01 -1.722000000e+01 -5.0345e+00 +5.2963e+00 +4.5156e+00 -5.2137e+00 +4.8832e+00 -5.7167e+00 -5.7730e+00 +4.9784e+00 +6.3033e+00 +4.8866e+00 +5.0624e+00 -5.5580e+00 +6.0895e+00 +5.4413e+00 -5.4057e+00 +5.1319e+00 -5.1602e+00 -5.2344e+00 -6.1931e+00 +5.2437e+00
78549 +8.879732139e-01 +8.879732139e-01 -1.633202679e+01 -1.722000000e+01 -5.1141e+00 +5.2963e+00 +4.8691e+00 -4.5985e+00 +5.2010e+00 -4.9301e+00 -4.9924e+00 +5.4840e+00 +6.3033e+00 +5.3735e+00 +5.1984e+00 -6.1578e+00 +5.0069e+00 +5.5160e+00 -5.4057e+00 +5.1319e+00 -5.1602e+00 -6.1482e+00 -5.0801e+00 +5.0636e+00
79628 +4.970405309e-01 +4.970405309e-01 -1.672295947e+01 -1.722000000e+01 -5.7070e+00 +5.2963e+00 +4.8691e+00 -4.8670e+00 +4.9933e+00 -4.9301e+00 -5.1778e+00 +5.7415e+00 +6.3033e+00 +5.3735e+00 +5.1984e+00 -5.0420e+00 +5.3670e+00 +5.5160e+00 -5.3218e+00 +5.0387e+00 -5.4461e+00 -5.2302e+00 -5.0801e+00 +5.5903e+00
80510 +1.824314978e-01 +1.824314978e-01 -1.703756850e+01 -1.722000000e+01 -5.7070e+00 +5.2963e+00 +4.8691e+00 -5.2141e+00 +5.3756e+00 -5.1309e+00 -4.9924e+00 +5.1463e+00 +6.3033e+00 +6.1205e+00 +5.0624e+00 -5.5580e+00 +5.6545e+00 +5.5160e+00 -5.4057e+00 +5.0964e+00 -5.1602e+00 -5.2302e+00 -5.8496e+00 +5.2437e+00
81405 +1.545782322e-01 +1.545782322e-01 -1.706542177e+01 -1.722000000e+01 -5.7070e+00 +5.2963e+00 +5.0541e+00 -5.3637e+00 +4.9933e+00 -4.9301e+00 -4.9924e+00 +5.1463e+00 +5.8760e+00 +5.3735e+00 +5.1984e+00 -5.3740e+00 +5.6545e+00 +5.5160e+00 -5.4057e+00 +5.0964e+00 -5.4461e+00 -5.2302e+00 -5.8496e+00 +5.2437e+00
81582 +2.842170943e-14 +2.842170943e-14 -1.722000000e+01 -1.722000000e+01 -6.1512e+00 +5.2963e+00 +5.6108e+00 -5.2141e+00 +5.3756e+00 -5.1309e+00 -5.4653e+00 +5.4840e+00 +6.3033e+00 +5.3735e+00 +5.0624e+00 -5.3740e+00 +5.5657e+00 +5.5160e+00 -5.7160e+00 +5.0964e+00 -5.1602e+00 -5.2302e+00 -5.8496e+00 +5.5903e+00
% function evaluation | noise-free fitness - Fopt (-6.010200000000e+02) | best noise-free fitness - Fopt | measured fitness | best measured fitness | x1 | x2...
1 +3.222305256e+02 +3.222305256e+02 -2.787894744e+02 -6.010200000e+02 +1.1454e+00 +2.8722e+00 +2.7176e+00 +9.3397e-01 -1.5146e+00 -2.8331e+00 +4.7224e+00 -3.6642e+00 +9.7935e-01 +4.6862e+00 -4.3758e+00 +2.7238e+00 -2.5103e-01 -7.4165e-02 +1.2493e+00 -3.2251e+00 +2.2638e+00 -2.6698e+00 +4.2854e+00 -1.9771e-02
191 +1.878245528e+02 +1.878245528e+02 -4.131954472e+02 -6.010200000e+02 -4.0929e-01 +2.6423e+00 -1.7482e+00 -1.5390e+00 +2.2700e+00 +3.8871e+00 +4.8864e+00 -4.4555e+00 +3.5470e+00 +3.1848e+00 +5.6524e-02 +4.6696e+00 -4.3386e+00 +2.2254e+00 -4.7191e+00 +2.8419e+00 +2.7715e-01 +3.0826e+00 +4.7878e+00 +4.8754e+00
737 +1.524150485e+02 +1.524150485e+02 -4.486049515e+02 -6.010200000e+02 +3.0325e+00 -2.0703e+00 -2.2067e+00 +1.4951e+00 +4.1145e+00 -6.3835e-01 +3.1773e+00 -3.6421e-01 +3.5470e+00 +3.1848e+00 -4.5025e+00 +3.2358e+00 -2.9780e+00 +4.2230e+00 -4.4461e+00 -2.5446e+00 -3.6012e+00 +2.2090e+00 +2.9206e+00 +4.2668e+00
2067 +9.532820637e+01 +9.532820637e+01 -5.056917936e+02 -6.010200000e+02 +3.7352e+00 +3.6184e+00 -3.9517e+00 -3.9474e+00 -5.1122e-01 -3.9480e+00 +4.1207e+00 -4.2696e+00 +3.6345e+00 +4.9487e-01 -3.0542e+00 +4.4649e+00 -3.8600e+00 +4.2230e+00 -4.9278e+00 -1.6571e+00 -4.3550e+00 +3.6157e+00 +4.6088e+00 +4.8754e+00
3008 +5.652960053e+01 +5.652960053e+01 -5.444903995e+02 -6.010200000e+02 +3.0849e+00 +3.6184e+00 -3.9517e+00 -4.1214e+00 +3.4515e+00 -2.6158e+00 +2.9429e+00 -4.2696e+00 +3.6345e+00 +3.1848e+00 -4.5025e+00 +4.6696e+00 -4.3386e+00 +4.8373e+00 -4.4461e+00 -4.9311e+00 -4.9362e+00 +3.0826e+00 +4.7878e+00 +4.8754e+00
4131 +3.655143106e+01 +3.655143106e+01 -5.644685689e+02 -6.010200000e+02 +3.0325e+00 +3.1926e+00 -3.5042e+00 -3.9474e+00 +3.4515e+00 -5.0105e+00 +4.8864e+00 -4.8767e+00 +3.5470e+00 +4.2381e+00 -4.5025e+00 +4.4000e+00 -2.9780e+00 +4.8373e+00 -4.9278e+00 -4.9311e+00 -4.9362e+00 +4.9205e+00 +4.6088e+00 +4.8754e+00
5642 +2.495440382e+01 +2.495440382e+01 -5.760655962e+02 -6.010200000e+02 +2.6825e+00 +3.6184e+00 -4.7322e+00 -4.1214e+00 +3.9874e+00 -5.0105e+00 +4.8864e+00 -4.1854e+00 +4.3077e+00 +4.2381e+00 -4.5025e+00 +4.6696e+00 -4.4181e+00 +4.8373e+00 -4.9278e+00 -4.9311e+00 -4.9362e+00 +4.9205e+00 +4.7878e+00 +4.8371e+00
7140 +1.524315152e+01 +1.524315152e+01 -5.857768485e+02 -6.010200000e+02 +4.5166e+00 +4.3519e+00 -4.7322e+00 -4.1214e+00 +4.1913e+00 -4.7804e+00 +5.7367e+00 -4.8767e+00 +5.0098e+00 +4.2381e+00 -5.0726e+00 +4.6891e+00 -4.3386e+00 +4.8373e+00 -4.9278e+00 -4.9311e+00 -4.8143e+00 +5.2231e+00 +5.1285e+00 +4.8754e+00
8278 +9.272789510e+00 +9.272789510e+00 -5.917472105e+02 -6.010200000e+02 +4.5166e+00 +4.9898e+00 -4.7322e+00 -4.1214e+00 +4.3688e+00 -5.0105e+00 +4.8864e+00 -4.8210e+00 +5.0098e+00 +4.2381e+00 -5.0726e+00 +4.6891e+00 -5.2570e+00 +4.8373e+00 -4.9278e+00 -4.9311e+00 -4.9362e+00 +5.2231e+00 +5.1285e+00 +5.1299e+00
26697 +5.992020787e+00 +5.992020787e+00 -5.950279792e+02 -6.010200000e+02 +3.4397e+00 +4.3463e+00 -4.7970e+00 -5.1657e+00 +5.2451e+00 -5.2427e+00 +5.2001e+00 -4.7140e+00 +4.9654e+00 +4.7627e+00 -4.9534e+00 +5.1368e+00 -5.0484e+00 +4.8724e+00 -4.9364e+00 -4.9703e+00 -4.9766e+00 +5.0338e+00 +5.1475e+00 +4.9497e+00
27475 +3.920792615e+00 +3.920792615e+00 -5.970992074e+02 -6.010200000e+02 +3.9619e+00 +4.3717e+00 -4.7970e+00 -5.1657e+00 +5.2451e+00 -4.8896e+00 +5.2001e+00 -5.1218e+00 +4.9654e+00 +4.7627e+00 -4.9534e+00 +5.1368e+00 -5.0484e+00 +4.8432e+00 -5.1090e+00 -5.4960e+00 -5.0900e+00 +5.0338e+00 +5.1475e+00 +5.3528e+00
46387 +2.090295201e+00 +2.090295201e+00 -5.989297048e+02 -6.010200000e+02 +4.1488e+00 +5.1898e+00 -4.9573e+00 -5.7442e+00 +5.3472e+00 -4.6386e+00 +5.6962e+00 -4.9685e+00 +5.2241e+00 +4.9176e+00 -5.1609e+00 +4.9464e+00 -5.6662e+00 +5.2595e+00 -6.2801e+00 -5.6616e+00 -6.6973e+00 +6.0304e+00 +5.1092e+00 +5.9204e+00
65961 +1.316479199e+00 +1.316479199e+00 -5.997035208e+02 -6.010200000e+02 +4.6289e+00 +4.4458e+00 -4.8949e+00 -5.0120e+00 +5.3162e+00 -5.1206e+00 +5.4397e+00 -4.9482e+00 +5.3538e+00 +5.3800e+00 -4.9831e+00 +5.3151e+00 -5.3030e+00 +5.7486e+00 -4.9985e+00 -5.0295e+00 -5.3912e+00 +5.1129e+00 +7.0289e+00 +5.5057e+00
76655 +9.003801841e-01 +9.003801841e-01 -6.001196198e+02 -6.010200000e+02 +5.4689e+00 +4.3463e+00 -5.0850e+00 -5.4824e+00 +5.2451e+00 -5.7894e+00 +5.3681e+00 -5.2071e+00 +5.9580e+00 +5.3802e+00 -5.2742e+00 +5.1368e+00 -5.0484e+00 +5.1616e+00 -5.0865e+00 -5.2726e+00 -4.9766e+00 +5.2152e+00 +5.1475e+00 +5.6376e+00
77221 +6.169390656e-01 +6.169390656e-01 -6.004030609e+02 -6.010200000e+02 +5.1958e+00 +4.8576e+00 -5.7453e+00 -5.1657e+00 +5.0870e+00 -4.8896e+00 +5.4686e+00 -5.7079e+00 +4.9654e+00 +5.5406e+00 -5.1740e+00 +5.1368e+00 -5.0484e+00 +5.1616e+00 -5.0865e+00 -5.2726e+00 -4.9766e+00 +5.2152e+00 +5.5658e+00 +5.6024e+00
77413 +3.111113217e-01 +3.111113217e-01 -6.007088887e+02 -6.010200000e+02 +5.0000e+00 +4.8576e+00 -5.0850e+00 -5.4824e+00 +5.2451e+00 -4.9964e+00 +5.2001e+00 -5.1076e+00 +4.9654e+00 +5.5406e+00 -5.2337e+00 +5.1368e+00 -4.9877e+00 +5.2105e+00 -5.1520e+00 -5.3074e+00 -5.0178e+00 +5.3186e+00 +5.1475e+00 +5.5367e+00
77793 +2.231281218e-01 +2.231281218e-01 -6.007968719e+02 -6.010200000e+02 +5.0505e+00 +4.8576e+00 -5.0850e+00 -5.4824e+00 +5.2451e+00 -5.2427e+00 +5.9346e+00 -5.1076e+00 +5.9580e+00 +5.3802e+00 -5.2742e+00 +5.1368e+00 -5.0484e+00 +5.1616e+00 -5.1090e+00 -5.1725e+00 -5.0178e+00 +4.9920e+00 +5.1475e+00 +6.2712e+00
78172 +1.438595222e-01 +1.438595222e-01 -6.008761405e+02 -6.010200000e+02 +5.1958e+00 +5.1452e+00 -5.0850e+00 -5.1657e+00 +5.0496e+00 -5.2427e+00 +5.0621e+00 -5.1076e+00 +4.9654e+00 +5.5406e+00 -5.2552e+00 +5.1368e+00 -4.9877e+00 +5.2105e+00 -5.1638e+00 -5.1956e+00 -5.5150e+00 +5.0293e+00 +5.1475e+00 +5.6376e+00
78365 +5.250555548e-02 +5.250555548e-02 -6.009674944e+02 -6.010200000e+02 +5.1958e+00 +5.2165e+00 -5.0850e+00 -5.1657e+00 +5.2451e+00 -5.2427e+00 +5.2001e+00 -5.2071e+00 +5.9612e+00 +5.5406e+00 -5.1740e+00 +5.3616e+00 -4.9877e+00 +5.1616e+00 -5.0865e+00 -5.2726e+00 -5.0526e+00 +5.2152e+00 +5.1475e+00 +5.4937e+00
78752 +0.000000000e+00 +0.000000000e+00 -6.010200000e+02 -6.010200000e+02 +5.3138e+00 +5.3897e+00 -5.0850e+00 -5.1657e+00 +5.2451e+00 -6.4678e+00 +5.0621e+00 -5.2071e+00 +5.1869e+00 +5.4378e+00 -5.4618e+00 +5.1368e+00 -5.0484e+00 +5.2024e+00 -5.8924e+00 -6.3434e+00 -5.7374e+00 +5.0293e+00 +5.6802e+00 +5.6227e+00
% function evaluation | noise-free fitness - Fopt (-1.000000000000e+03) | best noise-free fitness - Fopt | measured fitness | best measured fitness | x1 | x2...
1 +3.602855135e+02 +3.602855135e+02 -6.397144865e+02 -1.000000000e+03 +3.9320e+00 +5.7327e-03 -3.5491e-01 +4.1866e+00 -7.5431e-01 +3.7095e-01 +4.6367e+00 +4.0206e+00 +7.1226e-01 -1.4679e+00 +2.3188e+00 -2.2006e+00 +2.2435e+00 -7.5009e-01 +1.3020e+00 +4.8186e+00 +4.9566e+00 +3.3400e+00 +8.2028e-01 +2.8561e+00
164 +2.316684954e+02 +2.316684954e+02 -7.683315046e+02 -1.000000000e+03 +4.1530e+00 +3.0903e+00 -6.6455e-01 -4.3740e+00 +4.1229e+00 +4.2756e+00 -2.6307e+00 -1.1013e+00 +3.9794e+00 -2.6472e+00 +2.7800e+00 +2.8174e-01 +2.8980e+00 -4.5341e-01 -4.0989e+00 +7.3422e-01 +1.2060e+00 -2.1537e+00 +3.3046e+00 -4.0702e+00
1336 +1.546559616e+02 +1.546559616e+02 -8.453440384e+02 -1.000000000e+03 +8.9856e-01 -4.2942e+00 -3.8391e-01 -4.8918e+00 +3.5295e+00 +4.3577e+00 -4.9209e+00 +4.0293e+00 -4.6106e+00 -6.4349e-01 -4.2541e+00 -4.8493e+00 +3.8876e+00 +2.4753e+00 -2.0247e+00 +2.2147e+00 +4.6780e+00 -4.2045e+00 +4.6491e+00 -4.3798e+00
2377 +9.804956071e+01 +9.804956071e+01 -9.019504393e+02 -1.000000000e+03 +4.2949e+00 -4.4721e+00 -2.4197e+00 -4.1069e+00 +2.0789e+00 +3.0220e+00 -3.4488e+00 +4.1360e+00 -4.5980e+00 -3.8012e+00 +4.5063e+00 -1.6306e+00 +4.3988e+00 -4.0752e+00 -2.8962e+00 +2.2875e+00 +4.1516e+00 -3.9935e+00 +4.8827e+00 -4.0548e+00
3551 +5.996131683e+01 +5.996131683e+01 -9.400386832e+02 -1.000000000e+03 +3.2809e+00 -4.4721e+00 -2.9806e+00 -4.1069e+00 +3.0054e+00 +3.0960e+00 -3.3234e+00 +3.9498e+00 -4.8712e+00 -4.1614e+00 +4.5063e+00 -4.8493e+00 +4.3988e+00 -4.9257e+00 -2.0152e+00 +4.9141e+00 +4.6780e+00 -4.2045e+00 +4.8827e+00 -4.3195e+00
4904 +3.948439808e+01 +3.948439808e+01 -9.605156019e+02 -1.000000000e+03 +4.5668e+00 -4.4721e+00 -2.9806e+00 -4.1069e+00 +3.0054e+00 +3.0960e+00 -3.4488e+00 +4.1664e+00 -4.8712e+00 -4.1614e+00 +4.5063e+00 -5.1602e+00 +4.3988e+00 -4.9257e+00 -2.8962e+00 +4.9141e+00 +4.6780e+00 -5.5463e+00 +4.8827e+00 -5.0066e+00
7454 +2.470106286e+01 +2.470106286e+01 -9.752989371e+02 -1.000000000e+03 +4.5668e+00 -4.3386e+00 -3.0857e+00 -4.5379e+00 +3.0054e+00 +4.0072e+00 -3.4488e+00 +5.0796e+00 -5.6762e+00 -4.7219e+00 +4.5063e+00 -5.1602e+00 +4.9957e+00 -4.9257e+00 -3.9959e+00 +4.9141e+00 +4.6780e+00 -5.5463e+00 +4.8827e+00 -5.0066e+00
15606 +1.388245179e+01 +1.388245179e+01 -9.861175482e+02 -1.000000000e+03 +4.8645e+00 -4.5183e+00 -4.8276e+00 -4.5368e+00 +4.4894e+00 +5.3654e+00 -5.0831e+00 +5.0472e+00 -3.9238e+00 -4.8011e+00 +4.8929e+00 -4.7053e+00 +5.0123e+00 -5.3708e+00 -4.7191e+00 +4.5835e+00 +4.9389e+00 -4.8467e+00 +4.9035e+00 -5.5962e+00
16348 +9.140637275e+00 +9.140637275e+00 -9.908593627e+02 -1.000000000e+03 +5.7531e+00 -5.5683e+00 -4.8276e+00 -4.5368e+00 +4.4894e+00 +5.0178e+00 -4.2767e+00 +5.0472e+00 -5.0367e+00 -4.8011e+00 +4.6465e+00 -5.8479e+00 +5.0123e+00 -5.4317e+00 -4.9595e+00 +5.1051e+00 +4.9389e+00 -4.8467e+00 +4.7404e+00 -5.5962e+00
16898 +5.710916486e+00 +5.710916486e+00 -9.942890835e+02 -1.000000000e+03 +5.5725e+00 -5.5683e+00 -4.8276e+00 -5.1181e+00 +4.4894e+00 +5.0178e+00 -4.2767e+00 +4.5014e+00 -5.0367e+00 -4.8011e+00 +4.6465e+00 -5.2352e+00 +5.0123e+00 -5.4317e+00 -4.9595e+00 +5.0289e+00 +5.0978e+00 -5.0647e+00 +5.0264e+00 -5.5962e+00
17465 +3.558461472e+00 +3.558461472e+00 -9.964415385e+02 -1.000000000e+03 +5.6695e+00 -5.5683e+00 -4.8276e+00 -4.5368e+00 +4.4894e+00 +5.3654e+00 -5.0831e+00 +5.0472e+00 -5.9369e+00 -5.3150e+00 +4.6465e+00 -5.2352e+00 +5.0123e+00 -5.4317e+00 -4.8799e+00 +5.0289e+00 +5.0484e+00 -5.6872e+00 +5.3317e+00 -5.1020e+00
44363 +2.406036024e+00 +2.406036024e+00 -9.975939640e+02 -1.000000000e+03 +3.5750e+00 -4.9366e+00 -4.4322e+00 -5.6441e+00 +5.1264e+00 +5.1070e+00 -5.4436e+00 +5.3066e+00 -5.0122e+00 -5.3199e+00 +5.1490e+00 -5.2584e+00 +5.2237e+00 -5.0317e+00 -5.5500e+00 +5.0009e+00 +4.9791e+00 -5.1332e+00 +5.1063e+00 -4.9959e+00
72872 +1.315669024e+00 +1.315669024e+00 -9.986843310e+02 -1.000000000e+03 +4.9062e+00 -4.7976e+00 -4.4322e+00 -5.6441e+00 +5.1264e+00 +4.8750e+00 -5.4436e+00 +5.3066e+00 -5.0122e+00 -5.3199e+00 +5.1328e+00 -5.2884e+00 +5.2237e+00 -5.0317e+00 -5.5500e+00 +5.0009e+00 +5.3887e+00 -5.1332e+00 +5.1063e+00 -4.9959e+00
73257 +4.762450182e-01 +4.762450182e-01 -9.995237550e+02 -1.000000000e+03 +4.9062e+00 -4.7976e+00 -4.9111e+00 -5.5972e+00 +5.1264e+00 +5.1070e+00 -5.3792e+00 +5.3066e+00 -5.0122e+00 -5.2444e+00 +5.1328e+00 -5.2884e+00 +5.2237e+00 -5.0317e+00 -5.5500e+00 +5.0009e+00 +5.3887e+00 -5.1332e+00 +5.1063e+00 -4.9959e+00
73826 +3.008098686e-01 +3.008098686e-01 -9.996991901e+02 -1.000000000e+03 +4.9521e+00 -4.8120e+00 -5.7550e+00 -5.5972e+00 +5.1264e+00 +5.5309e+00 -5.4436e+00 +5.3066e+00 -5.2421e+00 -5.0280e+00 +5.1328e+00 -5.2884e+00 +5.1496e+00 -5.0317e+00 -6.1111e+00 +5.0009e+00 +5.3887e+00 -5.1332e+00 +5.2572e+00 -4.9959e+00
74204 +2.477794625e-01 +2.477794625e-01 -9.997522205e+02 -1.000000000e+03 +4.9062e+00 -5.8236e+00 -4.9111e+00 -5.5972e+00 +5.1264e+00 +5.1070e+00 -5.3792e+00 +5.3066e+00 -5.0122e+00 -5.2444e+00 +5.1490e+00 -5.2884e+00 +5.2237e+00 -5.0317e+00 -5.5500e+00 +5.0009e+00 +5.3887e+00 -5.1332e+00 +5.1063e+00 -4.9959e+00
74593 +1.549302374e-01 +1.549302374e-01 -9.998450698e+02 -1.000000000e+03 +4.9573e+00 -4.9366e+00 -5.3551e+00 -5.5972e+00 +5.1264e+00 +5.5309e+00 -5.4436e+00 +5.3066e+00 -5.2421e+00 -5.3199e+00 +5.1328e+00 -5.3648e+00 +5.2237e+00 -5.0317e+00 -5.5500e+00 +5.0009e+00 +5.3887e+00 -5.1332e+00 +5.1063e+00 -4.9959e+00
75148 +8.856153817e-02 +8.856153817e-02 -9.999114385e+02 -1.000000000e+03 +4.9521e+00 -5.4607e+00 -5.2062e+00 -5.5342e+00 +5.1264e+00 +5.1070e+00 -5.4436e+00 +5.3066e+00 -5.0122e+00 -5.3199e+00 +5.1490e+00 -5.2884e+00 +5.2237e+00 -5.0317e+00 -5.5500e+00 +5.0009e+00 +5.3887e+00 -5.2383e+00 +5.1560e+00 -4.9959e+00
75337 +4.063596609e-02 +4.063596609e-02 -9.999593640e+02 -1.000000000e+03 +5.3766e+00 -5.4607e+00 -5.2062e+00 -5.5972e+00 +5.1264e+00 +5.1070e+00 -5.4436e+00 +5.3066e+00 -5.2421e+00 -5.3199e+00 +5.1490e+00 -5.5199e+00 +5.2237e+00 -5.2046e+00 -5.7579e+00 +5.5209e+00 +5.3887e+00 -5.1726e+00 +5.2572e+00 -4.9959e+00
75525 +2.459191206e-02 +2.459191206e-02 -9.999754081e+02 -1.000000000e+03 +5.3544e+00 -4.9782e+00 -5.2062e+00 -5.5972e+00 +5.1264e+00 +6.7914e+00 -5.4436e+00 +5.5295e+00 -5.2421e+00 -5.2444e+00 +5.1490e+00 -5.5460e+00 +5.2237e+00 -5.0317e+00 -5.7579e+00 +5.0069e+00 +5.3887e+00 -5.2383e+00 +5.3616e+00 -5.5882e+00
75714 +0.000000000e+00 +0.000000000e+00 -1.000000000e+03 -1.000000000e+03 +5.2739e+00 -5.6662e+00 -5.2062e+00 -5.5972e+00 +5.3061e+00 +5.4370e+00 -5.4436e+00 +5.3066e+00 -5.0122e+00 -5.3199e+00 +5.7397e+00 -5.2884e+00 +5.4775e+00 -5.0317e+00 -5.7579e+00 +5.0069e+00 +5.0645e+00 -5.2383e+00 +5.0108e+00 -5.2293e+00
