% function evaluation | noise-free fitness - Fopt (-9.210000000000e+00) | best noise-free fitness - Fopt | measured fitness | best measured fitness | x1 | x2...
1 +2.428440849e+02 +2.428440849e+02 +2.336340849e+02 -9.210000000e+00 -2.3740e+00 +3.3534e+00 +2.4786e+00 +3.8176e+00 -4.3533e+00 +4.5607e+00 -5.4196e-01 -4.4525e+00 -3.1538e+00 +2.7691e+00
194 +9.545598333e+01 +9.545598333e+01 +8.624598333e+01 -9.210000000e+00 -2.3261e+00 -2.5071e+00 -7.1875e-01 +4.9792e+00 -4.9261e+00 -6.1381e-02 -2.8511e-01 +4.4452e+00 +4.6608e+00 -3.0029e+00
588 +5.780621878e+01 +5.780621878e+01 +4.859621878e+01 -9.210000000e+00 +4.5338e-01 +4.7453e+00 -2.8476e+00 +1.3865e+00 -4.1225e+00 +3.6986e+00 +3.9837e+00 +3.2602e+00 +4.4388e+00 -4.4556e+00
1385 +3.595354986e+01 +3.595354986e+01 +2.674354986e+01 -9.210000000e+00 +3.9899e+00 +1.8703e-01 +3.4926e+00 +4.1912e+00 -4.1822e+00 +3.6986e+00 +3.9837e+00 +4.8474e+00 +4.1681e+00 -4.4556e+00
2163 +2.463360043e+01 +2.463360043e+01 +1.542360043e+01 -9.210000000e+00 +3.9899e+00 +8.1014e-01 +3.4926e+00 +4.1912e+00 -4.8485e+00 +3.6986e+00 +4.6177e+00 +4.4403e+00 +4.7489e+00 -4.8218e+00
2951 +1.478039206e+01 +1.478039206e+01 +5.570392063e+00 -9.210000000e+00 +3.9899e+00 +4.3993e+00 +3.2169e+00 +4.4040e+00 -4.7012e+00 +3.6986e+00 +4.6177e+00 +4.7576e+00 +5.3701e+00 -5.5001e+00
3541 +6.910533679e+00 +6.910533679e+00 -2.299466321e+00 -9.210000000e+00 +3.9899e+00 +4.7453e+00 +3.4926e+00 +4.9562e+00 -4.8485e+00 +5.1433e+00 +4.6177e+00 +4.8721e+00 +5.3701e+00 -5.2694e+00
3932 +6.105275483e+00 +6.105275483e+00 -3.104724517e+00 -9.210000000e+00 +4.1389e+00 +3.9483e+00 +3.8038e+00 +4.9562e+00 -5.5936e+00 +5.5077e+00 +5.2141e+00 +4.8721e+00 +5.3701e+00 -4.8970e+00
4518 +3.705702920e+00 +3.705702920e+00 -5.504297080e+00 -9.210000000e+00 +3.9899e+00 +4.2581e+00 +4.5635e+00 +4.9562e+00 -5.5936e+00 +5.5077e+00 +5.2141e+00 +4.8474e+00 +5.3701e+00 -5.2694e+00
5310 +2.493887975e+00 +2.493887975e+00 -6.716112025e+00 -9.210000000e+00 +4.0100e+00 +4.3993e+00 +4.5635e+00 +5.0244e+00 -5.7953e+00 +5.5077e+00 +5.2141e+00 +5.1260e+00 +5.3701e+00 -5.2694e+00
5906 +1.151261215e+00 +1.151261215e+00 -8.058738785e+00 -9.210000000e+00 +5.2807e+00 +4.7453e+00 +4.5635e+00 +4.9562e+00 -5.5936e+00 +5.5077e+00 +5.2141e+00 +5.1260e+00 +5.3701e+00 -5.2694e+00
6306 +9.309399555e-01 +9.309399555e-01 -8.279060044e+00 -9.210000000e+00 +5.2807e+00 +4.7453e+00 +4.6956e+00 +4.9562e+00 -5.3475e+00 +5.1433e+00 +5.2141e+00 +5.4959e+00 +5.3701e+00 -5.2694e+00
6699 +6.019971031e-01 +6.019971031e-01 -8.608002897e+00 -9.210000000e+00 +5.2807e+00 +5.6422e+00 +4.6956e+00 +4.9562e+00 -6.1002e+00 +5.5077e+00 +5.4416e+00 +5.1260e+00 +5.3701e+00 -5.2694e+00
6899 +2.305730926e-01 +2.305730926e-01 -8.979426907e+00 -9.210000000e+00 +6.4279e+00 +4.8945e+00 +5.6231e+00 +4.9562e+00 -5.5936e+00 +5.3481e+00 +5.2141e+00 +5.0650e+00 +5.3701e+00 -5.2694e+00
7489 +9.426641343e-02 +9.426641343e-02 -9.115733587e+00 -9.210000000e+00 +5.2807e+00 +5.6422e+00 +5.6231e+00 +4.9562e+00 -5.5936e+00 +5.5537e+00 +5.2141e+00 +5.4021e+00 +5.3701e+00 -5.2694e+00
7684 -7.105427358e-15 -7.105427358e-15 -9.210000000e+00 -9.210000000e+00 +5.6733e+00 +5.0635e+00 +5.6583e+00 +5.0184e+00 -5.7953e+00 +5.5077e+00 +5.6607e+00 +5.1260e+00 +6.2269e+00 -5.2694e+00
% function evaluation | noise-free fitness - Fopt (6.559900000000e+02) | best noise-free fitness - Fopt | measured fitness | best measured fitness | x1 | x2...
1 +2.430282523e+02 +2.430282523e+02 +8.990182523e+02 +6.559900000e+02 -1.5537e-01 -4.3802e+00 +2.5066e+00 +2.8223e+00 -4.9342e+00 +3.0737e+00 +2.8632e+00 +2.8167e+00 +2.9352e+00 +2.9635e+00
198 +8.168715593e+01 +8.168715593e+01 +7.376771559e+02 +6.559900000e+02 -3.2089e+00 +1.8741e+00 -4.6993e+00 -2.5563e+00 -4.4541e+00 -1.3170e+00 -3.7518e+00 +3.7394e+00 -4.8648e+00 -3.1333e+00
593 +5.794212387e+01 +5.794212387e+01 +7.139321239e+02 +6.559900000e+02 -6.7826e-01 +9.3446e-01 -4.9569e+00 +3.2706e+00 -3.0873e+00 -3.6226e+00 -4.9527e+00 +2.6886e+00 -2.8750e+00 -5.1441e+00
1186 +3.941735315e+01 +3.941735315e+01 +6.954073532e+02 +6.559900000e+02 +3.8139e+00 -3.3352e+00 -2.9017e+00 +4.9529e+00 -2.1844e+00 -2.4552e+00 -2.9998e+00 +4.4543e+00 -4.6198e+00 -5.1441e+00
1978 +2.494006380e+01 +2.494006380e+01 +6.809300638e+02 +6.559900000e+02 +3.0471e+00 -4.0241e+00 -4.9569e+00 +4.0043e+00 -2.1902e+00 -4.3473e+00 -4.8119e+00 +4.4543e+00 -4.6198e+00 -4.7742e+00
2568 +1.492245021e+01 +1.492245021e+01 +6.709124502e+02 +6.559900000e+02 +3.6779e+00 -4.0241e+00 -4.9569e+00 +4.4046e+00 -4.4541e+00 -4.3473e+00 -4.8119e+00 +4.6314e+00 -4.7406e+00 -4.7971e+00
3358 +9.615568200e+00 +9.615568200e+00 +6.656055682e+02 +6.559900000e+02 +4.5162e+00 -4.0241e+00 -4.9569e+00 +4.3436e+00 -3.4838e+00 -5.3663e+00 -4.9527e+00 +4.8499e+00 -4.8648e+00 -5.1441e+00
3751 +5.902339522e+00 +5.902339522e+00 +6.618923395e+02 +6.559900000e+02 +4.5162e+00 -4.0241e+00 -5.7780e+00 +4.9529e+00 -4.4541e+00 -5.3663e+00 -4.9527e+00 +4.7880e+00 -4.8648e+00 -5.1441e+00
4544 +3.843217362e+00 +3.843217362e+00 +6.598332174e+02 +6.559900000e+02 +4.5162e+00 -4.0241e+00 -5.7780e+00 +4.8328e+00 -4.4541e+00 -5.3663e+00 -4.9527e+00 +5.0173e+00 -5.3104e+00 -5.2347e+00
4936 +2.086952821e+00 +2.086952821e+00 +6.580769528e+02 +6.559900000e+02 +5.0046e+00 -4.8647e+00 -4.9569e+00 +4.9529e+00 -4.4541e+00 -5.3663e+00 -4.9527e+00 +5.0173e+00 -5.1006e+00 -5.4422e+00
5528 +1.381212195e+00 +1.381212195e+00 +6.573712122e+02 +6.559900000e+02 +4.5365e+00 -4.8647e+00 -4.9569e+00 +4.9529e+00 -4.8743e+00 -5.3663e+00 -4.9527e+00 +5.0173e+00 -5.3104e+00 -5.1441e+00
5923 +8.265753381e-01 +8.265753381e-01 +6.568165753e+02 +6.559900000e+02 +5.0046e+00 -4.8647e+00 -4.9569e+00 +4.8328e+00 -5.0580e+00 -5.3663e+00 -4.9527e+00 +5.0173e+00 -5.1006e+00 -5.4422e+00
6311 +6.161657641e-01 +6.161657641e-01 +6.566061658e+02 +6.559900000e+02 +4.8239e+00 -4.8647e+00 -4.9569e+00 +4.9529e+00 -4.9670e+00 -5.3663e+00 -5.0529e+00 +5.0173e+00 -5.3104e+00 -5.1441e+00
6709 +2.762216926e-01 +2.762216926e-01 +6.562662217e+02 +6.559900000e+02 +5.0046e+00 -4.8647e+00 -5.7780e+00 +4.9529e+00 -5.4295e+00 -5.3663e+00 -5.2314e+00 +5.0173e+00 -5.5461e+00 -5.1441e+00
7305 +1.015381934e-01 +1.015381934e-01 +6.560915382e+02 +6.559900000e+02 +5.0046e+00 -6.0447e+00 -5.7345e+00 +4.9529e+00 -5.4295e+00 -6.1578e+00 -5.2314e+00 +5.2313e+00 -5.5461e+00 -5.1441e+00
7703 +0.000000000e+00 +0.000000000e+00 +6.559900000e+02 +6.559900000e+02 +5.0046e+00 -6.0447e+00 -5.7780e+00 +5.3159e+00 -5.0580e+00 -5.3663e+00 -5.2314e+00 +5.2313e+00 -5.5461e+00 -5.1441e+00
% function evaluation | noise-free fitness - Fopt (6.671000000000e+01) | best noise-free fitness - Fopt | measured fitness | best measured fitness | x1 | x2...
1 +2.661442061e+02 +2.661442061e+02 +3.328542061e+02 +6.671000000e+01 +1.9972e+00 +4.4012e-01 -4.0461e+00 +7.5929e-01 +4.4227e+00 -4.5211e+00 +1.7667e+00 -4.3254e+00 -4.5319e+00 +2.1702e+00
195 +8.795023036e+01 +8.795023036e+01 +1.546602304e+02 +6.671000000e+01 +2.9970e+00 -4.9381e+00 +1.3801e-01 -1.8935e+00 -4.5676e+00 -1.2788e+00 -4.9522e+00 -4.5585e+00 +4.6618e+00 -2.2804e+00
586 +5.693375269e+01 +5.693375269e+01 +1.236437527e+02 +6.671000000e+01 +2.5765e+00 +5.1022e-01 -3.7094e+00 +4.6633e+00 -2.2378e+00 -1.2788e+00 -4.9522e+00 -4.5585e+00 +4.6618e+00 -4.6375e+00
978 +3.790269498e+01 +3.790269498e+01 +1.046126950e+02 +6.671000000e+01 +2.5765e+00 +5.1022e-01 -4.0201e+00 +3.4823e+00 -1.7139e+00 +4.9861e+00 -4.9522e+00 -4.5585e+00 +4.6618e+00 -4.6375e+00
1763 +2.412593634e+01 +2.412593634e+01 +9.083593634e+01 +6.671000000e+01 -4.8415e+00 -4.8232e+00 +3.0391e+00 +4.2074e+00 -4.8915e+00 +4.8750e+00 -4.7360e+00 -4.5585e+00 +4.6618e+00 -4.8620e+00
2156 +1.530215910e+01 +1.530215910e+01 +8.201215910e+01 +6.671000000e+01 -4.8415e+00 -4.9381e+00 -3.7094e+00 +4.8582e+00 -4.6888e+00 +4.8313e+00 -4.0796e+00 -4.8969e+00 +4.6618e+00 -4.6375e+00
2941 +9.556163868e+00 +9.556163868e+00 +7.626616387e+01 +6.671000000e+01 -4.0471e+00 -4.0740e+00 -3.7605e+00 +5.0615e+00 -4.7802e+00 +4.8750e+00 -4.8825e+00 -4.7415e+00 +4.9390e+00 -4.8289e+00
3726 +5.499121703e+00 +5.499121703e+00 +7.220912170e+01 +6.671000000e+01 -4.8415e+00 -4.8232e+00 -4.4861e+00 +5.5634e+00 -4.8915e+00 +4.8313e+00 -4.8825e+00 -4.8969e+00 +4.9390e+00 -4.8289e+00
4514 +3.927971216e+00 +3.927971216e+00 +7.063797122e+01 +6.671000000e+01 -6.1166e+00 -4.9381e+00 -4.4861e+00 +5.0615e+00 -4.7802e+00 +4.9861e+00 -5.3007e+00 -4.8969e+00 +5.4971e+00 -4.8289e+00
5104 +1.959867678e+00 +1.959867678e+00 +6.866986768e+01 +6.671000000e+01 -4.7831e+00 -4.8232e+00 -4.4861e+00 +4.8582e+00 -4.8915e+00 +4.9861e+00 -5.3007e+00 -5.3425e+00 +5.6189e+00 -5.5235e+00
5496 +1.525198532e+00 +1.525198532e+00 +6.823519853e+01 +6.671000000e+01 -4.8415e+00 -4.9381e+00 -4.6226e+00 +4.8582e+00 -4.8915e+00 +4.9861e+00 -5.3007e+00 -5.3425e+00 +5.6189e+00 -5.5235e+00
5889 +9.963753816e-01 +9.963753816e-01 +6.770637538e+01 +6.671000000e+01 -6.1166e+00 -4.9381e+00 -4.8447e+00 +4.8582e+00 -4.8915e+00 +4.9861e+00 -5.3007e+00 -5.3425e+00 +5.6189e+00 -5.5235e+00
6480 +6.109513188e-01 +6.109513188e-01 +6.732095132e+01 +6.671000000e+01 -6.1166e+00 -5.2879e+00 -4.8447e+00 +5.5634e+00 -4.8915e+00 +4.9861e+00 -6.1873e+00 -5.2476e+00 +5.6189e+00 -5.3013e+00
6869 +3.091270493e-01 +3.091270493e-01 +6.701912705e+01 +6.671000000e+01 -6.1166e+00 -5.7622e+00 -4.8447e+00 +5.0615e+00 -5.1094e+00 +4.9861e+00 -5.3007e+00 -5.3425e+00 +5.6189e+00 -5.0852e+00
7454 +9.687148413e-02 +9.687148413e-02 +6.680687148e+01 +6.671000000e+01 -6.1166e+00 -4.9381e+00 -5.2528e+00 +5.0615e+00 -4.9939e+00 +5.5274e+00 -6.1873e+00 -5.3425e+00 +5.4971e+00 -5.0852e+00
7844 +1.694938617e-02 +1.694938617e-02 +6.672694939e+01 +6.671000000e+01 -6.1166e+00 -5.1496e+00 -5.2528e+00 +5.0615e+00 -4.9939e+00 +5.3155e+00 -5.3007e+00 -5.3425e+00 +5.6189e+00 -5.5235e+00
8034 -1.421085472e-14 -1.421085472e-14 +6.671000000e+01 +6.671000000e+01 -6.1166e+00 -5.7622e+00 -5.2528e+00 +5.5634e+00 -5.1094e+00 +5.3155e+00 -5.1714e+00 -5.7427e+00 +5.6189e+00 -5.0852e+00
% function evaluation | noise-free fitness - Fopt (9.416700000000e+02) | best noise-free fitness - Fopt | measured fitness | best measured fitness | x1 | x2...
1 +2.039509470e+02 +2.039509470e+02 +1.145620947e+03 +9.416700000e+02 -4.8739e+00 -3.0996e+00 +1.9790e-01 -4.8033e+00 -2.3739e+00 -1.3390e+00 -2.5749e+00 +2.2155e-01 -1.8700e-01 +1.9056e+00
185 +8.522993728e+01 +8.522993728e+01 +1.026899937e+03 +9.416700000e+02 +3.4797e+00 -4.8284e+00 +1.7851e+00 +1.4788e+00 -1.6257e+00 -4.0456e+00 -8.9293e-01 -4.8845e+00 +3.2901e+00 -3.2234e+00
750 +5.784198517e+01 +5.784198517e+01 +9.995119852e+02 +9.416700000e+02 +1.0114e+00 -3.9849e+00 +1.1926e+00 +1.1052e+00 -3.7558e+00 -2.0571e+00 -4.7286e+00 -3.8813e+00 +4.2868e+00 -4.1749e+00
1306 +3.736187536e+01 +3.736187536e+01 +9.790318754e+02 +9.416700000e+02 +1.6688e+00 -3.9849e+00 +4.0255e+00 +2.3065e+00 -4.9182e+00 -2.0571e+00 -4.7286e+00 -4.8845e+00 +4.8777e+00 -4.1749e+00
2241 +2.104943531e+01 +2.104943531e+01 +9.627194353e+02 +9.416700000e+02 -3.6190e+00 -3.9849e+00 +2.4875e+00 +1.9534e+00 -4.9182e+00 -3.6926e+00 -4.7286e+00 -4.8845e+00 +4.9064e+00 -5.1740e+00
2985 +1.309867694e+01 +1.309867694e+01 +9.547686769e+02 +9.416700000e+02 -4.2332e+00 -2.2190e+00 +3.6038e+00 +4.5290e+00 -4.6448e+00 -4.3875e+00 -4.7286e+00 -5.3586e+00 +4.8777e+00 -5.1740e+00
3359 +8.696409530e+00 +8.696409530e+00 +9.503664095e+02 +9.416700000e+02 -4.2332e+00 -3.9849e+00 +4.1461e+00 +4.7407e+00 -4.9182e+00 -4.3875e+00 -4.7286e+00 -5.3586e+00 +4.8777e+00 -6.0510e+00
4113 +4.747363025e+00 +4.747363025e+00 +9.464173630e+02 +9.416700000e+02 -4.2332e+00 -3.9849e+00 +4.2609e+00 +4.7407e+00 -4.9333e+00 -5.2517e+00 -5.4825e+00 -4.8845e+00 +6.1338e+00 -5.1740e+00
4484 +3.413954030e+00 +3.413954030e+00 +9.450839540e+02 +9.416700000e+02 -4.2332e+00 -4.8284e+00 +5.6390e+00 +4.7407e+00 -4.9182e+00 -5.2517e+00 -5.0066e+00 -4.8845e+00 +4.8777e+00 -6.0860e+00
4862 +2.056818643e+00 +2.056818643e+00 +9.437268186e+02 +9.416700000e+02 -4.2332e+00 -4.8284e+00 +5.6390e+00 +5.3408e+00 -4.9005e+00 -5.2517e+00 -5.2393e+00 -5.3586e+00 +4.8978e+00 -5.1740e+00
5422 +1.511847705e+00 +1.511847705e+00 +9.431818477e+02 +9.416700000e+02 -4.7970e+00 -4.6327e+00 +4.4998e+00 +5.0013e+00 -5.5160e+00 -5.2517e+00 -5.2393e+00 -6.1447e+00 +6.1338e+00 -5.1740e+00
5797 +7.750861988e-01 +7.750861988e-01 +9.424450862e+02 +9.416700000e+02 -4.4657e+00 -4.8284e+00 +5.6390e+00 +5.2151e+00 -4.9931e+00 -5.2517e+00 -5.2393e+00 -5.3586e+00 +6.1338e+00 -5.1740e+00
6351 +2.216804591e-01 +2.216804591e-01 +9.418916805e+02 +9.416700000e+02 -5.7319e+00 -4.8284e+00 +5.6390e+00 +5.0013e+00 -5.5546e+00 -5.2517e+00 -5.0414e+00 -5.3586e+00 +6.1338e+00 -5.1740e+00
6726 +1.318197555e-01 +1.318197555e-01 +9.418018198e+02 +9.416700000e+02 -5.7319e+00 -4.8979e+00 +7.0569e+00 +5.0013e+00 -5.2638e+00 -5.2517e+00 -5.5264e+00 -5.3586e+00 +6.1808e+00 -5.0296e+00
6913 +0.000000000e+00 +0.000000000e+00 +9.416700000e+02 +9.416700000e+02 -5.7319e+00 -5.3252e+00 +5.6390e+00 +5.0013e+00 -5.7327e+00 -5.6218e+00 -5.2695e+00 -6.4156e+00 +6.1338e+00 -5.1740e+00
% function evaluation | noise-free fitness - Fopt (-3.745000000000e+01) | best noise-free fitness - Fopt | measured fitness | best measured fitness | x1 | x2...
1 +1.871804342e+02 +1.871804342e+02 +1.497304342e+02 -3.745000000e+01 -3.1593e+00 -4.2731e+00 +3.1218e+00 +4.2352e+00 +5.5393e-01 -3.3202e+00 +2.6247e+00 -2.3910e+00 +7.6537e-01 +1.0793e+00
187 +6.660956609e+01 +6.660956609e+01 +2.915956609e+01 -3.745000000e+01 +2.5063e+00 -1.1491e+00 -1.2514e+00 -1.7812e+00 -4.0614e+00 +4.4384e+00 +3.2425e+00 -4.3470e+00 +4.0000e+00 +3.5633e+00
564 +4.445462234e+01 +4.445462234e+01 +7.004622343e+00 -3.745000000e+01 +3.9315e+00 +4.5043e+00 -8.7557e-01 -1.2859e+00 -4.9246e+00 +4.4713e+00 +4.9397e+00 -4.2255e+00 +2.7672e+00 +4.9378e+00
921 +3.244704241e+01 +3.244704241e+01 -5.002957594e+00 -3.745000000e+01 +3.9315e+00 +3.8773e+00 +2.6532e+00 -8.7886e-01 -3.8418e+00 +4.4384e+00 +4.4780e+00 -4.6495e+00 +4.5989e+00 +4.5735e+00
1483 +2.497294753e+01 +2.497294753e+01 -1.247705247e+01 -3.745000000e+01 +4.0580e+00 +3.2556e+00 +1.3922e+00 -4.4640e+00 -4.6104e+00 +4.4384e+00 +4.9397e+00 -4.2255e+00 +4.2306e+00 +4.9378e+00
1853 +1.545801262e+01 +1.545801262e+01 -2.199198738e+01 -3.745000000e+01 +3.9315e+00 +3.8773e+00 +2.6532e+00 -4.8519e+00 -5.4487e+00 +4.4384e+00 +4.4780e+00 -5.3330e+00 +5.1307e+00 +4.5735e+00
2594 +8.771766522e+00 +8.771766522e+00 -2.867823348e+01 -3.745000000e+01 +4.8544e+00 +4.4886e+00 +4.5591e+00 -4.8519e+00 -4.9246e+00 +4.4713e+00 +5.1930e+00 -4.9105e+00 +5.1307e+00 +4.5735e+00
2969 +4.913740941e+00 +4.913740941e+00 -3.253625906e+01 -3.745000000e+01 +4.8544e+00 +4.4886e+00 +4.5591e+00 -4.8519e+00 -5.4487e+00 +4.4713e+00 +4.9397e+00 -5.3330e+00 +5.1307e+00 +4.9127e+00
3149 +3.601393495e+00 +3.601393495e+00 -3.384860651e+01 -3.745000000e+01 +4.8544e+00 +4.4886e+00 +4.5591e+00 -4.8519e+00 -4.9246e+00 +5.2018e+00 +4.9397e+00 -4.9105e+00 +5.2109e+00 +4.9286e+00
3516 +1.563523918e+00 +1.563523918e+00 -3.588647608e+01 -3.745000000e+01 +4.4060e+00 +4.8057e+00 +4.9182e+00 -5.2578e+00 -5.4487e+00 +4.9916e+00 +4.9397e+00 -4.9546e+00 +5.1307e+00 +5.3081e+00
4435 +8.126925289e-01 +8.126925289e-01 -3.663730747e+01 -3.745000000e+01 +4.8544e+00 +4.8057e+00 +4.9182e+00 -5.2578e+00 -5.4487e+00 +5.4493e+00 +4.9397e+00 -5.3330e+00 +5.1307e+00 +5.0384e+00
4616 +5.630194080e-01 +5.630194080e-01 -3.688698059e+01 -3.745000000e+01 +4.8544e+00 +4.8057e+00 +4.9182e+00 -5.2578e+00 -5.4487e+00 +4.9916e+00 +5.2304e+00 -5.5393e+00 +5.1307e+00 +5.0384e+00
4986 +3.480020020e-01 +3.480020020e-01 -3.710199800e+01 -3.745000000e+01 +4.8544e+00 +4.9722e+00 +4.9182e+00 -5.2578e+00 -5.4487e+00 +4.9916e+00 +5.0016e+00 -5.0788e+00 +5.0172e+00 +5.3081e+00
5169 +2.416131666e-01 +2.416131666e-01 -3.720838683e+01 -3.745000000e+01 +4.8544e+00 +4.9722e+00 +4.9639e+00 -5.0759e+00 -5.7885e+00 +5.1198e+00 +5.5130e+00 -5.5393e+00 +5.1307e+00 +5.3081e+00
5726 +1.262333821e-01 +1.262333821e-01 -3.732376662e+01 -3.745000000e+01 +5.1752e+00 +4.9722e+00 +4.9639e+00 -5.0759e+00 -5.1876e+00 +4.9916e+00 +5.4036e+00 -5.3330e+00 +5.3769e+00 +5.3081e+00
5907 +9.605828375e-02 +9.605828375e-02 -3.735394172e+01 -3.745000000e+01 +5.1752e+00 +4.9722e+00 +4.9639e+00 -5.0759e+00 -5.1876e+00 +5.5841e+00 +5.4036e+00 -5.3330e+00 +5.3769e+00 +5.3081e+00
6091 +6.015591624e-02 +6.015591624e-02 -3.738984408e+01 -3.745000000e+01 +5.3002e+00 +5.0488e+00 +4.9639e+00 -5.0759e+00 -5.8066e+00 +5.1198e+00 +5.5130e+00 -5.5393e+00 +5.1307e+00 +5.4162e+00
6278 +1.421085472e-14 +1.421085472e-14 -3.745000000e+01 -3.745000000e+01 +6.2976e+00 +5.1356e+00 +5.5984e+00 -5.2578e+00 -5.5409e+00 +5.2018e+00 +5.0016e+00 -5.3330e+00 +5.0172e+00 +5.3713e+00
% function evaluation | noise-free fitness - Fopt (-4.450500000000e+02) | best noise-free fitness - Fopt | measured fitness | best measured fitness | x1 | x2...
1 +2.973029220e+02 +2.973029220e+02 -1.477470780e+02 -4.450500000e+02 +3.2533e+00 -1.4695e+00 -4.5228e+00 -1.1267e+00 -7.6457e-01 +2.6268e+00 +1.7650e+00 -3.3397e+00 +4.9350e+00 -4.8993e+00
190 +7.536050006e+01 +7.536050006e+01 -3.696894999e+02 -4.450500000e+02 +3.0956e+00 -3.3776e+00 +3.6101e+00 -1.7912e+00 -2.5977e+00 -4.5204e+00 -3.8867e+00 -3.6303e+00 -3.6736e+00 +3.4843e+00
749 +5.715012251e+01 +5.715012251e+01 -3.878998775e+02 -4.450500000e+02 -3.7573e+00 +4.3358e+00 -3.3809e+00 -1.7912e+00 -3.0059e+00 -4.5204e+00 -4.8558e+00 -3.7751e+00 -3.6736e+00 +4.1398e+00
1122 +3.517265804e+01 +3.517265804e+01 -4.098773420e+02 -4.450500000e+02 -2.9850e+00 +4.6087e+00 +3.9285e+00 -4.6804e+00 -4.1726e+00 -3.8847e+00 -1.3157e+00 -4.0935e+00 -4.8281e+00 +5.1648e+00
1493 +2.355065798e+01 +2.355065798e+01 -4.214993420e+02 -4.450500000e+02 -2.9850e+00 +4.6087e+00 +3.9285e+00 -4.6804e+00 -4.1726e+00 -4.5204e+00 -3.9694e+00 -3.5964e+00 -4.8281e+00 +5.1648e+00
2234 +1.345370960e+01 +1.345370960e+01 -4.315962904e+02 -4.450500000e+02 -3.8870e+00 +4.8964e+00 +3.6523e+00 -4.6804e+00 -4.1726e+00 -4.5906e+00 -4.8558e+00 -4.1947e+00 -5.0463e+00 +5.1648e+00
2982 +9.371146703e+00 +9.371146703e+00 -4.356788533e+02 -4.450500000e+02 -3.7573e+00 +4.6087e+00 +3.6523e+00 -4.6804e+00 -4.7841e+00 -4.5906e+00 -4.9465e+00 -4.8273e+00 -4.8281e+00 +5.1648e+00
3920 +5.869500238e+00 +5.869500238e+00 -4.391804998e+02 -4.450500000e+02 -3.8870e+00 +4.8964e+00 +3.9285e+00 -4.6804e+00 -4.8978e+00 -4.9561e+00 -4.8558e+00 -4.8273e+00 -5.0463e+00 +5.0464e+00
4673 +3.414583055e+00 +3.414583055e+00 -4.416354169e+02 -4.450500000e+02 -4.4288e+00 +4.8964e+00 +4.9808e+00 -4.6804e+00 -4.8978e+00 -5.0625e+00 -4.8558e+00 -4.8273e+00 -5.0463e+00 +5.0464e+00
5407 +2.460961788e+00 +2.460961788e+00 -4.425890382e+02 -4.450500000e+02 -4.4288e+00 +4.8964e+00 +4.9808e+00 -4.6804e+00 -5.1371e+00 -5.0625e+00 -5.5201e+00 -4.8273e+00 -5.0463e+00 +5.0159e+00
5592 +1.431409481e+00 +1.431409481e+00 -4.436185905e+02 -4.450500000e+02 -4.4288e+00 +4.8964e+00 +4.9808e+00 -4.6804e+00 -5.3343e+00 -4.9983e+00 -5.7075e+00 -6.5219e+00 -5.0463e+00 +5.0464e+00
6524 +9.852429896e-01 +9.852429896e-01 -4.440647570e+02 -4.450500000e+02 -4.4288e+00 +4.8964e+00 +4.9808e+00 -5.0850e+00 -5.5585e+00 -5.0625e+00 -4.9465e+00 -5.2385e+00 -5.0463e+00 +5.0464e+00
6712 +5.717802123e-01 +5.717802123e-01 -4.444782198e+02 -4.450500000e+02 -5.1426e+00 +4.8964e+00 +4.9808e+00 -5.0850e+00 -5.3343e+00 -4.9561e+00 -4.9465e+00 -6.5219e+00 -5.0463e+00 +5.0159e+00
7087 +1.717287954e-01 +1.717287954e-01 -4.448782712e+02 -4.450500000e+02 -5.1426e+00 +4.8964e+00 +4.9808e+00 -5.0850e+00 -5.3343e+00 -4.9983e+00 -5.5201e+00 -6.5219e+00 -5.0463e+00 +5.0159e+00
7276 +1.337557910e-01 +1.337557910e-01 -4.449162442e+02 -4.450500000e+02 -5.1426e+00 +4.8964e+00 +5.5780e+00 -5.0850e+00 -5.1371e+00 -5.0625e+00 -5.5201e+00 -6.5219e+00 -5.0463e+00 +5.0464e+00
7469 +3.200841745e-02 +3.200841745e-02 -4.450179916e+02 -4.450500000e+02 -5.1426e+00 +5.1454e+00 +4.9808e+00 -5.0850e+00 -5.3343e+00 -5.0625e+00 -5.5201e+00 -6.5219e+00 -5.0463e+00 +5.0159e+00
7858 +5.964586951e-03 +5.964586951e-03 -4.450440354e+02 -4.450500000e+02 -5.1426e+00 +5.4155e+00 +5.8156e+00 -5.0850e+00 -5.1371e+00 -4.9983e+00 -5.7075e+00 -5.0782e+00 -5.3092e+00 +5.2325e+00
8035 +0.000000000e+00 +0.000000000e+00 -4.450500000e+02 -4.450500000e+02 -5.1426e+00 +5.4155e+00 +5.5780e+00 -5.0850e+00 -5.1371e+00 -5.0625e+00 -5.7075e+00 -6.5219e+00 -5.0463e+00 +5.2325e+00
% function evaluation | noise-free fitness - Fopt (9.513200000000e+02) | best noise-free fitness - Fopt | measured fitness | best measured fitness | x1 | x2...
1 +2.035161839e+02 +2.035161839e+02 +1.154836184e+03 +9.513200000e+02 -4.2777e+00 +2.1913e+00 +2.7269e+00 -3.2749e+00 +2.7632e+00 +4.1202e+00 -6.7326e-01 +3.8363e+00 +3.2891e+00 -8.3520e-01
181 +8.204779050e+01 +8.204779050e+01 +1.033367790e+03 +9.513200000e+02 -3.9917e+00 +3.0893e+00 +4.4060e+00 +3.5720e+00 +4.4850e+00 -4.1080e+00 -3.8908e+00 +3.0719e+00 -6.9369e-01 -3.8164e+00
551 +6.186010819e+01 +6.186010819e+01 +1.013180108e+03 +9.513200000e+02 +5.1592e-01 -1.5597e+00 +3.1211e+00 +4.6629e+00 +4.5687e+00 -4.6230e+00 -4.4340e+00 +1.9843e+00 -4.7658e+00 -2.7033e+00
1114 +3.448040900e+01 +3.448040900e+01 +9.858004090e+02 +9.513200000e+02 -2.5335e+00 -4.8687e+00 +3.7635e+00 +3.1133e+00 +4.1192e+00 -3.3775e+00 -4.0254e+00 +3.5997e+00 -4.9944e+00 -4.5526e+00
1862 +2.195793178e+01 +2.195793178e+01 +9.732779318e+02 +9.513200000e+02 -4.5177e+00 -3.1992e+00 +3.1425e+00 +4.3411e+00 +4.2226e+00 -4.6230e+00 -4.7864e+00 +4.7597e+00 -3.8787e+00 -5.2519e+00
2429 +1.513251042e+01 +1.513251042e+01 +9.664525104e+02 +9.513200000e+02 -4.8925e+00 -4.3165e+00 +4.0181e+00 +4.6330e+00 +4.4984e+00 -4.6230e+00 -5.4052e+00 +4.7597e+00 -4.9944e+00 -4.2521e+00
3169 +7.443891961e+00 +7.443891961e+00 +9.587638920e+02 +9.513200000e+02 -4.8925e+00 -4.3125e+00 +4.1502e+00 +4.7865e+00 +4.4984e+00 -4.6727e+00 -5.6997e+00 +4.7597e+00 -4.9944e+00 -4.9485e+00
3728 +6.274480812e+00 +6.274480812e+00 +9.575944808e+02 +9.513200000e+02 -4.8925e+00 -4.3165e+00 +4.9553e+00 +4.7865e+00 +4.4984e+00 -4.6230e+00 -5.6997e+00 +4.7597e+00 -4.9944e+00 -4.9485e+00
4649 +3.706445402e+00 +3.706445402e+00 +9.550264454e+02 +9.513200000e+02 -4.8925e+00 -4.9073e+00 +4.9553e+00 +4.6629e+00 +4.2226e+00 -5.2224e+00 -5.6997e+00 +5.0239e+00 -5.3413e+00 -4.9485e+00
5035 +2.363912175e+00 +2.363912175e+00 +9.536839122e+02 +9.513200000e+02 -5.6520e+00 -4.8703e+00 +4.9553e+00 +4.6629e+00 +4.4984e+00 -5.4712e+00 -5.6997e+00 +5.0239e+00 -5.3413e+00 -5.0987e+00
5225 +1.347457683e+00 +1.347457683e+00 +9.526674577e+02 +9.513200000e+02 -4.5177e+00 -5.3943e+00 +4.9553e+00 +4.6330e+00 +5.2694e+00 -5.2224e+00 -5.6997e+00 +5.0239e+00 -5.3413e+00 -5.0749e+00
5944 +4.299899443e-01 +4.299899443e-01 +9.517499899e+02 +9.513200000e+02 -4.8925e+00 -4.8703e+00 +4.9553e+00 +4.9627e+00 +5.7076e+00 -5.8507e+00 -5.6997e+00 +5.0239e+00 -5.3413e+00 -5.0987e+00
6119 +3.209858705e-01 +3.209858705e-01 +9.516409859e+02 +9.513200000e+02 -4.8925e+00 -4.9856e+00 +4.9553e+00 +5.5440e+00 +5.4689e+00 -5.4712e+00 -5.4968e+00 +5.0239e+00 -4.9845e+00 -5.2519e+00
6301 +9.029553214e-02 +9.029553214e-02 +9.514102955e+02 +9.513200000e+02 -5.9013e+00 -5.4298e+00 +4.9553e+00 +4.9927e+00 +5.2694e+00 -5.2224e+00 -5.6997e+00 +5.0239e+00 -5.3413e+00 -5.0987e+00
7570 +3.987689398e-02 +3.987689398e-02 +9.513598769e+02 +9.513200000e+02 -5.9013e+00 -5.4298e+00 +4.9761e+00 +6.1355e+00 +5.0473e+00 -5.2224e+00 -5.6997e+00 +5.0239e+00 -5.3413e+00 -5.0987e+00
7758 +0.000000000e+00 +0.000000000e+00 +9.513200000e+02 +9.513200000e+02 -5.6520e+00 -5.5793e+00 +5.3531e+00 +5.2511e+00 +5.4689e+00 -5.2224e+00 -5.6997e+00 +5.0239e+00 -5.4469e+00 -5.2519e+00
% function evaluation | noise-free fitness - Fopt (-1.703300000000e+02) | best noise-free fitness - Fopt | measured fitness | best measured fitness | x1 | x2...
1 +2.134037541e+02 +2.134037541e+02 +4.307375411e+01 -1.703300000e+02 +4.1489e+00 +1.0590e+00 +1.8901e+00 +3.1488e+00 -1.6313e-01 +4.3644e+00 +4.2941e+00 +2.6651e+00 -3.8962e+00 +3.9870e-01
200 +9.586490687e+01 +9.586490687e+01 -7.446509313e+01 -1.703300000e+02 +3.6548e+00 -4.6028e+00 +3.9349e+00 +3.7459e+00 -2.0007e+00 -3.1451e+00 +1.2740e-01 +4.3594e-02 +3.1844e+00 -4.9181e+00
989 +5.859822318e+01 +5.859822318e+01 -1.117317768e+02 -1.703300000e+02 +5.8193e+00 +4.6320e+00 +4.6050e+00 +4.1580e+00 -4.0645e+00 -2.6396e+00 +3.3091e+00 +4.6078e+00 +3.9788e+00 -4.6327e+00
1775 +3.926152284e+01 +3.926152284e+01 -1.310684772e+02 -1.703300000e+02 -4.2143e+00 -4.2744e+00 +4.7274e+00 +3.1309e+00 -2.7276e+00 -4.7454e+00 +4.2416e+00 +4.5995e+00 +3.5826e+00 -4.1076e+00
2752 +2.204932870e+01 +2.204932870e+01 -1.482806713e+02 -1.703300000e+02 -4.3627e+00 -4.3758e+00 +3.0953e+00 +3.5546e+00 -4.8341e+00 -4.7454e+00 +4.2904e+00 +4.6078e+00 +4.0665e+00 -4.9934e+00
3149 +1.301981337e+01 +1.301981337e+01 -1.573101866e+02 -1.703300000e+02 -4.5412e+00 -3.5394e+00 +4.6050e+00 +3.7459e+00 -4.8341e+00 -4.7454e+00 +4.2416e+00 +4.6078e+00 +5.0903e+00 -4.9934e+00
3736 +9.829276076e+00 +9.829276076e+00 -1.605007239e+02 -1.703300000e+02 -4.5412e+00 -3.5394e+00 +4.2507e+00 +4.9069e+00 -4.8341e+00 -4.9712e+00 +4.5989e+00 +4.4094e+00 +5.0903e+00 -4.9934e+00
4323 +4.698131426e+00 +4.698131426e+00 -1.656318686e+02 -1.703300000e+02 -4.2143e+00 -4.6028e+00 +4.6050e+00 +4.3975e+00 -4.8341e+00 -4.7454e+00 +5.5812e+00 +5.3136e+00 +5.0903e+00 -4.9934e+00
4911 +3.671638215e+00 +3.671638215e+00 -1.666583618e+02 -1.703300000e+02 -4.4798e+00 -4.3758e+00 +4.6050e+00 +4.9346e+00 -4.8341e+00 -4.7168e+00 +5.1841e+00 +5.0513e+00 +5.0903e+00 -4.9934e+00
5508 +1.771596097e+00 +1.771596097e+00 -1.685584039e+02 -1.703300000e+02 -4.5412e+00 -4.6028e+00 +4.6050e+00 +4.9346e+00 -5.0166e+00 -6.2126e+00 +5.1841e+00 +5.3136e+00 +5.0903e+00 -5.2839e+00
5896 +1.437132346e+00 +1.437132346e+00 -1.688928677e+02 -1.703300000e+02 -4.3627e+00 -5.3308e+00 +4.6050e+00 +4.9346e+00 -5.0166e+00 -5.0209e+00 +5.2712e+00 +5.0513e+00 +5.0903e+00 -5.3363e+00
7078 +7.448075261e-01 +7.448075261e-01 -1.695851925e+02 -1.703300000e+02 -4.5412e+00 -5.2328e+00 +4.9130e+00 +4.9346e+00 -5.0166e+00 -6.2126e+00 +5.1841e+00 +5.0513e+00 +5.0903e+00 -5.3363e+00
7476 +5.531928432e-01 +5.531928432e-01 -1.697768072e+02 -1.703300000e+02 -4.5877e+00 -5.2328e+00 +5.0128e+00 +4.9346e+00 -5.1194e+00 -5.7348e+00 +5.1841e+00 +5.0513e+00 +5.0903e+00 -5.7663e+00
8062 +3.002256298e-01 +3.002256298e-01 -1.700297744e+02 -1.703300000e+02 -4.9401e+00 -5.0994e+00 +5.0128e+00 +4.9346e+00 -5.0226e+00 -5.0915e+00 +5.1841e+00 +4.9944e+00 +5.0903e+00 -4.9934e+00
8262 +1.257270529e-01 +1.257270529e-01 -1.702042729e+02 -1.703300000e+02 -4.9401e+00 -5.0994e+00 +5.3051e+00 +5.1327e+00 -5.0226e+00 -6.2126e+00 +5.1841e+00 +5.3136e+00 +5.0903e+00 -4.9934e+00
8659 +5.345082892e-02 +5.345082892e-02 -1.702765492e+02 -1.703300000e+02 -4.9465e+00 -5.4175e+00 +5.3051e+00 +5.3301e+00 -5.1194e+00 -5.8503e+00 +5.1841e+00 +5.0513e+00 +5.0903e+00 -5.8797e+00
8855 +0.000000000e+00 +0.000000000e+00 -1.703300000e+02 -1.703300000e+02 -5.0277e+00 -5.2328e+00 +5.0128e+00 +5.3301e+00 -5.8759e+00 -5.8503e+00 +5.1841e+00 +5.0513e+00 +5.0903e+00 -5.2877e+00
% function evaluation | noise-free fitness - Fopt (4.136000000000e+01) | best noise-free fitness - Fopt | measured fitness | best measured fitness | x1 | x2...
1 +2.074257393e+02 +2.074257393e+02 +2.487857393e+02 +4.136000000e+01 -2.8352e-03 +3.9469e+00 -1.0734e+00 -1.8852e+00 +2.6079e+00 +3.8433e+00 +2.0589e+00 -3.6797e+00 -4.3403e+00 -2.8961e+00
181 +9.742940999e+01 +9.742940999e+01 +1.387894100e+02 +4.136000000e+01 +4.7223e+00 -5.5400e-02 +1.8004e+00 +2.9918e+00 +3.6788e+00 +2.0507e+00 -4.0772e+00 +3.6947e+00 -3.1836e+00 +1.5496e+00
738 +6.307022287e+01 +6.307022287e+01 +1.044302229e+02 +4.136000000e+01 -9.2557e-01 +3.8017e+00 -2.0834e+00 +1.3441e+00 +3.0505e+00 +1.5064e+00 -3.8983e+00 +4.6866e+00 -3.9118e+00 +4.0543e+00
1292 +3.918083407e+01 +3.918083407e+01 +8.054083407e+01 +4.136000000e+01 +1.4988e+00 +4.6595e+00 -4.6168e+00 +3.7975e+00 +3.7101e+00 +3.9954e+00 -4.5942e+00 +2.9289e+00 -4.1902e+00 +4.5759e+00
2249 +1.941733242e+01 +1.941733242e+01 +6.077733242e+01 +4.136000000e+01 +4.8117e+00 +4.3279e+00 -2.5351e+00 +4.1653e+00 +5.2483e+00 +3.8742e+00 -4.7040e+00 +5.0779e+00 -4.0919e+00 +5.0379e+00
3193 +1.408426097e+01 +1.408426097e+01 +5.544426097e+01 +4.136000000e+01 +5.0019e+00 +4.3279e+00 -3.0409e+00 +3.7975e+00 +4.9503e+00 +4.5887e+00 -4.5942e+00 +4.9438e+00 -4.5453e+00 +5.0379e+00
3386 +9.823603536e+00 +9.823603536e+00 +5.118360354e+01 +4.136000000e+01 +4.8117e+00 +5.3837e+00 -3.2926e+00 +4.5378e+00 +4.7662e+00 +4.5887e+00 -4.2109e+00 +5.0779e+00 -5.1706e+00 +5.0379e+00
3955 +5.535664247e+00 +5.535664247e+00 +4.689566425e+01 +4.136000000e+01 +5.2163e+00 +5.1172e+00 -3.2474e+00 +4.5378e+00 +4.9503e+00 +4.5887e+00 -5.5394e+00 +5.0779e+00 -5.1706e+00 +5.0379e+00
4528 +3.806156326e+00 +3.806156326e+00 +4.516615633e+01 +4.136000000e+01 +6.7473e+00 +5.3837e+00 -3.2474e+00 +4.6545e+00 +4.9503e+00 +5.0162e+00 -5.5394e+00 +5.0779e+00 -6.0418e+00 +5.0379e+00
5672 +1.358065272e+00 +1.358065272e+00 +4.271806527e+01 +4.136000000e+01 +5.8569e+00 +5.3837e+00 -4.6364e+00 +4.6545e+00 +4.9975e+00 +5.1043e+00 -5.0681e+00 +5.6469e+00 -5.1706e+00 +5.0379e+00
6050 +8.999210857e-01 +8.999210857e-01 +4.225992109e+01 +4.136000000e+01 +4.8515e+00 +5.3837e+00 -5.5908e+00 +4.6545e+00 +4.9975e+00 +5.1043e+00 -5.0681e+00 +5.6469e+00 -5.2281e+00 +5.0379e+00
6231 +6.066033955e-01 +6.066033955e-01 +4.196660340e+01 +4.136000000e+01 +5.8569e+00 +5.3837e+00 -4.6364e+00 +5.6237e+00 +5.3536e+00 +5.1043e+00 -5.3368e+00 +5.0779e+00 -5.1706e+00 +5.0379e+00
7175 +1.421085472e-14 +1.421085472e-14 +4.136000000e+01 +4.136000000e+01 +7.3887e+00 +5.3837e+00 -5.8151e+00 +5.7697e+00 +5.3536e+00 +5.3917e+00 -5.3368e+00 +6.5885e+00 -5.7831e+00 +5.2121e+00
% function evaluation | noise-free fitness - Fopt (2.583700000000e+02) | best noise-free fitness - Fopt | measured fitness | best measured fitness | x1 | x2...
1 +2.206519667e+02 +2.206519667e+02 +4.790219667e+02 +2.583700000e+02 +3.6594e+00 -2.5937e-01 +3.9859e+00 -3.5595e+00 +2.2588e+00 -4.4534e+00 -1.7442e+00 +4.9024e+00 -4.7788e+00 +2.0767e+00
195 +9.571566090e+01 +9.571566090e+01 +3.540856609e+02 +2.583700000e+02 +2.9974e+00 +4.3588e+00 +1.1649e-02 -2.8897e+00 +2.3586e+00 -4.6278e+00 -4.1141e+00 +4.2912e+00 +3.0099e-01 -4.1899e+00
586 +4.685511593e+01 +4.685511593e+01 +3.052251159e+02 +2.583700000e+02 -2.3033e+00 +1.4476e+00 -4.1581e+00 +4.5856e+00 +2.3586e+00 -4.6278e+00 -4.1141e+00 +4.4511e+00 +3.4982e+00 -4.0445e+00
1364 +3.448932871e+01 +3.448932871e+01 +2.928593287e+02 +2.583700000e+02 -4.0792e+00 +1.4476e+00 -4.2526e+00 +4.1764e+00 +2.7558e+00 -4.8468e+00 -3.8248e+00 +4.2753e+00 +3.9503e+00 -4.8763e+00
2333 +2.096686514e+01 +2.096686514e+01 +2.793368651e+02 +2.583700000e+02 -3.7322e+00 +4.0451e+00 -4.1581e+00 +4.5856e+00 +4.1499e+00 -4.6278e+00 -4.9909e+00 +4.8903e+00 +4.7146e+00 -4.0445e+00
2531 +1.528700603e+01 +1.528700603e+01 +2.736570060e+02 +2.583700000e+02 -2.2038e+00 +1.0994e+00 -4.1581e+00 +4.5856e+00 +4.8673e+00 -4.5718e+00 -4.9909e+00 +4.8903e+00 +4.7548e+00 -4.9351e+00
3106 +8.826967233e+00 +8.826967233e+00 +2.671969672e+02 +2.583700000e+02 -4.1007e+00 +4.0451e+00 -4.2526e+00 +4.9300e+00 +4.9108e+00 -4.8468e+00 -4.4393e+00 +4.8903e+00 +5.3485e+00 -4.8763e+00
4062 +5.944111291e+00 +5.944111291e+00 +2.643141113e+02 +2.583700000e+02 -4.1007e+00 +4.0451e+00 -4.1581e+00 +5.1707e+00 +4.8673e+00 -4.6278e+00 -4.9909e+00 +4.8903e+00 +5.3485e+00 -6.0266e+00
4649 +3.004112087e+00 +3.004112087e+00 +2.613741121e+02 +2.583700000e+02 -4.1007e+00 +4.9302e+00 -4.1581e+00 +4.9300e+00 +4.8673e+00 -4.9866e+00 -4.9909e+00 +5.4847e+00 +5.3485e+00 -5.7428e+00
5044 +2.217863460e+00 +2.217863460e+00 +2.605878635e+02 +2.583700000e+02 -5.0693e+00 +3.8028e+00 -4.9566e+00 +4.7638e+00 +5.0097e+00 -4.9866e+00 -4.9909e+00 +5.5318e+00 +5.4517e+00 -5.3772e+00
5829 +1.431170692e+00 +1.431170692e+00 +2.598011707e+02 +2.583700000e+02 -4.1007e+00 +5.6636e+00 -4.9566e+00 +5.1707e+00 +4.8673e+00 -4.9866e+00 -4.9909e+00 +5.5318e+00 +5.3485e+00 -6.0266e+00
6214 +9.540289384e-01 +9.540289384e-01 +2.593240289e+02 +2.583700000e+02 -4.2780e+00 +4.9464e+00 -4.9566e+00 +5.1707e+00 +5.0097e+00 -4.9866e+00 -4.9909e+00 +5.5318e+00 +6.3080e+00 -6.0266e+00
7181 +1.627308652e-01 +1.627308652e-01 +2.585327309e+02 +2.583700000e+02 -5.0206e+00 +5.4892e+00 -4.9566e+00 +5.1707e+00 +5.5311e+00 -4.9866e+00 -4.9909e+00 +5.5318e+00 +5.2859e+00 -5.8610e+00
7379 +1.147112567e-01 +1.147112567e-01 +2.584847113e+02 +2.583700000e+02 -5.3709e+00 +5.4892e+00 -4.9566e+00 +5.4793e+00 +5.5311e+00 -5.4486e+00 -4.9909e+00 +5.6753e+00 +5.2859e+00 -6.0266e+00
7767 +7.234274607e-02 +7.234274607e-02 +2.584423427e+02 +2.583700000e+02 -5.0206e+00 +5.4892e+00 -4.9566e+00 +5.4793e+00 +5.0097e+00 -5.2383e+00 -5.1486e+00 +5.5318e+00 +5.3485e+00 -5.7428e+00
7962 +4.801960846e-02 +4.801960846e-02 +2.584180196e+02 +2.583700000e+02 -5.0206e+00 +5.4892e+00 -5.6978e+00 +5.4793e+00 +5.1242e+00 -4.9866e+00 -5.3975e+00 +5.5318e+00 +5.3485e+00 -5.3168e+00
8356 +0.000000000e+00 +0.000000000e+00 +2.583700000e+02 +2.583700000e+02 -5.0206e+00 +5.4892e+00 -5.0427e+00 +5.4793e+00 +6.0837e+00 -5.3220e+00 -5.3975e+00 +5.5318e+00 +5.2859e+00 -5.3168e+00
% function evaluation | noise-free fitness - Fopt (-7.520000000000e+00) | best noise-free fitness - Fopt | measured fitness | best measured fitness | x1 | x2...
1 +1.634358228e+02 +1.634358228e+02 +1.559158228e+02 -7.520000000e+00 +6.9737e-01 -9.8349e-01 -1.1559e-01 +1.8895e+00 -3.0506e+00 -1.5958e+00 +4.9038e+00 +2.4330e+00 -2.5947e+00 +2.0236e+00
184 +7.769364551e+01 +7.769364551e+01 +7.017364551e+01 -7.520000000e+00 +1.6645e+00 -4.2592e+00 +4.7833e+00 +3.8012e+00 +1.9257e+00 -3.2232e+00 +4.0376e+00 -4.5134e+00 -2.6981e+00 +4.7071e+00
557 +5.867327148e+01 +5.867327148e+01 +5.115327148e+01 -7.520000000e+00 +1.6645e+00 +3.6843e-01 -4.7095e-01 -4.8271e+00 +4.4485e+00 -3.8691e+00 +2.7186e+00 -4.5134e+00 -2.6981e+00 +4.7071e+00
1111 +3.904401824e+01 +3.904401824e+01 +3.152401824e+01 -7.520000000e+00 +1.6645e+00 +3.6639e+00 +3.5855e+00 -4.9736e+00 +4.4485e+00 -3.8497e+00 +4.5199e+00 -4.5134e+00 -2.6981e+00 +4.7071e+00
1663 +2.316793912e+01 +2.316793912e+01 +1.564793912e+01 -7.520000000e+00 +1.6645e+00 +3.6639e+00 +4.3891e+00 -4.2625e+00 +4.4485e+00 -3.2676e+00 +4.5199e+00 -4.8949e+00 -4.7481e+00 +4.7071e+00
2395 +1.371540717e+01 +1.371540717e+01 +6.195407169e+00 -7.520000000e+00 +3.1488e+00 +4.8641e+00 +5.2115e+00 -4.1028e+00 +3.9458e+00 -4.8656e+00 +4.1823e+00 -4.5757e+00 -5.0230e+00 +6.4622e+00
2587 +9.853890793e+00 +9.853890793e+00 +2.333890793e+00 -7.520000000e+00 +1.6868e+00 +4.8641e+00 +4.7833e+00 -4.8271e+00 +5.0407e+00 -4.5664e+00 +4.9040e+00 -4.8949e+00 -4.7481e+00 +4.8953e+00
2954 +6.206746544e+00 +6.206746544e+00 -1.313253456e+00 -7.520000000e+00 +5.4030e+00 +4.8641e+00 +5.4842e+00 -4.8271e+00 +4.1884e+00 -4.8656e+00 +5.6151e+00 -4.5134e+00 -5.0230e+00 +6.4622e+00
3696 +2.994359837e+00 +2.994359837e+00 -4.525640163e+00 -7.520000000e+00 +4.9183e+00 +4.8641e+00 +4.7833e+00 -4.9736e+00 +4.4485e+00 -4.9058e+00 +4.9040e+00 -5.0809e+00 -5.8298e+00 +5.1950e+00
3883 +1.741594250e+00 +1.741594250e+00 -5.778405750e+00 -7.520000000e+00 +4.8159e+00 +4.8641e+00 +4.7833e+00 -4.9736e+00 +4.9875e+00 -4.8656e+00 +4.9040e+00 -5.4226e+00 -5.0230e+00 +6.4622e+00
4259 +1.067289521e+00 +1.067289521e+00 -6.452710479e+00 -7.520000000e+00 +4.9183e+00 +5.0604e+00 +5.2115e+00 -4.9736e+00 +5.0241e+00 -4.8656e+00 +4.9040e+00 -5.4226e+00 -5.8298e+00 +6.4622e+00
4433 +7.973624158e-01 +7.973624158e-01 -6.722637584e+00 -7.520000000e+00 +4.9183e+00 +4.8641e+00 +5.2115e+00 -4.9736e+00 +5.0407e+00 -4.8656e+00 +5.0576e+00 -5.4237e+00 -5.8298e+00 +6.4622e+00
4980 +4.165748267e-01 +4.165748267e-01 -7.103425173e+00 -7.520000000e+00 +4.8159e+00 +4.8641e+00 +5.2115e+00 -4.9736e+00 +5.0241e+00 -5.1867e+00 +5.0576e+00 -5.0520e+00 -5.0230e+00 +6.4622e+00
5169 +5.693869199e-02 +5.693869199e-02 -7.463061308e+00 -7.520000000e+00 +5.8993e+00 +5.4781e+00 +5.2674e+00 -4.9736e+00 +5.1172e+00 -5.3076e+00 +5.0576e+00 -5.1442e+00 -5.0230e+00 +6.4622e+00
6089 -1.065814104e-14 -1.065814104e-14 -7.520000000e+00 -7.520000000e+00 +5.4030e+00 +5.1886e+00 +5.2115e+00 -5.4835e+00 +5.0241e+00 -5.1867e+00 +5.0576e+00 -5.7954e+00 -5.4062e+00 +6.4622e+00
% function evaluation | noise-free fitness - Fopt (2.477800000000e+02) | best noise-free fitness - Fopt | measured fitness | best measured fitness | x1 | x2...
1 +1.579763126e+02 +1.579763126e+02 +4.057563126e+02 +2.477800000e+02 +1.7066e+00 -3.6042e+00 -1.1930e+00 -5.3740e-01 +3.4155e+00 +2.5208e+00 +4.2029e+00 -3.3394e+00 -2.3055e+00 +3.3683e-01
199 +6.877886986e+01 +6.877886986e+01 +3.165588699e+02 +2.477800000e+02 +1.5261e+00 -3.9657e+00 -3.7772e+00 -1.4069e+00 -1.2312e+00 +4.6829e+00 +4.9891e+00 -4.0539e+00 -3.6666e+00 -4.9382e+00
597 +5.696150970e+01 +5.696150970e+01 +3.047415097e+02 +2.477800000e+02 -2.9075e+00 -2.3835e-02 -5.0633e-01 -3.2223e+00 -1.4221e+00 +4.7426e+00 +3.3235e+00 -4.3647e+00 -4.5445e+00 -4.0632e+00
1787 +3.658544599e+01 +3.658544599e+01 +2.843654460e+02 +2.477800000e+02 -3.6675e+00 +2.8153e+00 +3.4584e+00 -2.0575e+00 -4.2225e+00 +4.6829e+00 +3.3235e+00 -4.3647e+00 -4.3291e+00 -4.6568e+00
2184 +2.437816082e+01 +2.437816082e+01 +2.721581608e+02 +2.477800000e+02 -3.3875e+00 +4.1660e+00 +2.2780e+00 -3.5667e+00 -4.2225e+00 +4.7426e+00 +4.9891e+00 -4.0539e+00 -4.5837e+00 -4.7974e+00
3380 +1.584406536e+01 +1.584406536e+01 +2.636240654e+02 +2.477800000e+02 -1.0570e+00 +4.1660e+00 +3.1841e+00 -3.5667e+00 -4.4851e+00 +5.0125e+00 +4.9891e+00 -5.3725e+00 -4.5837e+00 -5.5290e+00
4574 +8.026418945e+00 +8.026418945e+00 +2.558064189e+02 +2.477800000e+02 -3.3875e+00 +4.1068e+00 +4.6785e+00 -3.5667e+00 -4.7090e+00 +4.9560e+00 +4.9891e+00 -5.1251e+00 -5.1558e+00 -4.9382e+00
5167 +5.879661161e+00 +5.879661161e+00 +2.536596612e+02 +2.477800000e+02 -3.3875e+00 +4.3030e+00 +4.6785e+00 -5.1768e+00 -4.2797e+00 +4.9560e+00 +4.9891e+00 -5.0205e+00 -5.1558e+00 -4.9382e+00
5965 +2.771737097e+00 +2.771737097e+00 +2.505517371e+02 +2.477800000e+02 -3.5075e+00 +4.5862e+00 +4.6785e+00 -5.1768e+00 -5.5521e+00 +4.9560e+00 +4.9891e+00 -5.1251e+00 -5.1558e+00 -6.0146e+00
6365 +2.077260842e+00 +2.077260842e+00 +2.498572608e+02 +2.477800000e+02 -3.6675e+00 +6.5870e+00 +4.6785e+00 -5.1768e+00 -5.5521e+00 +4.9560e+00 +4.9891e+00 -5.5286e+00 -5.1558e+00 -6.0146e+00
6765 +1.386898518e+00 +1.386898518e+00 +2.491668985e+02 +2.477800000e+02 -4.8114e+00 +6.5870e+00 +4.6785e+00 -5.1768e+00 -5.5521e+00 +4.9560e+00 +4.9891e+00 -4.9243e+00 -5.1558e+00 -5.0820e+00
6964 +9.333405589e-01 +9.333405589e-01 +2.487133406e+02 +2.477800000e+02 -4.8114e+00 +5.2166e+00 +4.6785e+00 -5.1768e+00 -5.5521e+00 +4.9560e+00 +4.9891e+00 -5.1251e+00 -5.1558e+00 -6.0146e+00
7362 +3.650082548e-01 +3.650082548e-01 +2.481450083e+02 +2.477800000e+02 -4.8114e+00 +6.5870e+00 +4.9889e+00 -5.1768e+00 -5.0054e+00 +4.9560e+00 +5.1783e+00 -5.5286e+00 -5.1558e+00 -6.0146e+00
7758 +2.390846527e-01 +2.390846527e-01 +2.480190847e+02 +2.477800000e+02 -4.8114e+00 +6.5870e+00 +5.0361e+00 -5.1768e+00 -5.5521e+00 +5.3742e+00 +4.9891e+00 -5.0205e+00 -5.1558e+00 -5.0773e+00
8157 +5.053133745e-02 +5.053133745e-02 +2.478305313e+02 +2.477800000e+02 -5.1916e+00 +5.1626e+00 +5.0361e+00 -5.1768e+00 -5.5521e+00 +5.3742e+00 +4.9891e+00 -5.2919e+00 -5.1558e+00 -5.0773e+00
8557 -2.842170943e-14 -2.842170943e-14 +2.477800000e+02 +2.477800000e+02 -5.4981e+00 +6.5870e+00 +5.0361e+00 -5.1768e+00 -5.0054e+00 +5.3742e+00 +5.3177e+00 -5.2856e+00 -5.1558e+00 -6.0146e+00
% function evaluation | noise-free fitness - Fopt (-1.722000000000e+01) | best noise-free fitness - Fopt | measured fitness | best measured fitness | x1 | x2...
1 +1.989701268e+02 +1.989701268e+02 +1.817501268e+02 -1.722000000e+01 -3.1293e+00 +3.5795e+00 -8.9113e-01 -4.4536e+00 -4.1774e+00 +1.6653e+00 +1.7259e+00 -2.3648e-01 +1.4385e-01 +1.5440e+00
189 +1.024213830e+02 +1.024213830e+02 +8.520138303e+01 -1.722000000e+01 +8.5264e-01 -1.6591e+00 -2.2408e+00 -5.2191e-01 +3.2718e+00 -2.1683e+00 -4.1524e+00 +4.5645e+00 +1.2940e-02 +4.3901e+00
370 +9.111062888e+01 +9.111062888e+01 +7.389062888e+01 -1.722000000e+01 +2.0092e+00 +4.5990e+00 +2.3602e+00 -2.0301e+00 +1.6017e+00 -7.0445e-01 -2.8866e+00 +1.2484e+00 +4.6388e+00 +3.7208e+00
552 +5.980272293e+01 +5.980272293e+01 +4.258272293e+01 -1.722000000e+01 +8.5264e-01 +2.9671e+00 -2.2408e+00 -5.2191e-01 +3.2718e+00 -2.1683e+00 -4.1524e+00 +4.5645e+00 +4.7457e+00 +4.3901e+00
1276 +3.406969749e+01 +3.406969749e+01 +1.684969749e+01 -1.722000000e+01 +4.0554e+00 +3.1856e+00 +3.8286e+00 -3.8733e+00 +4.3801e+00 -4.8632e+00 -2.8866e+00 +4.5645e+00 +4.6388e+00 +4.9144e+00
1835 +2.484673776e+01 +2.484673776e+01 +7.626737764e+00 -1.722000000e+01 +4.0554e+00 +3.1856e+00 +3.8286e+00 -3.0533e+00 +4.2834e+00 -4.8632e+00 -4.7097e+00 +4.5645e+00 +5.2155e+00 +4.9144e+00
2399 +1.204168441e+01 +1.204168441e+01 -5.178315594e+00 -1.722000000e+01 -4.5165e+00 +4.7108e+00 +4.5368e+00 -4.8121e+00 +3.9010e+00 -4.8632e+00 -4.7737e+00 +4.5645e+00 +4.6388e+00 +5.1026e+00
2779 +9.650669359e+00 +9.650669359e+00 -7.569330641e+00 -1.722000000e+01 -4.5165e+00 +4.8870e+00 +4.5508e+00 -4.6224e+00 +4.3801e+00 -4.8632e+00 -4.4732e+00 +5.3315e+00 +4.6388e+00 +5.1230e+00
3521 +5.561719861e+00 +5.561719861e+00 -1.165828014e+01 -1.722000000e+01 -4.5165e+00 +4.7108e+00 +4.5368e+00 -4.8121e+00 +4.8356e+00 -5.6103e+00 -4.7097e+00 +4.8467e+00 +4.9541e+00 +4.9552e+00
4460 +2.811049866e+00 +2.811049866e+00 -1.440895013e+01 -1.722000000e+01 -3.9450e+00 +4.8870e+00 +4.9587e+00 -4.8121e+00 +4.8356e+00 -4.8632e+00 -5.1744e+00 +5.3315e+00 +4.9758e+00 +5.7196e+00
4649 +2.283061872e+00 +2.283061872e+00 -1.493693813e+01 -1.722000000e+01 -4.9110e+00 +4.8870e+00 +4.5508e+00 -4.8121e+00 +4.8553e+00 -4.8632e+00 -5.3353e+00 +5.0224e+00 +5.1773e+00 +5.1026e+00
5019 +1.304412688e+00 +1.304412688e+00 -1.591558731e+01 -1.722000000e+01 -4.7189e+00 +4.7108e+00 +4.8891e+00 -5.4117e+00 +4.8356e+00 -5.6103e+00 -4.9984e+00 +5.4538e+00 +6.1466e+00 +5.1026e+00
5405 +6.886697858e-01 +6.886697858e-01 -1.653133021e+01 -1.722000000e+01 -4.9110e+00 +4.8870e+00 +4.9587e+00 -5.4117e+00 +5.5596e+00 -5.6103e+00 -4.9171e+00 +5.3315e+00 +5.1007e+00 +5.1230e+00
5774 +6.154881532e-01 +6.154881532e-01 -1.660451185e+01 -1.722000000e+01 -4.9110e+00 +5.2377e+00 +4.9587e+00 -5.4117e+00 +4.8356e+00 -5.4752e+00 -5.0484e+00 +6.0347e+00 +5.2155e+00 +5.1230e+00
5964 +2.810731702e-01 +2.810731702e-01 -1.693892683e+01 -1.722000000e+01 -4.7189e+00 +5.0293e+00 +5.4443e+00 -5.4117e+00 +5.5513e+00 -5.6103e+00 -5.0484e+00 +5.4538e+00 +5.2155e+00 +5.4733e+00
6328 +8.901203655e-02 +8.901203655e-02 -1.713098796e+01 -1.722000000e+01 -4.9110e+00 +5.3591e+00 +5.4443e+00 -5.4117e+00 +5.5596e+00 -5.6683e+00 -5.0484e+00 +5.3315e+00 +5.2155e+00 +5.5958e+00
6699 +0.000000000e+00 +0.000000000e+00 -1.722000000e+01 -1.722000000e+01 -5.1158e+00 +6.0965e+00 +5.4443e+00 -5.4117e+00 +5.5596e+00 -5.4752e+00 -5.5580e+00 +5.4538e+00 +5.2155e+00 +5.5958e+00
% function evaluation | noise-free fitness - Fopt (-6.010200000000e+02) | best noise-free fitness - Fopt | measured fitness | best measured fitness | x1 | x2...
1 +1.906600299e+02 +1.906600299e+02 -4.103599701e+02 -6.010200000e+02 -9.0438e-01 +8.4666e-01 +1.8149e-02 +4.2270e+00 +3.6202e+00 -1.1393e+00 -6.4519e-01 -4.1843e+00 +2.7856e+00 -3.5189e+00
197 +5.464741175e+01 +5.464741175e+01 -5.463725883e+02 -6.010200000e+02 +2.5314e+00 -9.4553e-01 -4.5965e+00 -1.2720e+00 +3.2505e+00 +1.3552e+00 +5.1043e+00 -4.6991e+00 +4.8951e+00 +4.4528e+00
1193 +3.214644783e+01 +3.214644783e+01 -5.688735522e+02 -6.010200000e+02 +2.6520e+00 +2.0497e+00 -4.9514e+00 -4.2984e+00 -8.2875e-01 -4.8332e+00 +4.6851e+00 -4.6991e+00 +4.8951e+00 +4.6501e+00
1785 +1.871818155e+01 +1.871818155e+01 -5.823018185e+02 -6.010200000e+02 +2.2078e+00 +1.8509e+00 -4.9514e+00 -3.4526e+00 +4.8516e+00 -4.8332e+00 +4.8719e+00 -4.4181e+00 +4.5675e+00 +5.1214e+00
2181 +1.530971911e+01 +1.530971911e+01 -5.857102809e+02 -6.010200000e+02 +3.6085e+00 +3.2149e+00 -3.5557e+00 -3.9038e+00 +4.7712e+00 -5.1683e+00 +4.9806e+00 -4.6991e+00 +4.8951e+00 +4.6501e+00
3568 +9.387849750e+00 +9.387849750e+00 -5.916321502e+02 -6.010200000e+02 +4.2817e+00 +3.1476e+00 -4.8977e+00 -4.2984e+00 +4.8516e+00 -4.7658e+00 +5.3926e+00 -5.4327e+00 +4.8951e+00 +4.7472e+00
4164 +5.823693498e+00 +5.823693498e+00 -5.951963065e+02 -6.010200000e+02 +3.8545e+00 +3.5415e+00 -4.9514e+00 -5.8354e+00 +4.7657e+00 -4.8332e+00 +4.6851e+00 -6.0989e+00 +5.2499e+00 +5.5065e+00
4946 +3.282695475e+00 +3.282695475e+00 -5.977373045e+02 -6.010200000e+02 +4.2817e+00 +3.5415e+00 -4.9514e+00 -6.2758e+00 +5.5854e+00 -4.8332e+00 +5.0036e+00 -5.5980e+00 +5.5937e+00 +5.1000e+00
5739 +1.935439220e+00 +1.935439220e+00 -5.990845608e+02 -6.010200000e+02 +4.6659e+00 +4.3716e+00 -4.8860e+00 -5.8354e+00 +5.4806e+00 -4.8332e+00 +5.3926e+00 -5.2165e+00 +5.2822e+00 +5.1214e+00
5935 +1.335843357e+00 +1.335843357e+00 -5.996841566e+02 -6.010200000e+02 +4.6659e+00 +4.3716e+00 -4.8860e+00 -5.3322e+00 +5.5854e+00 -5.0442e+00 +5.2551e+00 -5.2165e+00 +5.2822e+00 +5.1214e+00
6532 +9.990938453e-01 +9.990938453e-01 -6.000209062e+02 -6.010200000e+02 +4.4949e+00 +5.0731e+00 -4.9514e+00 -5.8354e+00 +4.8516e+00 -5.5234e+00 +5.3926e+00 -6.0989e+00 +5.4320e+00 +5.1000e+00
6728 +5.862191388e-01 +5.862191388e-01 -6.004337809e+02 -6.010200000e+02 +4.4949e+00 +5.0731e+00 -4.9514e+00 -5.3322e+00 +5.4711e+00 -5.5187e+00 +5.3926e+00 -5.2165e+00 +5.4320e+00 +5.1000e+00
7326 +3.269925046e-01 +3.269925046e-01 -6.006930075e+02 -6.010200000e+02 +4.7541e+00 +5.0731e+00 -4.9514e+00 -5.8354e+00 +5.4711e+00 -5.2234e+00 +5.1494e+00 -6.0989e+00 +5.0389e+00 +5.1000e+00
7526 +8.112951275e-02 +8.112951275e-02 -6.009388705e+02 -6.010200000e+02 +5.0878e+00 +5.2894e+00 -4.9514e+00 -6.1201e+00 +5.5854e+00 -5.1190e+00 +5.3926e+00 -5.6085e+00 +5.2822e+00 +5.0845e+00
7726 +0.000000000e+00 +0.000000000e+00 -6.010200000e+02 -6.010200000e+02 +5.8111e+00 +5.0731e+00 -6.2734e+00 -5.8354e+00 +5.4711e+00 -6.4283e+00 +5.3926e+00 -6.6995e+00 +5.0389e+00 +5.1000e+00
% function evaluation | noise-free fitness - Fopt (-1.000000000000e+03) | best noise-free fitness - Fopt | measured fitness | best measured fitness | x1 | x2...
1 +2.838233137e+02 +2.838233137e+02 -7.161766863e+02 -1.000000000e+03 -3.3267e+00 -1.8914e+00 +3.9927e+00 +4.3673e+00 -2.8844e+00 -2.5472e+00 -1.1662e+00 -2.1344e+00 +2.8127e+00 +1.6182e+00
195 +6.880541167e+01 +6.880541167e+01 -9.311945883e+02 -1.000000000e+03 +1.2765e+00 -6.8928e-03 -9.1305e-01 -2.4096e+00 +4.9427e-01 +4.2259e+00 -3.8293e+00 +4.8203e+00 -2.5280e+00 -4.4736e+00
380 +5.821188823e+01 +5.821188823e+01 -9.417881118e+02 -1.000000000e+03 +2.6301e+00 -9.6426e-01 -4.1498e+00 -4.9355e+00 +5.8761e-01 +3.2475e+00 -4.1768e+00 +2.1493e+00 -4.8514e+00 -4.1564e+00
939 +3.938852666e+01 +3.938852666e+01 -9.606114733e+02 -1.000000000e+03 +2.6301e+00 -2.9544e+00 -4.1498e+00 -4.6822e+00 +5.8761e-01 +3.9008e+00 -3.4219e+00 +4.2678e+00 -4.8718e+00 -4.6661e+00
2432 +2.010196442e+01 +2.010196442e+01 -9.798980356e+02 -1.000000000e+03 +3.7910e+00 -3.2071e+00 -4.2469e+00 -4.6822e+00 +4.8712e+00 +3.8589e+00 -4.2727e+00 +4.6144e+00 -4.8514e+00 -4.6661e+00
3555 +1.568125173e+01 +1.568125173e+01 -9.843187483e+02 -1.000000000e+03 +3.7910e+00 -4.2938e+00 -4.2469e+00 -4.6822e+00 +5.0778e+00 +4.1093e+00 -4.8005e+00 +4.8203e+00 -4.8514e+00 -4.4736e+00
3924 +9.266310009e+00 +9.266310009e+00 -9.907336900e+02 -1.000000000e+03 +3.7910e+00 -4.2938e+00 -4.2469e+00 -4.6822e+00 +5.0778e+00 +4.1093e+00 -4.8005e+00 +4.8203e+00 -5.3891e+00 -5.0649e+00
5026 +5.153550168e+00 +5.153550168e+00 -9.948464498e+02 -1.000000000e+03 +3.7910e+00 -4.7543e+00 -4.2469e+00 -4.6822e+00 +5.0778e+00 +4.8531e+00 -6.2550e+00 +4.9724e+00 -4.8718e+00 -5.2808e+00
5397 +3.843345765e+00 +3.843345765e+00 -9.961566542e+02 -1.000000000e+03 +3.7910e+00 -5.0244e+00 -4.2469e+00 -4.6822e+00 +5.0778e+00 +4.8531e+00 -6.2550e+00 +4.9724e+00 -5.2708e+00 -5.1272e+00
6516 +2.015277597e+00 +2.015277597e+00 -9.979847224e+02 -1.000000000e+03 +3.7910e+00 -5.0244e+00 -4.9323e+00 -5.0016e+00 +5.0778e+00 +4.8531e+00 -6.2550e+00 +4.9724e+00 -5.2708e+00 -5.1272e+00
7084 +1.487450617e+00 +1.487450617e+00 -9.985125494e+02 -1.000000000e+03 +3.7910e+00 -5.0244e+00 -4.9323e+00 -5.4294e+00 +5.0778e+00 +5.2117e+00 -6.2550e+00 +4.9724e+00 -5.2708e+00 -5.1272e+00
8179 +5.394637319e-01 +5.394637319e-01 -9.994605363e+02 -1.000000000e+03 +4.7390e+00 -5.0244e+00 -4.9323e+00 -5.4294e+00 +5.0778e+00 +5.2117e+00 -6.2550e+00 +4.9724e+00 -5.2708e+00 -5.0649e+00
8736 +3.140116587e-01 +3.140116587e-01 -9.996859883e+02 -1.000000000e+03 +4.7390e+00 -5.0244e+00 -4.9682e+00 -5.4294e+00 +5.0778e+00 +5.2117e+00 -6.2550e+00 +5.1207e+00 -5.2708e+00 -5.0649e+00
9286 +5.296282690e-02 +5.296282690e-02 -9.999470372e+02 -1.000000000e+03 +5.7319e+00 -5.0244e+00 -4.9682e+00 -5.5554e+00 +5.0778e+00 +5.3872e+00 -6.2550e+00 +5.1309e+00 -5.3891e+00 -5.1272e+00
16176 +7.214119982e-03 +7.214119982e-03 -9.999927859e+02 -1.000000000e+03 +5.1927e+00 -5.2210e+00 -5.0548e+00 -5.4725e+00 +4.9974e+00 +5.2151e+00 -5.2578e+00 +5.2533e+00 -5.6146e+00 -5.3610e+00
16371 +0.000000000e+00 +0.000000000e+00 -1.000000000e+03 -1.000000000e+03 +5.4381e+00 -5.6733e+00 -5.2410e+00 -5.3365e+00 +5.7876e+00 +5.3628e+00 -5.2578e+00 +5.2533e+00 -5.4601e+00 -5.3610e+00
