% function evaluation | noise-free fitness - Fopt (-2.098800000000e+02) | best noise-free fitness - Fopt | measured fitness | best measured fitness | x1 | x2...
1 +8.125727418e+06 +8.125727418e+06 +8.125517538e+06 -2.098800000e+02 -4.1272e+00 +9.8234e-01 +9.8129e-01 -2.2478e+00 -1.0288e+00
190 +9.117180904e+03 +9.117180904e+03 +8.907300904e+03 -2.098800000e+02 -3.6780e+00 +4.3578e+00 +3.9439e+00 +2.5002e+00 +1.6905e+00
450 +4.404697049e+03 +4.404697049e+03 +4.194817049e+03 -2.098800000e+02 +1.6203e+00 +2.9382e+00 +3.9439e+00 +2.5002e+00 +1.7214e+00
708 +3.909703389e+03 +3.909703389e+03 +3.699823389e+03 -2.098800000e+02 +1.1495e+00 -4.6314e-01 +3.9439e+00 +2.3134e+00 +1.7214e+00
796 +2.184152385e+03 +2.184152385e+03 +1.974272385e+03 -2.098800000e+02 +1.6203e+00 -4.6314e-01 +3.9439e+00 +2.3134e+00 +1.7452e+00
2286 +1.364047452e+03 +1.364047452e+03 +1.154167452e+03 -2.098800000e+02 +1.1495e+00 +4.6465e-01 +3.5651e+00 +2.3627e+00 +1.7510e+00
2720 +3.470647407e+02 +3.470647407e+02 +1.371847407e+02 -2.098800000e+02 +1.1495e+00 +4.6465e-01 +3.5651e+00 +2.3660e+00 +1.7675e+00
10220 +4.772338875e+01 +4.772338875e+01 -1.621566113e+02 -2.098800000e+02 +1.2318e+00 +4.6465e-01 +3.5580e+00 +2.3746e+00 +1.7786e+00
27825 +3.342594459e+01 +3.342594459e+01 -1.764540554e+02 -2.098800000e+02 +1.2100e+00 +4.4614e-01 +3.5580e+00 +2.3842e+00 +1.7800e+00
42666 +6.992748437e+00 +6.992748437e+00 -2.028872516e+02 -2.098800000e+02 +1.2100e+00 +4.4872e-01 +3.5580e+00 +2.3842e+00 +1.7884e+00
42933 +5.877881717e-01 +5.877881717e-01 -2.092922118e+02 -2.098800000e+02 +1.2100e+00 +4.4872e-01 +3.5580e+00 +2.3842e+00 +1.7863e+00
46082 +1.522525882e-01 +1.522525882e-01 -2.097277474e+02 -2.098800000e+02 +1.2100e+00 +4.4614e-01 +3.5548e+00 +2.3842e+00 +1.7857e+00
66153 +5.783655545e-02 +5.783655545e-02 -2.098221634e+02 -2.098800000e+02 +1.2100e+00 +4.4632e-01 +3.5548e+00 +2.3852e+00 +1.7857e+00
125386 +3.783778896e-02 +3.783778896e-02 -2.098421622e+02 -2.098800000e+02 +1.2057e+00 +4.4872e-01 +3.5548e+00 +2.3873e+00 +1.7857e+00
185446 +1.785690368e-02 +1.785690368e-02 -2.098621431e+02 -2.098800000e+02 +1.2057e+00 +4.4872e-01 +3.5548e+00 +2.3857e+00 +1.7856e+00
186251 +2.801481794e-03 +2.801481794e-03 -2.098771985e+02 -2.098800000e+02 +1.2057e+00 +4.4872e-01 +3.5544e+00 +2.3863e+00 +1.7856e+00
% function evaluation | noise-free fitness - Fopt (-9.209000000000e+01) | best noise-free fitness - Fopt | measured fitness | best measured fitness | x1 | x2...
1 +1.873510414e+07 +1.873510414e+07 +1.873501205e+07 -9.209000000e+01 -2.1071e+00 +3.4692e+00 -1.5922e+00 +1.1354e+00 +4.1695e+00
198 +2.057929930e+04 +2.057929930e+04 +2.048720930e+04 -9.209000000e+01 -2.7868e+00 -1.1907e+00 -2.7189e+00 -1.7885e+00 -1.4105e-02
293 +1.397169911e+04 +1.397169911e+04 +1.387960911e+04 -9.209000000e+01 -2.7868e+00 +2.0659e+00 -9.9703e-01 -1.7885e+00 -1.4105e-02
392 +9.215040342e+03 +9.215040342e+03 +9.122950342e+03 -9.209000000e+01 -2.7868e+00 -1.1907e+00 -2.7189e+00 -1.7885e+00 -8.0716e-02
486 +1.555602120e+03 +1.555602120e+03 +1.463512120e+03 -9.209000000e+01 -2.7868e+00 +2.0659e+00 -2.9084e-01 -1.7758e+00 -8.0716e-02
1547 +8.467143269e+02 +8.467143269e+02 +7.546243269e+02 -9.209000000e+01 +2.4699e-02 +2.9617e+00 +5.9003e-02 -1.8374e+00 -9.1826e-02
3104 +5.431960616e+02 +5.431960616e+02 +4.511060616e+02 -9.209000000e+01 +7.3399e-01 +2.6253e+00 +9.1893e-02 -1.8354e+00 -9.6753e-02
3782 +4.308890612e+00 +4.308890612e+00 -8.778110939e+01 -9.209000000e+01 +1.8541e+00 +2.6253e+00 +9.1893e-02 -1.8354e+00 -1.2000e-01
3878 +2.796830761e+00 +2.796830761e+00 -8.929316924e+01 -9.209000000e+01 +7.3399e-01 +2.6253e+00 +9.1893e-02 -1.8354e+00 -1.2000e-01
20539 +2.055249579e+00 +2.055249579e+00 -9.003475042e+01 -9.209000000e+01 +7.3399e-01 +2.6253e+00 +9.1893e-02 -1.8194e+00 -1.2000e-01
21010 +6.301785725e-01 +6.301785725e-01 -9.145982143e+01 -9.209000000e+01 +7.3399e-01 +2.6253e+00 +9.1893e-02 -1.8253e+00 -1.2000e-01
57572 +9.622852154e-02 +9.622852154e-02 -9.199377148e+01 -9.209000000e+01 +7.2554e-01 +2.6194e+00 +9.1893e-02 -1.8253e+00 -1.1895e-01
177188 +4.396547678e-02 +4.396547678e-02 -9.204603452e+01 -9.209000000e+01 +7.2554e-01 +2.6226e+00 +9.0520e-02 -1.8261e+00 -1.1902e-01
374471 +6.903913371e-03 +6.903913371e-03 -9.208309609e+01 -9.209000000e+01 +7.2554e-01 +2.6215e+00 +9.0374e-02 -1.8264e+00 -1.1912e-01
% function evaluation | noise-free fitness - Fopt (-8.789000000000e+01) | best noise-free fitness - Fopt | measured fitness | best measured fitness | x1 | x2...
1 +5.412460341e+04 +5.412460341e+04 +5.403671341e+04 -8.789000000e+01 +1.7523e+00 -3.6900e+00 +2.2881e+00 -2.2357e+00 -3.3074e+00
195 +5.265559133e+03 +5.265559133e+03 +5.177669133e+03 -8.789000000e+01 -4.5143e+00 -1.9304e+00 +1.5070e+00 -2.1460e+00 -3.1536e+00
376 +3.348388270e+03 +3.348388270e+03 +3.260498270e+03 -8.789000000e+01 +3.1024e+00 +4.0418e+00 +1.5070e+00 -2.1460e+00 -3.1412e+00
1202 +1.553139330e+03 +1.553139330e+03 +1.465249330e+03 -8.789000000e+01 +5.4726e-01 +4.0418e+00 +1.2234e+00 -2.1304e+00 -3.1191e+00
1471 +4.362253022e+02 +4.362253022e+02 +3.483353022e+02 -8.789000000e+01 +5.4726e-01 +3.6305e+00 +1.2536e+00 -2.1304e+00 -3.1031e+00
1567 +1.113105329e+02 +1.113105329e+02 +2.342053287e+01 -8.789000000e+01 +5.4726e-01 +3.7487e+00 +1.2536e+00 -2.1304e+00 -3.0726e+00
2013 +3.462010712e+01 +3.462010712e+01 -5.326989288e+01 -8.789000000e+01 +5.4726e-01 +3.6305e+00 +1.2536e+00 -2.0943e+00 -3.0771e+00
2553 +1.153819762e+01 +1.153819762e+01 -7.635180238e+01 -8.789000000e+01 +2.7921e-01 +3.6305e+00 +1.2536e+00 -2.0943e+00 -3.0805e+00
7132 +8.792790196e+00 +8.792790196e+00 -7.909720980e+01 -8.789000000e+01 +3.1153e-01 +3.6905e+00 +1.2201e+00 -2.1034e+00 -3.0797e+00
7423 +2.284893774e+00 +2.284893774e+00 -8.560510623e+01 -8.789000000e+01 +2.5110e-01 +3.6905e+00 +1.2201e+00 -2.1034e+00 -3.0819e+00
7523 +1.578328646e+00 +1.578328646e+00 -8.631167135e+01 -8.789000000e+01 +2.5110e-01 +3.6905e+00 +1.2639e+00 -2.1034e+00 -3.0819e+00
10300 +4.703888931e-01 +4.703888931e-01 -8.741961111e+01 -8.789000000e+01 +2.3179e-01 +3.6331e+00 +1.2536e+00 -2.1130e+00 -3.0822e+00
30592 +3.101730941e-01 +3.101730941e-01 -8.757982691e+01 -8.789000000e+01 +2.3518e-01 +3.6472e+00 +1.2536e+00 -2.1066e+00 -3.0822e+00
31282 +1.591772680e-01 +1.591772680e-01 -8.773082273e+01 -8.789000000e+01 +2.3518e-01 +3.6472e+00 +1.2536e+00 -2.1113e+00 -3.0822e+00
31868 +1.548146569e-01 +1.548146569e-01 -8.773518534e+01 -8.789000000e+01 +2.3518e-01 +3.6472e+00 +1.2533e+00 -2.1113e+00 -3.0822e+00
75782 +8.468038370e-02 +8.468038370e-02 -8.780531962e+01 -8.789000000e+01 +2.3887e-01 +3.6472e+00 +1.2510e+00 -2.1106e+00 -3.0822e+00
99330 +5.425753626e-02 +5.425753626e-02 -8.783574246e+01 -8.789000000e+01 +2.3887e-01 +3.6460e+00 +1.2510e+00 -2.1094e+00 -3.0822e+00
123547 +1.363716063e-02 +1.363716063e-02 -8.787636284e+01 -8.789000000e+01 +2.3949e-01 +3.6458e+00 +1.2493e+00 -2.1094e+00 -3.0823e+00
398071 +6.428890183e-03 +6.428890183e-03 -8.788357111e+01 -8.789000000e+01 +2.3941e-01 +3.6458e+00 +1.2497e+00 -2.1096e+00 -3.0825e+00
% function evaluation | noise-free fitness - Fopt (3.201900000000e+02) | best noise-free fitness - Fopt | measured fitness | best measured fitness | x1 | x2...
1 +2.886390459e+06 +2.886390459e+06 +2.886710649e+06 +3.201900000e+02 -3.4686e+00 -1.7287e+00 +7.3532e-01 +4.3697e+00 -2.0040e+00
198 +3.937698427e+03 +3.937698427e+03 +4.257888427e+03 +3.201900000e+02 +2.6167e+00 +1.4812e-02 +1.8570e+00 -7.3904e-01 -3.5263e+00
382 +9.173520517e+02 +9.173520517e+02 +1.237542052e+03 +3.201900000e+02 +2.6167e+00 +1.4812e-02 +1.8570e+00 -7.3904e-01 -3.4782e+00
758 +6.264255457e+02 +6.264255457e+02 +9.466155457e+02 +3.201900000e+02 -2.8269e-01 -7.7674e-01 +1.5955e+00 -7.3904e-01 -3.4782e+00
854 +3.133756555e+02 +3.133756555e+02 +6.335656555e+02 +3.201900000e+02 -2.8269e-01 -7.7674e-01 +1.6265e+00 -7.8679e-01 -3.4782e+00
1047 +1.704113865e+02 +1.704113865e+02 +4.906013865e+02 +3.201900000e+02 -2.8269e-01 -7.7674e-01 +1.5955e+00 -8.6396e-01 -3.4782e+00
1232 +1.259841607e+02 +1.259841607e+02 +4.461741607e+02 +3.201900000e+02 +5.4857e-01 -1.4414e+00 +1.5955e+00 -8.6396e-01 -3.4782e+00
2360 +6.789851406e+01 +6.789851406e+01 +3.880885141e+02 +3.201900000e+02 -4.8218e-01 -2.2135e+00 +1.3304e+00 -8.6085e-01 -3.4782e+00
7014 +5.349578302e+01 +5.349578302e+01 +3.736857830e+02 +3.201900000e+02 -4.1322e-01 -2.3734e+00 +1.4222e+00 -8.4948e-01 -3.4624e+00
8612 +1.806763914e+01 +1.806763914e+01 +3.382576391e+02 +3.201900000e+02 -4.1322e-01 -3.0763e+00 +1.3886e+00 -8.6145e-01 -3.4677e+00
8711 +4.529599871e+00 +4.529599871e+00 +3.247195999e+02 +3.201900000e+02 -4.1322e-01 -2.3638e+00 +1.3886e+00 -8.6145e-01 -3.4677e+00
17075 +2.171545327e+00 +2.171545327e+00 +3.223615453e+02 +3.201900000e+02 -4.3560e-01 -2.3495e+00 +1.4185e+00 -8.6085e-01 -3.4684e+00
57616 +5.311945821e-01 +5.311945821e-01 +3.207211946e+02 +3.201900000e+02 -4.3560e-01 -2.3606e+00 +1.4038e+00 -8.5899e-01 -3.4703e+00
180044 +5.408196237e-03 +5.408196237e-03 +3.201954082e+02 +3.201900000e+02 -4.3294e-01 -2.3606e+00 +1.4036e+00 -8.5767e-01 -3.4697e+00
% function evaluation | noise-free fitness - Fopt (-1.042400000000e+02) | best noise-free fitness - Fopt | measured fitness | best measured fitness | x1 | x2...
1 +3.728116152e+06 +3.728116152e+06 +3.728011912e+06 -1.042400000e+02 -2.8791e+00 -2.2965e+00 -6.5081e-01 +4.6352e+00 -1.6384e+00
200 +4.473326995e+04 +4.473326995e+04 +4.462902995e+04 -1.042400000e+02 -4.0724e+00 +1.5864e+00 +1.4741e+00 -1.0604e+00 +1.2549e-01
295 +3.675003873e+04 +3.675003873e+04 +3.664579873e+04 -1.042400000e+02 +4.6176e+00 -4.8664e+00 +2.8476e+00 -5.3598e-01 +1.2549e-01
592 +6.904130360e+03 +6.904130360e+03 +6.799890360e+03 -1.042400000e+02 +4.6176e+00 -1.3533e-01 +1.4741e+00 -5.3598e-01 +2.3803e-02
990 +1.068237235e+03 +1.068237235e+03 +9.639972347e+02 -1.042400000e+02 +1.1869e+00 -3.3639e+00 +1.4741e+00 -5.3598e-01 -2.4804e-02
3071 +7.704092993e+02 +7.704092993e+02 +6.661692993e+02 -1.042400000e+02 +4.5053e-01 -3.9654e+00 +1.3004e+00 -5.3598e-01 -3.3677e-02
6262 +1.175840881e+02 +1.175840881e+02 +1.334408814e+01 -1.042400000e+02 -3.6872e-01 -3.7586e+00 +1.3255e+00 -5.0465e-01 -4.7782e-02
7418 +1.447035887e+01 +1.447035887e+01 -8.976964113e+01 -1.042400000e+02 +3.5724e-01 -3.9323e+00 +1.3255e+00 -5.0465e-01 -6.1572e-02
19825 +1.993953064e-01 +1.993953064e-01 -1.040406047e+02 -1.042400000e+02 +4.2458e-01 -3.9036e+00 +1.3004e+00 -4.9394e-01 -5.8313e-02
23006 +3.983468432e-02 +3.983468432e-02 -1.042001653e+02 -1.042400000e+02 +4.0117e-01 -3.9257e+00 +1.3186e+00 -4.9394e-01 -5.8313e-02
23472 +1.444046724e-02 +1.444046724e-02 -1.042255595e+02 -1.042400000e+02 +4.0117e-01 -3.9257e+00 +1.3144e+00 -4.9394e-01 -5.8313e-02
284066 +9.043316825e-03 +9.043316825e-03 -1.042309567e+02 -1.042400000e+02 +3.9444e-01 -3.9200e+00 +1.3136e+00 -4.9367e-01 -5.8313e-02
% function evaluation | noise-free fitness - Fopt (-1.000000000000e+03) | best noise-free fitness - Fopt | measured fitness | best measured fitness | x1 | x2...
1 +5.575884289e+06 +5.575884289e+06 +5.574884289e+06 -1.000000000e+03 +2.2793e+00 +1.0713e-01 -3.6848e+00 -3.4396e+00 -1.8451e+00
193 +6.495256298e+03 +6.495256298e+03 +5.495256298e+03 -1.000000000e+03 +3.1543e-01 +4.1315e+00 -2.0467e+00 -8.0729e-01 +5.8296e-01
286 +4.490519952e+03 +4.490519952e+03 +3.490519952e+03 -1.000000000e+03 +3.1543e-01 -4.0884e+00 -2.0467e+00 -8.0729e-01 +5.8296e-01
648 +2.723719433e+03 +2.723719433e+03 +1.723719433e+03 -1.000000000e+03 +3.1543e-01 -3.8819e+00 -1.5697e+00 -1.3350e+00 +5.8296e-01
1013 +1.155720565e+03 +1.155720565e+03 +1.557205647e+02 -1.000000000e+03 -4.9380e+00 -3.8819e+00 -1.5405e+00 -1.0767e+00 +5.8296e-01
1832 +2.252217898e+02 +2.252217898e+02 -7.747782102e+02 -1.000000000e+03 -3.8568e+00 -3.5611e+00 -1.5337e+00 -1.0767e+00 +5.6004e-01
3229 +8.104007340e+01 +8.104007340e+01 -9.189599266e+02 -1.000000000e+03 -1.3907e+00 -3.7222e+00 -1.5337e+00 -1.1072e+00 +5.3690e-01
7483 +5.736712787e+01 +5.736712787e+01 -9.426328721e+02 -1.000000000e+03 -2.9422e+00 -3.6743e+00 -1.5101e+00 -1.1305e+00 +5.3923e-01
10089 +3.049494827e+00 +3.049494827e+00 -9.969505052e+02 -1.000000000e+03 -2.4748e+00 -3.6342e+00 -1.5171e+00 -1.1072e+00 +5.4482e-01
22919 +5.909530393e-01 +5.909530393e-01 -9.994090470e+02 -1.000000000e+03 -2.4996e+00 -3.6377e+00 -1.5171e+00 -1.1072e+00 +5.4654e-01
40421 +1.906085709e-01 +1.906085709e-01 -9.998093914e+02 -1.000000000e+03 -2.5217e+00 -3.6377e+00 -1.5171e+00 -1.1091e+00 +5.4654e-01
46670 +2.761907042e-02 +2.761907042e-02 -9.999723809e+02 -1.000000000e+03 -2.5001e+00 -3.6377e+00 -1.5171e+00 -1.1108e+00 +5.4654e-01
64414 +2.346305866e-02 +2.346305866e-02 -9.999765369e+02 -1.000000000e+03 -2.5001e+00 -3.6377e+00 -1.5204e+00 -1.1108e+00 +5.4654e-01
413821 +1.207077508e-03 +1.207077508e-03 -9.999987929e+02 -1.000000000e+03 -2.5150e+00 -3.6414e+00 -1.5192e+00 -1.1110e+00 +5.4639e-01
% function evaluation | noise-free fitness - Fopt (-3.629000000000e+01) | best noise-free fitness - Fopt | measured fitness | best measured fitness | x1 | x2...
1 +1.643482127e+06 +1.643482127e+06 +1.643445837e+06 -3.629000000e+01 +3.6054e+00 +3.2438e+00 +1.1754e+00 -1.9040e+00 -2.5925e+00
194 +6.218382994e+03 +6.218382994e+03 +6.182092994e+03 -3.629000000e+01 -1.4520e+00 -4.3745e+00 -1.6298e+00 -2.7882e+00 -3.6841e+00
289 +5.784019375e+02 +5.784019375e+02 +5.421119375e+02 -3.629000000e+01 -2.4267e+00 -4.8358e+00 +3.1684e-02 -2.7882e+00 -3.7400e+00
667 +2.191459820e+02 +2.191459820e+02 +1.828559820e+02 -3.629000000e+01 -1.4520e+00 -3.6873e+00 +3.3884e-02 -2.8824e+00 -3.7400e+00
765 +1.261913089e+02 +1.261913089e+02 +8.990130886e+01 -3.629000000e+01 -1.4520e+00 -3.6873e+00 -1.5427e-01 -2.8824e+00 -3.7400e+00
1342 +9.444934100e+01 +9.444934100e+01 +5.815934100e+01 -3.629000000e+01 +7.3447e-02 -2.7222e+00 -2.7590e-01 -2.8824e+00 -3.7400e+00
2197 +4.256941506e+01 +4.256941506e+01 +6.279415063e+00 -3.629000000e+01 +1.2638e+00 -3.0946e+00 -2.7590e-01 -2.8824e+00 -3.7423e+00
2580 +3.978378954e+01 +3.978378954e+01 +3.493789545e+00 -3.629000000e+01 +2.6785e+00 -3.1773e+00 -2.7590e-01 -2.8824e+00 -3.7423e+00
28945 +2.153485727e+01 +2.153485727e+01 -1.475514273e+01 -3.629000000e+01 +2.8019e+00 -3.1296e+00 -2.9238e-01 -2.8824e+00 -3.7446e+00
29256 +1.119764250e+00 +1.119764250e+00 -3.517023575e+01 -3.629000000e+01 +2.8019e+00 -3.1296e+00 -2.9238e-01 -2.8824e+00 -3.7485e+00
42502 +8.492832678e-01 +8.492832678e-01 -3.544071673e+01 -3.629000000e+01 +2.8019e+00 -3.1429e+00 -2.8948e-01 -2.8755e+00 -3.7497e+00
54483 +5.701039669e-01 +5.701039669e-01 -3.571989603e+01 -3.629000000e+01 +2.7897e+00 -3.1453e+00 -2.9238e-01 -2.8730e+00 -3.7485e+00
61814 +1.865477515e-01 +1.865477515e-01 -3.610345225e+01 -3.629000000e+01 +2.5265e+00 -3.1429e+00 -2.8948e-01 -2.8755e+00 -3.7485e+00
61912 +1.162933927e-01 +1.162933927e-01 -3.617370661e+01 -3.629000000e+01 +2.8019e+00 -3.1429e+00 -2.8948e-01 -2.8755e+00 -3.7485e+00
63480 +6.546011926e-02 +6.546011926e-02 -3.622453988e+01 -3.629000000e+01 +2.8019e+00 -3.1429e+00 -2.8948e-01 -2.8768e+00 -3.7485e+00
131636 +3.424364617e-03 +3.424364617e-03 -3.628657564e+01 -3.629000000e+01 +2.7915e+00 -3.1429e+00 -2.8978e-01 -2.8768e+00 -3.7489e+00
% function evaluation | noise-free fitness - Fopt (-4.840000000000e+01) | best noise-free fitness - Fopt | measured fitness | best measured fitness | x1 | x2...
1 +5.346414108e+07 +5.346414108e+07 +5.346409268e+07 -4.840000000e+01 -1.1191e+00 -3.3864e+00 +3.8784e+00 +4.7252e+00 -4.8703e+00
200 +3.293077552e+04 +3.293077552e+04 +3.288237552e+04 -4.840000000e+01 -1.3683e+00 +5.0076e-01 -6.6443e-01 -1.9756e+00 +2.8579e+00
300 +4.522440875e+03 +4.522440875e+03 +4.474040875e+03 -4.840000000e+01 -1.3683e+00 +5.0076e-01 -6.6443e-01 -1.9756e+00 +2.7173e+00
496 +3.755669488e+03 +3.755669488e+03 +3.707269488e+03 -4.840000000e+01 -1.3683e+00 -9.3750e-01 -6.6443e-01 -2.0009e+00 +2.7173e+00
1388 +1.490243817e+03 +1.490243817e+03 +1.441843817e+03 -4.840000000e+01 -6.9073e-01 -2.7306e+00 -9.3595e-01 -2.1407e+00 +2.7173e+00
2578 +9.170849357e+02 +9.170849357e+02 +8.686849357e+02 -4.840000000e+01 -6.9073e-01 -2.7306e+00 -9.3595e-01 -2.2896e+00 +2.7173e+00
6002 +2.583705918e+02 +2.583705918e+02 +2.099705918e+02 -4.840000000e+01 +1.4493e+00 -3.0331e+00 -9.3872e-01 -2.3645e+00 +2.6772e+00
6182 +1.901367634e+02 +1.901367634e+02 +1.417367634e+02 -4.840000000e+01 +1.4493e+00 -2.9272e+00 -9.3872e-01 -2.2247e+00 +2.6772e+00
6359 +7.928692061e+01 +7.928692061e+01 +3.088692061e+01 -4.840000000e+01 +1.4493e+00 -3.0331e+00 -9.3872e-01 -2.2894e+00 +2.6772e+00
6450 +2.605262662e+01 +2.605262662e+01 -2.234737338e+01 -4.840000000e+01 +1.4493e+00 -3.6397e+00 -9.3872e-01 -2.2894e+00 +2.6839e+00
6534 +1.185010015e+01 +1.185010015e+01 -3.654989985e+01 -4.840000000e+01 +9.7190e-01 -2.9272e+00 -9.3872e-01 -2.2894e+00 +2.6839e+00
6800 +8.035352373e+00 +8.035352373e+00 -4.036464763e+01 -4.840000000e+01 +9.7190e-01 -2.9272e+00 -1.0322e+00 -2.2894e+00 +2.6839e+00
17099 +1.640844443e+00 +1.640844443e+00 -4.675915556e+01 -4.840000000e+01 +4.8101e-01 -2.9151e+00 -9.8092e-01 -2.2790e+00 +2.6856e+00
17478 +1.062099170e+00 +1.062099170e+00 -4.733790083e+01 -4.840000000e+01 +4.8101e-01 -2.9151e+00 -1.0277e+00 -2.2790e+00 +2.6856e+00
32802 +8.267668138e-01 +8.267668138e-01 -4.757323319e+01 -4.840000000e+01 +4.4218e-01 -2.9432e+00 -1.0193e+00 -2.2790e+00 +2.6856e+00
42760 +5.626067767e-01 +5.626067767e-01 -4.783739322e+01 -4.840000000e+01 +4.4855e-01 -2.9272e+00 -1.0099e+00 -2.2825e+00 +2.6856e+00
74410 +2.140884923e-01 +2.140884923e-01 -4.818591151e+01 -4.840000000e+01 +4.4218e-01 -2.9248e+00 -1.0068e+00 -2.2817e+00 +2.6868e+00
112709 +4.261313534e-02 +4.261313534e-02 -4.835738686e+01 -4.840000000e+01 +4.4218e-01 -2.9248e+00 -1.0099e+00 -2.2817e+00 +2.6862e+00
411873 +1.372395808e-02 +1.372395808e-02 -4.838627604e+01 -4.840000000e+01 +4.4346e-01 -2.9255e+00 -1.0105e+00 -2.2817e+00 +2.6863e+00
% function evaluation | noise-free fitness - Fopt (1.000000000000e+03) | best noise-free fitness - Fopt | measured fitness | best measured fitness | x1 | x2...
1 +2.382483156e+07 +2.382483156e+07 +2.382583156e+07 +1.000000000e+03 +2.2138e+00 -4.2825e+00 +1.8100e+00 -2.2555e-01 +4.7628e+00
192 +3.752164929e+04 +3.752164929e+04 +3.852164929e+04 +1.000000000e+03 +1.6569e+00 -3.3581e+00 +2.8795e+00 -3.2513e+00 -2.3217e-01
279 +5.861552575e+03 +5.861552575e+03 +6.861552575e+03 +1.000000000e+03 +1.6569e+00 +1.3930e+00 +1.9224e+00 -2.2626e+00 -2.3217e-01
453 +3.400879591e+03 +3.400879591e+03 +4.400879591e+03 +1.000000000e+03 -8.0711e-01 -3.5367e+00 +1.9224e+00 -2.2626e+00 -9.9978e-02
1272 +2.460321999e+03 +2.460321999e+03 +3.460321999e+03 +1.000000000e+03 -2.7899e+00 -3.0484e+00 +1.6881e+00 -2.2626e+00 -2.0025e-01
1633 +4.013531912e+00 +4.013531912e+00 +1.004013532e+03 +1.000000000e+03 -3.3521e+00 -3.0484e+00 +1.6881e+00 -2.2626e+00 -1.5425e-01
2813 +3.944927317e+00 +3.944927317e+00 +1.003944927e+03 +1.000000000e+03 -3.4573e+00 -3.0220e+00 +1.6881e+00 -2.2626e+00 -1.5425e-01
11167 +2.511493257e+00 +2.511493257e+00 +1.002511493e+03 +1.000000000e+03 -3.4573e+00 -2.9774e+00 +1.7080e+00 -2.2626e+00 -1.5425e-01
17598 +8.336102549e-01 +8.336102549e-01 +1.000833610e+03 +1.000000000e+03 -3.4343e+00 -2.9774e+00 +1.7316e+00 -2.2626e+00 -1.5373e-01
36361 +4.592573540e-01 +4.592573540e-01 +1.000459257e+03 +1.000000000e+03 -3.4268e+00 -2.9806e+00 +1.7316e+00 -2.2626e+00 -1.5342e-01
171477 +3.076630663e-01 +3.076630663e-01 +1.000307663e+03 +1.000000000e+03 -3.4296e+00 -2.9877e+00 +1.7271e+00 -2.2619e+00 -1.5331e-01
247808 +2.275126449e-01 +2.275126449e-01 +1.000227513e+03 +1.000000000e+03 -3.4306e+00 -2.9877e+00 +1.7271e+00 -2.2619e+00 -1.5232e-01
338573 +1.006143118e-01 +1.006143118e-01 +1.000100614e+03 +1.000000000e+03 -3.5532e+00 -2.9870e+00 +1.7272e+00 -2.2618e+00 -1.5250e-01
338668 +8.457143957e-02 +8.457143957e-02 +1.000084571e+03 +1.000000000e+03 -3.4306e+00 -2.9870e+00 +1.7272e+00 -2.2618e+00 -1.5250e-01
410477 +2.366003283e-03 +2.366003283e-03 +1.000002366e+03 +1.000000000e+03 -3.4306e+00 -2.9871e+00 +1.7272e+00 -2.2617e+00 -1.5276e-01
% function evaluation | noise-free fitness - Fopt (3.261100000000e+02) | best noise-free fitness - Fopt | measured fitness | best measured fitness | x1 | x2...
1 +1.791013550e+07 +1.791013550e+07 +1.791046161e+07 +3.261100000e+02 +2.1623e+00 -1.2455e+00 +2.1263e+00 -2.5099e+00 +2.4679e+00
191 +4.522430132e+04 +4.522430132e+04 +4.555041132e+04 +3.261100000e+02 -4.2263e+00 -1.5498e+00 -2.7434e+00 +7.7786e-01 -1.7789e+00
283 +1.692472871e+04 +1.692472871e+04 +1.725083871e+04 +3.261100000e+02 -4.8504e-01 +1.1861e+00 +2.7670e+00 +7.7786e-01 -1.7789e+00
369 +7.584659708e+03 +7.584659708e+03 +7.910769708e+03 +3.261100000e+02 -3.0543e-01 -1.1807e+00 +2.7670e+00 +5.6074e-01 -1.7789e+00
546 +4.512827546e+03 +4.512827546e+03 +4.838937546e+03 +3.261100000e+02 -4.8504e-01 +1.1861e+00 +2.7670e+00 -1.0356e-01 -1.7789e+00
1092 +2.701273658e+03 +2.701273658e+03 +3.027383658e+03 +3.261100000e+02 -1.1623e+00 +2.2247e+00 +2.7670e+00 +5.2259e-02 -1.7789e+00
2083 +3.138399311e+02 +3.138399311e+02 +6.399499311e+02 +3.261100000e+02 -2.0996e+00 +2.2247e+00 +2.7670e+00 +5.2259e-02 -1.7259e+00
2633 +3.768690935e+01 +3.768690935e+01 +3.637969093e+02 +3.261100000e+02 -3.4440e+00 +2.2247e+00 +2.7670e+00 +1.5862e-01 -1.7259e+00
8952 +9.327890609e+00 +9.327890609e+00 +3.354378906e+02 +3.261100000e+02 -3.5306e+00 +2.4606e+00 +2.7460e+00 +1.3361e-01 -1.7318e+00
9342 +2.489465547e+00 +2.489465547e+00 +3.285994655e+02 +3.261100000e+02 -3.5306e+00 +2.4606e+00 +2.7460e+00 +1.5888e-01 -1.7318e+00
24716 +3.325925990e-01 +3.325925990e-01 +3.264425926e+02 +3.261100000e+02 -3.5306e+00 +2.4606e+00 +2.7460e+00 +1.4758e-01 -1.7318e+00
33318 +6.229464897e-02 +6.229464897e-02 +3.261722946e+02 +3.261100000e+02 -3.5306e+00 +2.4430e+00 +2.7402e+00 +1.5102e-01 -1.7318e+00
50096 +2.794881329e-02 +2.794881329e-02 +3.261379488e+02 +3.261100000e+02 -3.5339e+00 +2.4454e+00 +2.7460e+00 +1.5022e-01 -1.7320e+00
69222 +6.252452498e-03 +6.252452498e-03 +3.261162525e+02 +3.261100000e+02 -3.5339e+00 +2.4454e+00 +2.7429e+00 +1.5022e-01 -1.7320e+00
71091 +1.570315015e-03 +1.570315015e-03 +3.261115703e+02 +3.261100000e+02 -3.5339e+00 +2.4419e+00 +2.7402e+00 +1.5022e-01 -1.7320e+00
% function evaluation | noise-free fitness - Fopt (-4.682000000000e+01) | best noise-free fitness - Fopt | measured fitness | best measured fitness | x1 | x2...
1 +5.848437917e+07 +5.848437917e+07 +5.848433235e+07 -4.682000000e+01 -1.7412e-01 -4.9893e-01 +4.4639e+00 -1.4243e+00 -4.7287e+00
193 +1.405802504e+05 +1.405802504e+05 +1.405334304e+05 -4.682000000e+01 -1.9540e+00 +1.9653e+00 +2.8008e+00 -8.8781e-01 +2.9242e+00
291 +9.139745668e+04 +9.139745668e+04 +9.135063668e+04 -4.682000000e+01 -1.0477e+00 +1.4091e+00 +1.6257e-01 -2.1023e+00 +2.9242e+00
390 +5.036474063e+04 +5.036474063e+04 +5.031792063e+04 -4.682000000e+01 -1.9540e+00 +1.4091e+00 +2.8008e+00 -9.7626e-01 +3.2934e+00
488 +8.589590009e+03 +8.589590009e+03 +8.542770009e+03 -4.682000000e+01 -1.9540e+00 -9.3776e-01 +1.2149e+00 -2.2421e+00 +3.2934e+00
583 +5.489946087e+03 +5.489946087e+03 +5.443126087e+03 -4.682000000e+01 -1.9540e+00 +1.4091e+00 +2.8008e+00 -2.1023e+00 +3.2934e+00
969 +8.341880195e+02 +8.341880195e+02 +7.873680195e+02 -4.682000000e+01 -1.9540e+00 +1.4091e+00 +2.5507e+00 -2.1023e+00 +3.1875e+00
3478 +2.745005614e+02 +2.745005614e+02 +2.276805614e+02 -4.682000000e+01 +1.2708e+00 +4.8439e-01 +2.5788e+00 -2.0741e+00 +3.1990e+00
3574 +4.202870323e+00 +4.202870323e+00 -4.261712968e+01 -4.682000000e+01 +1.2708e+00 +4.8439e-01 +2.5788e+00 -2.0741e+00 +3.2135e+00
16073 +3.665531730e+00 +3.665531730e+00 -4.315446827e+01 -4.682000000e+01 +1.1903e+00 +4.8439e-01 +2.5788e+00 -2.0762e+00 +3.2135e+00
22997 +2.295909624e+00 +2.295909624e+00 -4.452409038e+01 -4.682000000e+01 +1.3179e+00 +4.8439e-01 +2.5635e+00 -2.0765e+00 +3.2164e+00
27986 +1.409312036e+00 +1.409312036e+00 -4.541068796e+01 -4.682000000e+01 +1.1864e+00 +5.1917e-01 +2.5720e+00 -2.0741e+00 +3.2155e+00
56639 +3.046200107e-01 +3.046200107e-01 -4.651537999e+01 -4.682000000e+01 +1.1864e+00 +5.0141e-01 +2.5720e+00 -2.0783e+00 +3.2155e+00
61505 +1.100764013e-01 +1.100764013e-01 -4.670992360e+01 -4.682000000e+01 +1.1864e+00 +5.0141e-01 +2.5720e+00 -2.0814e+00 +3.2155e+00
102569 +9.543006596e-02 +9.543006596e-02 -4.672456993e+01 -4.682000000e+01 +1.1864e+00 +5.0200e-01 +2.5714e+00 -2.0809e+00 +3.2155e+00
130094 +1.460536953e-02 +1.460536953e-02 -4.680539463e+01 -4.682000000e+01 +1.1864e+00 +5.0200e-01 +2.5687e+00 -2.0809e+00 +3.2151e+00
351360 +1.897415920e-03 +1.897415920e-03 -4.681810258e+01 -4.682000000e+01 +1.1876e+00 +5.0292e-01 +2.5689e+00 -2.0809e+00 +3.2152e+00
427100 +1.510699527e-03 +1.510699527e-03 -4.681848930e+01 -4.682000000e+01 +1.1876e+00 +5.0292e-01 +2.5699e+00 -2.0809e+00 +3.2152e+00
% function evaluation | noise-free fitness - Fopt (-5.563000000000e+01) | best noise-free fitness - Fopt | measured fitness | best measured fitness | x1 | x2...
1 +1.312964213e+07 +1.312964213e+07 +1.312958650e+07 -5.563000000e+01 -8.9284e-01 +1.6924e+00 +2.4049e+00 -1.9977e-01 -2.1655e+00
193 +5.033934577e+04 +5.033934577e+04 +5.028371577e+04 -5.563000000e+01 +1.8463e+00 +2.2014e+00 -3.6561e+00 -1.1401e+00 +1.2611e+00
384 +9.398225658e+03 +9.398225658e+03 +9.342595658e+03 -5.563000000e+01 -5.8818e-01 -2.1007e+00 -3.6561e+00 -1.1401e+00 +1.4772e+00
476 +3.701140701e+03 +3.701140701e+03 +3.645510701e+03 -5.563000000e+01 -5.8818e-01 -2.1007e+00 -3.6561e+00 -4.6170e-01 +1.4772e+00
835 +2.499675035e+03 +2.499675035e+03 +2.444045035e+03 -5.563000000e+01 +1.8463e+00 +2.2014e+00 -3.6561e+00 -5.7757e-01 +1.4772e+00
1377 +1.558683492e+03 +1.558683492e+03 +1.503053492e+03 -5.563000000e+01 +1.8463e+00 +1.3947e+00 -3.4629e+00 -7.1331e-01 +1.4772e+00
1656 +6.602331901e+02 +6.602331901e+02 +6.046031901e+02 -5.563000000e+01 +1.8463e+00 +2.9317e-01 -3.0023e+00 -7.1331e-01 +1.4772e+00
1838 +4.284820485e+02 +4.284820485e+02 +3.728520485e+02 -5.563000000e+01 +1.8463e+00 +2.9543e-01 -3.0023e+00 -6.6186e-01 +1.4704e+00
2206 +1.120618131e+02 +1.120618131e+02 +5.643181305e+01 -5.563000000e+01 +1.8463e+00 +4.5044e-01 -2.4425e+00 -6.6186e-01 +1.4704e+00
7466 +6.295639591e+01 +6.295639591e+01 +7.326395913e+00 -5.563000000e+01 +1.9150e+00 +4.7641e-01 -2.3277e+00 -7.0011e-01 +1.4653e+00
9067 +3.934749163e+01 +3.934749163e+01 -1.628250837e+01 -5.563000000e+01 +1.8798e+00 +4.5978e-01 -2.3277e+00 -6.8497e-01 +1.4653e+00
11372 +2.429409399e+01 +2.429409399e+01 -3.133590601e+01 -5.563000000e+01 +3.0301e-01 -2.9462e-01 -2.4011e+00 -6.6459e-01 +1.4629e+00
11556 +1.001858314e+01 +1.001858314e+01 -4.561141686e+01 -5.563000000e+01 +5.6266e-01 +3.4196e-01 -2.4011e+00 -6.6459e-01 +1.4629e+00
11751 +8.374741183e+00 +8.374741183e+00 -4.725525882e+01 -5.563000000e+01 +1.1972e+00 +3.4196e-01 -2.4011e+00 -6.6459e-01 +1.4629e+00
13559 +8.181364755e-01 +8.181364755e-01 -5.481186352e+01 -5.563000000e+01 +1.8136e+00 +4.2940e-01 -2.4011e+00 -6.7361e-01 +1.4605e+00
32637 +4.595886898e-01 +4.595886898e-01 -5.517041131e+01 -5.563000000e+01 +1.8611e+00 +4.2075e-01 -2.4011e+00 -6.6648e-01 +1.4605e+00
37747 +3.659021504e-01 +3.659021504e-01 -5.526409785e+01 -5.563000000e+01 +1.9045e+00 +4.2434e-01 -2.4011e+00 -6.7195e-01 +1.4605e+00
50008 +2.112276529e-01 +2.112276529e-01 -5.541877235e+01 -5.563000000e+01 +1.8611e+00 +4.2180e-01 -2.4011e+00 -6.7001e-01 +1.4605e+00
50208 +1.157212424e-02 +1.157212424e-02 -5.561842788e+01 -5.563000000e+01 +1.8611e+00 +4.2180e-01 -2.4011e+00 -6.7001e-01 +1.4599e+00
102687 +6.917095099e-03 +6.917095099e-03 -5.562308290e+01 -5.563000000e+01 +1.8688e+00 +4.2180e-01 -2.4003e+00 -6.7001e-01 +1.4600e+00
128619 +6.057388616e-03 +6.057388616e-03 -5.562394261e+01 -5.563000000e+01 +1.8688e+00 +4.2200e-01 -2.4003e+00 -6.6999e-01 +1.4600e+00
355405 +1.830902839e-03 +1.830902839e-03 -5.562816910e+01 -5.563000000e+01 +1.8696e+00 +4.2234e-01 -2.4000e+00 -6.6983e-01 +1.4600e+00
398794 +1.478926286e-03 +1.478926286e-03 -5.562852107e+01 -5.563000000e+01 +1.8696e+00 +4.2234e-01 -2.4000e+00 -6.6979e-01 +1.4600e+00
401927 +4.412788423e-04 +4.412788423e-04 -5.562955872e+01 -5.563000000e+01 +1.8696e+00 +4.2236e-01 -2.4000e+00 -6.6961e-01 +1.4600e+00
% function evaluation | noise-free fitness - Fopt (3.460000000000e+01) | best noise-free fitness - Fopt | measured fitness | best measured fitness | x1 | x2...
1 +7.544926828e+05 +7.544926828e+05 +7.545272828e+05 +3.460000000e+01 -5.3017e-01 -1.4182e+00 +3.3737e+00 +2.4125e+00 -9.1818e-01
198 +7.520341343e+04 +7.520341343e+04 +7.523801343e+04 +3.460000000e+01 -1.9138e+00 -4.6726e+00 +2.9695e+00 +8.1139e-01 -2.0229e+00
298 +2.807561128e+04 +2.807561128e+04 +2.811021128e+04 +3.460000000e+01 -1.9138e+00 -4.6726e+00 +2.9695e+00 +8.1139e-01 -1.7256e+00
398 +9.561328106e+03 +9.561328106e+03 +9.595928106e+03 +3.460000000e+01 +6.7237e-01 -2.5645e+00 -3.8134e+00 +8.1139e-01 -1.7256e+00
498 +5.194840706e+03 +5.194840706e+03 +5.229440706e+03 +3.460000000e+01 -1.9138e+00 +4.6010e+00 -9.2199e-01 +6.2328e-01 -1.7256e+00
898 +7.459346898e+02 +7.459346898e+02 +7.805346898e+02 +3.460000000e+01 +1.8502e+00 +1.4816e+00 -2.4012e+00 +6.2328e-01 -1.7778e+00
998 +4.969352358e+02 +4.969352358e+02 +5.315352358e+02 +3.460000000e+01 +2.6058e+00 +1.4816e+00 -2.0724e+00 +6.2328e-01 -1.7778e+00
1398 +3.480026075e+02 +3.480026075e+02 +3.826026075e+02 +3.460000000e+01 +2.6058e+00 +1.4816e+00 -1.8159e+00 +6.8782e-01 -1.7778e+00
3598 +1.258153906e+02 +1.258153906e+02 +1.604153906e+02 +3.460000000e+01 +2.5394e+00 +1.4637e+00 -1.7785e+00 +6.4993e-01 -1.7860e+00
4198 +3.567848102e+00 +3.567848102e+00 +3.816784810e+01 +3.460000000e+01 +2.5394e+00 +1.4637e+00 -1.7785e+00 +6.5882e-01 -1.7956e+00
18651 +2.411684252e+00 +2.411684252e+00 +3.701168425e+01 +3.460000000e+01 +2.5571e+00 +1.4532e+00 -1.7609e+00 +6.7209e-01 -1.7956e+00
43498 +1.576435892e+00 +1.576435892e+00 +3.617643589e+01 +3.460000000e+01 +2.5660e+00 +1.4534e+00 -1.7686e+00 +6.6778e-01 -1.7956e+00
64436 +2.557489239e-01 +2.557489239e-01 +3.485574892e+01 +3.460000000e+01 +2.5571e+00 +1.4564e+00 -1.7687e+00 +6.6773e-01 -1.7963e+00
91404 +2.502138024e-01 +2.502138024e-01 +3.485021380e+01 +3.460000000e+01 +2.5571e+00 +1.4564e+00 -1.7676e+00 +6.6759e-01 -1.7963e+00
166124 +8.257613550e-02 +8.257613550e-02 +3.468257614e+01 +3.460000000e+01 +2.5518e+00 +1.4564e+00 -1.7668e+00 +6.6759e-01 -1.7971e+00
409857 +4.924888935e-02 +4.924888935e-02 +3.464924889e+01 +3.460000000e+01 +2.5536e+00 +1.4564e+00 -1.7674e+00 +6.6728e-01 -1.7966e+00
% function evaluation | noise-free fitness - Fopt (8.816000000000e+01) | best noise-free fitness - Fopt | measured fitness | best measured fitness | x1 | x2...
1 +5.919117262e+04 +5.919117262e+04 +5.927933262e+04 +8.816000000e+01 +1.3306e+00 +2.5903e+00 -4.6410e+00 +2.9249e+00 -1.0155e+00
196 +1.808008594e+04 +1.808008594e+04 +1.816824594e+04 +8.816000000e+01 -1.2536e-01 -7.9854e-01 -2.1729e+00 +3.2987e+00 -8.2917e-01
389 +1.111810936e+04 +1.111810936e+04 +1.120626936e+04 +8.816000000e+01 -2.3138e+00 -3.5410e+00 +6.7348e-02 +3.2987e+00 -8.2917e-01
488 +9.609149018e+03 +9.609149018e+03 +9.697309018e+03 +8.816000000e+01 -1.2536e-01 +4.9466e+00 +6.7348e-02 +3.2987e+00 -8.2917e-01
868 +4.228910029e+03 +4.228910029e+03 +4.317070029e+03 +8.816000000e+01 -1.2536e-01 +4.9466e+00 +1.4921e-01 +3.7525e+00 -8.2917e-01
1248 +3.745565325e+03 +3.745565325e+03 +3.833725325e+03 +8.816000000e+01 -1.2536e-01 +4.9466e+00 +4.7348e-01 +3.7525e+00 -9.5635e-01
2293 +2.151958613e+03 +2.151958613e+03 +2.240118613e+03 +8.816000000e+01 -3.7411e-01 +4.3748e+00 +8.4676e-01 +3.6741e+00 -9.3676e-01
2674 +2.937629918e+02 +2.937629918e+02 +3.819229918e+02 +8.816000000e+01 -3.7411e-01 +3.8969e+00 +8.4676e-01 +3.6741e+00 -8.7650e-01
11833 +3.214584092e+01 +3.214584092e+01 +1.203058409e+02 +8.816000000e+01 -5.3604e-01 +3.8920e+00 +8.3644e-01 +3.6741e+00 -8.9039e-01
29228 +1.001493456e+01 +1.001493456e+01 +9.817493456e+01 +8.816000000e+01 -5.0784e-01 +3.8453e+00 +7.7605e-01 +3.7059e+00 -8.9039e-01
31007 +9.947669273e+00 +9.947669273e+00 +9.810766927e+01 +8.816000000e+01 -5.0784e-01 +3.8453e+00 +7.7605e-01 +3.6927e+00 -8.9039e-01
44205 +1.128936980e+00 +1.128936980e+00 +8.928893698e+01 +8.816000000e+01 -5.1356e-01 +3.8352e+00 +7.7713e-01 +3.6963e+00 -8.9268e-01
47541 +8.673148755e-01 +8.673148755e-01 +8.902731488e+01 +8.816000000e+01 -5.1055e-01 +3.8453e+00 +7.7605e-01 +3.6987e+00 -8.9456e-01
47635 +6.248055496e-01 +6.248055496e-01 +8.878480555e+01 +8.816000000e+01 -5.1055e-01 +3.8443e+00 +7.7605e-01 +3.6987e+00 -8.9441e-01
123693 +1.745576344e-02 +1.745576344e-02 +8.817745576e+01 +8.816000000e+01 -5.1444e-01 +3.8443e+00 +7.7989e-01 +3.6987e+00 -8.9369e-01
150588 +8.601393347e-03 +8.601393347e-03 +8.816860139e+01 +8.816000000e+01 -5.1444e-01 +3.8443e+00 +7.7989e-01 +3.6992e+00 -8.9369e-01
% function evaluation | noise-free fitness - Fopt (-1.866200000000e+02) | best noise-free fitness - Fopt | measured fitness | best measured fitness | x1 | x2...
1 +4.718666325e+06 +4.718666325e+06 +4.718479705e+06 -1.866200000e+02 +1.3375e+00 +2.1352e+00 -1.0010e+00 -2.9656e+00 +2.5048e+00
189 +4.959884402e+03 +4.959884402e+03 +4.773264402e+03 -1.866200000e+02 -3.6163e-01 -1.9983e+00 +8.8844e-01 -2.9669e+00 +3.4970e-01
360 +3.156946680e+03 +3.156946680e+03 +2.970326680e+03 -1.866200000e+02 +1.2895e+00 -1.9983e+00 +8.8844e-01 -2.9669e+00 +4.1362e-01
445 +1.632866240e+03 +1.632866240e+03 +1.446246240e+03 -1.866200000e+02 +1.2895e+00 +7.6926e-01 +2.0902e+00 -2.9669e+00 +4.1362e-01
529 +1.273030281e+03 +1.273030281e+03 +1.086410281e+03 -1.866200000e+02 +1.2895e+00 -2.1248e+00 +2.0902e+00 -2.9669e+00 +4.1362e-01
611 +9.097634016e+02 +9.097634016e+02 +7.231434016e+02 -1.866200000e+02 +1.2895e+00 -2.1248e+00 +2.0902e+00 -3.0034e+00 +4.1362e-01
1648 +4.111607132e+02 +4.111607132e+02 +2.245407132e+02 -1.866200000e+02 +2.0615e+00 -2.8061e+00 +2.0902e+00 -3.1081e+00 +4.1362e-01
1742 +3.949500032e+02 +3.949500032e+02 +2.083300032e+02 -1.866200000e+02 +2.0615e+00 -2.8061e+00 +2.0902e+00 -3.1509e+00 +4.1362e-01
1913 +2.336873886e+02 +2.336873886e+02 +4.706738857e+01 -1.866200000e+02 +2.0580e+00 -2.8061e+00 +2.0902e+00 -3.1509e+00 +4.0848e-01
7435 +1.519666483e+02 +1.519666483e+02 -3.465335173e+01 -1.866200000e+02 +2.9169e+00 -2.1085e+00 +2.1429e+00 -3.1647e+00 +3.8291e-01
8308 +6.489949676e+01 +6.489949676e+01 -1.217205032e+02 -1.866200000e+02 +2.0775e+00 -2.1971e+00 +2.1525e+00 -3.1647e+00 +3.8924e-01
8485 +5.820926580e+01 +5.820926580e+01 -1.284107342e+02 -1.866200000e+02 +2.0775e+00 -2.3579e+00 +2.1525e+00 -3.1647e+00 +3.8924e-01
13885 +1.764565277e+01 +1.764565277e+01 -1.689743472e+02 -1.866200000e+02 +2.0354e+00 -2.5061e+00 +2.1609e+00 -3.1509e+00 +3.9637e-01
13984 +1.574689271e+01 +1.574689271e+01 -1.708731073e+02 -1.866200000e+02 +2.0354e+00 -2.7312e+00 +2.1609e+00 -3.1509e+00 +3.9637e-01
15958 +3.261882935e+00 +3.261882935e+00 -1.833581171e+02 -1.866200000e+02 +2.0354e+00 -2.7717e+00 +2.1609e+00 -3.1353e+00 +3.9540e-01
21633 +6.783395570e-01 +6.783395570e-01 -1.859416604e+02 -1.866200000e+02 +2.0399e+00 -2.7936e+00 +2.1609e+00 -3.1324e+00 +3.9293e-01
23055 +6.171596836e-01 +6.171596836e-01 -1.860028403e+02 -1.866200000e+02 +2.0399e+00 -2.7447e+00 +2.1609e+00 -3.1324e+00 +3.9293e-01
46795 +3.043071240e-01 +3.043071240e-01 -1.863156929e+02 -1.866200000e+02 +2.0419e+00 -2.7501e+00 +2.1544e+00 -3.1324e+00 +3.9322e-01
69651 +1.871152343e-01 +1.871152343e-01 -1.864328848e+02 -1.866200000e+02 +2.0419e+00 -2.7501e+00 +2.1544e+00 -3.1353e+00 +3.9322e-01
79262 +9.628577128e-02 +9.628577128e-02 -1.865237142e+02 -1.866200000e+02 +2.0468e+00 -2.7531e+00 +2.1544e+00 -3.1353e+00 +3.9332e-01
125929 +6.235625890e-02 +6.235625890e-02 -1.865576437e+02 -1.866200000e+02 +1.8732e+00 -2.7522e+00 +2.1553e+00 -3.1353e+00 +3.9368e-01
144788 +2.962841084e-02 +2.962841084e-02 -1.865903716e+02 -1.866200000e+02 +2.0456e+00 -2.7522e+00 +2.1553e+00 -3.1353e+00 +3.9368e-01
178889 +1.878875228e-02 +1.878875228e-02 -1.866012112e+02 -1.866200000e+02 +2.0456e+00 -2.7522e+00 +2.1557e+00 -3.1338e+00 +3.9368e-01
293219 +7.684312877e-03 +7.684312877e-03 -1.866123157e+02 -1.866200000e+02 +2.0456e+00 -2.7522e+00 +2.1557e+00 -3.1346e+00 +3.9368e-01
