% function evaluation | noise-free fitness - Fopt (-2.098800000000e+02) | best noise-free fitness - Fopt | measured fitness | best measured fitness | x1 | x2...
1 +6.141963295e+06 +6.141963295e+06 +6.141753415e+06 -2.098800000e+02 -3.5356e+00 +1.4065e+00 -2.9216e+00 -1.1527e+00 +1.5282e+00 +3.1343e+00 -1.2895e+00 +1.8643e+00 -4.4518e+00 +4.5294e+00
400 +2.464752065e+05 +2.464752065e+05 +2.462653265e+05 -2.098800000e+02 -1.5523e+00 -4.0719e+00 -1.3419e+00 +2.1513e+00 -4.9981e+00 +1.7337e+00 +2.6379e+00 -1.7996e+00 -1.6734e+00 +2.6967e+00
600 +1.122173160e+05 +1.122173160e+05 +1.120074360e+05 -2.098800000e+02 -7.8847e-01 -6.7760e-01 -1.1009e+00 -2.7944e+00 -1.6825e+00 +1.9788e+00 +1.1976e+00 +8.4112e-01 -1.2254e+00 +2.3809e+00
800 +6.430609048e+04 +6.430609048e+04 +6.409621048e+04 -2.098800000e+02 -7.8847e-01 -6.7760e-01 -1.1009e+00 -4.9655e+00 +1.0053e+00 +1.9788e+00 +1.1976e+00 +8.4112e-01 -1.2254e+00 +2.6813e+00
1000 +5.187519093e+04 +5.187519093e+04 +5.166531093e+04 -2.098800000e+02 -7.8847e-01 -6.7760e-01 -1.1009e+00 -4.9655e+00 +1.0053e+00 +1.9788e+00 +2.7218e+00 +8.4112e-01 -1.2254e+00 +2.6813e+00
1200 +1.422264539e+04 +1.422264539e+04 +1.401276539e+04 -2.098800000e+02 -7.8847e-01 -6.7760e-01 -1.1009e+00 -4.9655e+00 +2.2607e+00 +1.9788e+00 +2.7218e+00 -1.9382e-01 -1.1758e+00 +2.6813e+00
1400 +6.968082472e+03 +6.968082472e+03 +6.758202472e+03 -2.098800000e+02 +1.8632e+00 -6.7760e-01 -1.1009e+00 -2.7944e+00 +2.2607e+00 +1.9788e+00 +2.7218e+00 -1.9382e-01 -1.1758e+00 +2.6201e+00
1600 +5.066356336e+03 +5.066356336e+03 +4.856476336e+03 -2.098800000e+02 +1.8632e+00 -6.7760e-01 +1.6371e+00 -8.4838e-01 +2.2607e+00 +1.9788e+00 +2.7218e+00 -1.9382e-01 -1.1758e+00 +2.6201e+00
2000 +3.596221360e+03 +3.596221360e+03 +3.386341360e+03 -2.098800000e+02 +1.8632e+00 -6.7760e-01 +1.2839e+00 -4.7182e-01 +1.4233e+00 +1.9788e+00 +2.4769e+00 -1.9382e-01 -1.1758e+00 +2.6201e+00
2599 +1.764381364e+03 +1.764381364e+03 +1.554501364e+03 -2.098800000e+02 +1.8632e+00 -4.4519e+00 +2.5623e+00 -4.7182e-01 +1.8903e+00 +2.9523e+00 +2.4769e+00 -1.0949e-01 -1.1411e+00 +2.6201e+00
2797 +1.555613508e+03 +1.555613508e+03 +1.345733508e+03 -2.098800000e+02 +1.8632e+00 -6.7760e-01 +1.2839e+00 -9.2711e-02 +1.8903e+00 +2.9523e+00 +2.4769e+00 -1.0949e-01 -1.1411e+00 +2.6201e+00
3997 +8.110569623e+02 +8.110569623e+02 +6.011769623e+02 -2.098800000e+02 +1.8632e+00 -7.5755e-01 +3.7389e+00 +7.6045e-01 +1.8903e+00 +2.8615e+00 +2.4514e+00 -1.0949e-01 -1.1058e+00 +2.6201e+00
4397 +5.349364857e+02 +5.349364857e+02 +3.250564857e+02 -2.098800000e+02 +1.8632e+00 -2.6620e-01 +3.7389e+00 +1.7532e+00 +1.8903e+00 +2.8615e+00 +2.4514e+00 -1.0949e-01 -1.1058e+00 +2.6201e+00
4797 +3.955517019e+02 +3.955517019e+02 +1.856717019e+02 -2.098800000e+02 +1.8632e+00 -7.5755e-01 +3.7389e+00 +2.3735e+00 +1.8903e+00 +2.8615e+00 +2.2450e+00 -1.0949e-01 -1.1058e+00 +2.6201e+00
6595 +2.043834736e+02 +2.043834736e+02 -5.496526437e+00 -2.098800000e+02 +1.8632e+00 +5.2157e-01 +3.3597e+00 +3.0657e+00 +1.8903e+00 +2.6840e+00 +2.3215e+00 -1.0949e-01 -1.1058e+00 +2.5925e+00
6795 +1.501495330e+02 +1.501495330e+02 -5.973046701e+01 -2.098800000e+02 +1.8632e+00 +5.2157e-01 +3.3597e+00 +2.3735e+00 +1.8154e+00 +2.6840e+00 +2.3215e+00 -1.0949e-01 -1.1058e+00 +2.5925e+00
7795 +7.971882316e+00 +7.971882316e+00 -2.019081177e+02 -2.098800000e+02 +1.8632e+00 +5.2157e-01 +3.4860e+00 +2.3735e+00 +1.7742e+00 +2.6840e+00 +2.3215e+00 -8.8755e-02 -1.1058e+00 +2.6026e+00
42205 +5.877741160e+00 +5.877741160e+00 -2.040022588e+02 -2.098800000e+02 +1.2175e+00 +4.2877e-01 +3.4860e+00 +2.3735e+00 +1.7778e+00 +2.6840e+00 +2.3215e+00 -9.1890e-02 -1.1058e+00 +2.6034e+00
61483 +2.955110090e+00 +2.955110090e+00 -2.069248899e+02 -2.098800000e+02 +1.5261e+00 +4.2763e-01 +3.5726e+00 +2.3970e+00 +1.7778e+00 +2.6840e+00 +2.3215e+00 -9.1890e-02 -1.1086e+00 +2.6026e+00
65457 +9.444257271e-01 +9.444257271e-01 -2.089355743e+02 -2.098800000e+02 +1.2175e+00 +4.3339e-01 +3.5576e+00 +2.3796e+00 +1.7778e+00 +2.6840e+00 +2.3215e+00 -9.1890e-02 -1.1086e+00 +2.6041e+00
132671 +5.638572149e-01 +5.638572149e-01 -2.093161428e+02 -2.098800000e+02 +1.2066e+00 +4.5166e-01 +3.5548e+00 +2.3855e+00 +1.7853e+00 +2.6892e+00 +2.3215e+00 -9.0263e-02 -1.1094e+00 +2.6034e+00
133841 +3.439146252e-01 +3.439146252e-01 -2.095360854e+02 -2.098800000e+02 +1.2175e+00 +4.5166e-01 +3.5589e+00 +2.3855e+00 +1.7778e+00 +2.6877e+00 +2.3215e+00 -9.1890e-02 -1.1094e+00 +2.6040e+00
190090 +8.775354184e-02 +8.775354184e-02 -2.097922465e+02 -2.098800000e+02 +1.2072e+00 +4.4794e-01 +3.5542e+00 +2.3862e+00 +1.7864e+00 +2.6896e+00 +2.3215e+00 -8.9172e-02 -1.1102e+00 +2.6040e+00
227967 +1.551522677e-02 +1.551522677e-02 -2.098644848e+02 -2.098800000e+02 +1.2072e+00 +4.4794e-01 +3.5542e+00 +2.3862e+00 +1.7864e+00 +2.6896e+00 +2.3215e+00 -9.0263e-02 -1.1102e+00 +2.6040e+00
655699 +9.944315195e-03 +9.944315195e-03 -2.098700557e+02 -2.098800000e+02 +1.2072e+00 +4.4805e-01 +3.5545e+00 +2.3862e+00 +1.7859e+00 +2.6887e+00 +2.3215e+00 -9.0322e-02 -1.1106e+00 +2.6040e+00
% function evaluation | noise-free fitness - Fopt (-9.209000000000e+01) | best noise-free fitness - Fopt | measured fitness | best measured fitness | x1 | x2...
1 +1.496298948e+06 +1.496298948e+06 +1.496206858e+06 -9.209000000e+01 -1.3024e+00 -3.1226e+00 +4.6594e+00 -3.2136e+00 +4.9930e+00 -3.2675e+00 -2.1654e-01 -2.2360e+00 -1.7652e+00 +1.6573e+00
383 +2.473996734e+05 +2.473996734e+05 +2.473075834e+05 -9.209000000e+01 -2.9020e+00 +3.7045e+00 -1.0917e+00 -3.7656e+00 +1.6592e+00 -4.2907e+00 +1.9755e+00 +1.3931e+00 +9.2535e-01 +1.3101e+00
567 +6.257086801e+04 +6.257086801e+04 +6.247877801e+04 -9.209000000e+01 +3.2540e+00 +2.1019e+00 -2.2583e+00 -3.3981e+00 +3.7217e+00 -1.3227e+00 -8.0549e-01 +1.1922e+00 +1.1832e-01 +1.5815e+00
751 +2.779873645e+04 +2.779873645e+04 +2.770664645e+04 -9.209000000e+01 +3.2540e+00 +2.8423e+00 -1.2315e+00 +1.8201e+00 -3.1545e-03 -4.3417e+00 -7.0508e-01 +1.3931e+00 +5.7615e-01 +1.5815e+00
1134 +2.320284622e+04 +2.320284622e+04 +2.311075622e+04 -9.209000000e+01 +3.2540e+00 +2.8423e+00 -2.2583e+00 -3.3981e+00 +1.6592e+00 -4.2907e+00 -7.0508e-01 +1.1922e+00 +5.7615e-01 +1.5815e+00
1320 +1.385697445e+04 +1.385697445e+04 +1.376488445e+04 -9.209000000e+01 -2.9020e+00 +3.7045e+00 -1.0917e+00 -3.3981e+00 +1.6592e+00 -4.2907e+00 -1.9131e-01 +1.3931e+00 +5.7615e-01 +1.6660e+00
1512 +9.004987174e+03 +9.004987174e+03 +8.912897174e+03 -9.209000000e+01 -2.9020e+00 +3.7045e+00 -1.0917e+00 -3.3981e+00 +1.6592e+00 -4.2907e+00 -1.9131e-01 +1.1922e+00 +5.7615e-01 +1.6660e+00
1701 +6.079275220e+03 +6.079275220e+03 +5.987185220e+03 -9.209000000e+01 -2.9020e+00 +2.8009e+00 -1.2315e+00 -3.3981e+00 -3.1545e-03 -4.2907e+00 -1.9131e-01 +8.9765e-01 +5.7615e-01 +1.6660e+00
3210 +3.628139116e+03 +3.628139116e+03 +3.536049116e+03 -9.209000000e+01 -2.9020e+00 +3.7045e+00 -1.0917e+00 -2.4962e+00 -3.1545e-03 -3.9763e+00 +1.4629e-01 +1.0477e+00 +5.3981e-01 +1.6660e+00
3407 +2.500957236e+03 +2.500957236e+03 +2.408867236e+03 -9.209000000e+01 -2.9020e+00 +2.8423e+00 -1.0917e+00 -3.1471e+00 -3.1545e-03 -3.9763e+00 +1.4629e-01 +1.0477e+00 +5.1818e-01 +1.6660e+00
3976 +1.302960864e+03 +1.302960864e+03 +1.210870864e+03 -9.209000000e+01 +3.2540e+00 +3.1817e+00 -1.0917e+00 -2.4822e+00 -3.1545e-03 -3.7383e+00 +1.4629e-01 +1.0477e+00 +4.8055e-01 +1.6660e+00
4547 +8.383854103e+02 +8.383854103e+02 +7.462954103e+02 -9.209000000e+01 +3.2540e+00 +3.1817e+00 -1.0917e+00 -1.8751e+00 -3.1545e-03 -3.7383e+00 +1.4629e-01 +9.9040e-01 +4.8055e-01 +1.6987e+00
5105 +2.485510669e+02 +2.485510669e+02 +1.564610669e+02 -9.209000000e+01 +3.0866e+00 +3.1817e+00 -1.0917e+00 -2.3317e+00 -3.1545e-03 -3.7383e+00 -5.8022e-03 +9.9040e-01 +4.3154e-01 +1.6987e+00
6815 +1.241776004e+02 +1.241776004e+02 +3.208760041e+01 -9.209000000e+01 +2.9927e+00 +2.7257e+00 -2.0492e-01 -1.8751e+00 -4.3730e-02 -3.7383e+00 +2.0623e-02 +9.9040e-01 +4.3154e-01 +1.6968e+00
14400 +9.214352136e+01 +9.214352136e+01 +5.352136246e-02 -9.209000000e+01 +2.6377e-01 +3.3449e+00 +1.0538e-01 -1.7978e+00 -1.3536e-01 -3.6996e+00 +4.6461e-02 +9.7378e-01 +4.1964e-01 +1.6827e+00
18834 +6.216113567e+01 +6.216113567e+01 -2.992886433e+01 -9.209000000e+01 +7.4513e-01 +2.5636e+00 -6.9097e-02 -1.8224e+00 -1.2842e-01 -3.7604e+00 +4.4985e-02 +9.7822e-01 +4.1964e-01 +1.6850e+00
26040 +1.740121220e+01 +1.740121220e+01 -7.468878780e+01 -9.209000000e+01 +2.0305e-01 +2.9914e+00 -1.5397e-01 -1.8497e+00 -1.6878e-01 -3.7646e+00 +8.5277e-03 +9.8392e-01 +4.3221e-01 +1.6886e+00
26400 +1.395759265e+01 +1.395759265e+01 -7.813240735e+01 -9.209000000e+01 +2.0305e-01 +2.4978e+00 -2.6090e-02 -1.8497e+00 -1.6878e-01 -3.7646e+00 +8.5277e-03 +9.8392e-01 +4.3221e-01 +1.6843e+00
26964 +9.150363594e+00 +9.150363594e+00 -8.293963641e+01 -9.209000000e+01 +2.0305e-01 +2.4978e+00 -2.6090e-02 -1.8497e+00 -1.6878e-01 -3.7646e+00 +2.3516e-02 +9.8392e-01 +4.3221e-01 +1.6843e+00
58578 +5.650414938e+00 +5.650414938e+00 -8.643958506e+01 -9.209000000e+01 +5.6960e-01 +2.5408e+00 +6.8716e-02 -1.8497e+00 -1.3493e-01 -3.7646e+00 +3.5490e-02 +9.8392e-01 +4.3221e-01 +1.6881e+00
89323 +7.737700978e-01 +7.737700978e-01 -9.131622990e+01 -9.209000000e+01 +7.3108e-01 +2.6200e+00 +8.4067e-02 -1.8283e+00 -1.2028e-01 -3.7570e+00 +3.5490e-02 +9.9040e-01 +4.3452e-01 +1.6860e+00
127268 +5.775227264e-01 +5.775227264e-01 -9.151247727e+01 -9.209000000e+01 +7.3108e-01 +2.4870e+00 +8.8624e-02 -1.8248e+00 -1.1927e-01 -3.7570e+00 +3.2949e-02 +9.8494e-01 +4.3452e-01 +1.6860e+00
131555 +3.650697495e-01 +3.650697495e-01 -9.172493025e+01 -9.209000000e+01 +7.3108e-01 +2.6200e+00 +8.8624e-02 -1.8248e+00 -1.1927e-01 -3.7570e+00 +3.2949e-02 +9.8878e-01 +4.3452e-01 +1.6860e+00
154902 +1.968663142e-01 +1.968663142e-01 -9.189313369e+01 -9.209000000e+01 +7.2350e-01 +2.6200e+00 +8.8624e-02 -1.8248e+00 -1.1927e-01 -3.7596e+00 +3.2546e-02 +9.8815e-01 +4.3508e-01 +1.6860e+00
250744 +1.547542156e-01 +1.547542156e-01 -9.193524578e+01 -9.209000000e+01 +7.2494e-01 +2.6203e+00 +8.8624e-02 -1.8270e+00 -1.1927e-01 -3.7596e+00 +3.1723e-02 +9.8751e-01 +4.3508e-01 +1.6860e+00
322831 +4.112632330e-02 +4.112632330e-02 -9.204887368e+01 -9.209000000e+01 +7.2494e-01 +2.6209e+00 +9.1507e-02 -1.8270e+00 -1.1927e-01 -3.7596e+00 +3.1723e-02 +9.8751e-01 +4.3508e-01 +1.6862e+00
387385 +3.655248670e-02 +3.655248670e-02 -9.205344751e+01 -9.209000000e+01 +7.2494e-01 +2.6209e+00 +9.0903e-02 -1.8270e+00 -1.1927e-01 -3.7593e+00 +3.2013e-02 +9.8708e-01 +4.3508e-01 +1.6862e+00
401306 +1.631727927e-02 +1.631727927e-02 -9.207368272e+01 -9.209000000e+01 +7.2494e-01 +2.6209e+00 +9.0524e-02 -1.8262e+00 -1.1927e-01 -3.7596e+00 +3.1723e-02 +9.8751e-01 +4.3508e-01 +1.6865e+00
444368 +1.176785866e-02 +1.176785866e-02 -9.207823214e+01 -9.209000000e+01 +7.2494e-01 +2.6209e+00 +9.0524e-02 -1.8262e+00 -1.1927e-01 -3.7593e+00 +3.2013e-02 +9.8708e-01 +4.3508e-01 +1.6865e+00
492214 +8.822948078e-03 +8.822948078e-03 -9.208117705e+01 -9.209000000e+01 +7.2498e-01 +2.6212e+00 +9.0524e-02 -1.8262e+00 -1.1927e-01 -3.7593e+00 +3.2013e-02 +9.8708e-01 +4.3522e-01 +1.6865e+00
% function evaluation | noise-free fitness - Fopt (-8.789000000000e+01) | best noise-free fitness - Fopt | measured fitness | best measured fitness | x1 | x2...
1 +2.174879576e+06 +2.174879576e+06 +2.174791686e+06 -8.789000000e+01 +3.8157e-02 -2.1167e+00 -1.2265e+00 +1.7905e-01 -3.5654e+00 +3.0018e+00 -1.1262e+00 +4.0100e+00 +9.2035e-02 +3.0192e+00
395 +1.764175667e+05 +1.764175667e+05 +1.763296767e+05 -8.789000000e+01 -4.4164e+00 +3.0456e+00 -1.3453e+00 +3.6681e+00 -4.6409e+00 -4.7722e-01 -3.8066e+00 +1.1813e+00 -3.1598e+00 +3.1311e+00
586 +1.403267769e+05 +1.403267769e+05 +1.402388869e+05 -8.789000000e+01 -9.3566e-01 +8.4046e-01 +2.9209e+00 -4.5153e+00 -1.1071e+00 +1.4505e+00 -3.8066e+00 +1.1813e+00 -2.5878e+00 +3.7694e+00
783 +6.413858120e+04 +6.413858120e+04 +6.405069120e+04 -8.789000000e+01 +3.4722e+00 +3.0456e+00 -4.6657e+00 +3.3654e+00 -3.9565e+00 -4.0033e-01 -4.2636e+00 +2.3927e+00 -2.4500e+00 +3.3855e+00
979 +1.817484334e+04 +1.817484334e+04 +1.808695334e+04 -8.789000000e+01 +3.4722e+00 +4.2873e+00 -4.6657e+00 +3.6409e+00 -4.6409e+00 -4.7722e-01 -3.8066e+00 +1.1813e+00 -2.5878e+00 +3.3855e+00
1176 +1.394609948e+04 +1.394609948e+04 +1.385820948e+04 -8.789000000e+01 +4.1587e+00 +3.6120e+00 -4.7103e+00 -2.9416e+00 -3.9565e+00 -4.7722e-01 -3.8066e+00 +1.1813e+00 -2.5878e+00 +3.3855e+00
1374 +8.474537071e+03 +8.474537071e+03 +8.386647071e+03 -8.789000000e+01 -4.6281e+00 +1.4051e+00 -4.8649e+00 -3.6983e+00 -1.8987e+00 -4.0033e-01 -3.0622e+00 +1.1813e+00 -2.5878e+00 +3.3855e+00
1764 +5.346799812e+03 +5.346799812e+03 +5.258909812e+03 -8.789000000e+01 +4.1587e+00 +3.6120e+00 -4.7103e+00 -2.9416e+00 -2.0329e+00 -4.0033e-01 -3.0622e+00 +1.3151e+00 -2.5878e+00 +3.3855e+00
1956 +2.148554866e+03 +2.148554866e+03 +2.060664866e+03 -8.789000000e+01 +3.4722e+00 +3.0456e+00 -4.7103e+00 -2.9416e+00 -1.8987e+00 -4.0033e-01 -3.0186e+00 +1.4905e+00 -2.5878e+00 +3.4303e+00
2349 +1.445228887e+03 +1.445228887e+03 +1.357338887e+03 -8.789000000e+01 +4.1587e+00 +4.2873e+00 -4.6657e+00 -2.9416e+00 -2.6268e+00 -4.0033e-01 -3.0186e+00 +1.4905e+00 -2.5878e+00 +3.4303e+00
2740 +6.075951912e+02 +6.075951912e+02 +5.197051912e+02 -8.789000000e+01 -4.5289e+00 +1.0224e+00 +2.9209e+00 -2.4129e+00 -3.9565e+00 -4.0033e-01 -3.0186e+00 +1.4905e+00 -2.5438e+00 +3.4303e+00
2933 +3.258531525e+02 +3.258531525e+02 +2.379631525e+02 -8.789000000e+01 -4.5289e+00 +1.0224e+00 +2.9209e+00 -2.4129e+00 -3.5463e+00 -4.7722e-01 -3.0186e+00 +1.4905e+00 -2.5438e+00 +3.4303e+00
3311 +2.423364886e+02 +2.423364886e+02 +1.544464886e+02 -8.789000000e+01 -4.5289e+00 +1.0224e+00 +2.9209e+00 -2.4129e+00 -3.2755e+00 -4.7722e-01 -3.0186e+00 +1.4905e+00 -2.5438e+00 +3.4303e+00
4097 +1.476168843e+02 +1.476168843e+02 +5.972688428e+01 -8.789000000e+01 +4.1587e+00 +3.0456e+00 +2.9209e+00 -2.4129e+00 -3.0891e+00 -6.2729e-01 -3.0186e+00 +1.4905e+00 -2.5438e+00 +3.4303e+00
4682 +7.176444880e+01 +7.176444880e+01 -1.612555120e+01 -8.789000000e+01 +3.4722e+00 +3.0456e+00 +2.1503e+00 -2.4129e+00 -3.0891e+00 -6.2729e-01 -2.9653e+00 +1.4905e+00 -2.5438e+00 +3.4303e+00
4881 +6.295240354e+01 +6.295240354e+01 -2.493759646e+01 -8.789000000e+01 +3.5713e+00 +3.0456e+00 +2.1503e+00 -2.0990e+00 -3.0891e+00 -6.2729e-01 -2.9653e+00 +1.4905e+00 -2.5438e+00 +3.4303e+00
5467 +3.771035541e+01 +3.771035541e+01 -5.017964459e+01 -8.789000000e+01 +3.4722e+00 +3.0456e+00 +1.1282e+00 -2.4129e+00 -3.0891e+00 -6.2729e-01 -2.9653e+00 +1.4487e+00 -2.5438e+00 +3.4303e+00
5661 +2.049315846e+01 +2.049315846e+01 -6.739684154e+01 -8.789000000e+01 +2.9992e+00 +3.0456e+00 +1.1475e+00 -2.0990e+00 -3.0891e+00 -6.2729e-01 -2.9653e+00 +1.4526e+00 -2.5438e+00 +3.4303e+00
6630 +1.502277981e+01 +1.502277981e+01 -7.286722019e+01 -8.789000000e+01 +1.9202e+00 +3.0456e+00 +1.1475e+00 -2.0990e+00 -3.0891e+00 -6.2729e-01 -2.9653e+00 +1.4526e+00 -2.5438e+00 +3.4303e+00
6830 +7.378782324e+00 +7.378782324e+00 -8.051121768e+01 -8.789000000e+01 +2.2829e+00 +3.5571e+00 +1.1475e+00 -2.0990e+00 -3.0891e+00 -6.2729e-01 -2.9653e+00 +1.4618e+00 -2.5480e+00 +3.4303e+00
7026 +5.524438861e+00 +5.524438861e+00 -8.236556114e+01 -8.789000000e+01 +1.9202e+00 +3.5571e+00 +1.1475e+00 -2.0990e+00 -3.0891e+00 -6.2729e-01 -2.9653e+00 +1.4618e+00 -2.5480e+00 +3.4303e+00
7417 +3.300951205e+00 +3.300951205e+00 -8.458904880e+01 -8.789000000e+01 +6.7263e-01 +3.5571e+00 +1.1475e+00 -2.0990e+00 -3.0891e+00 -6.2729e-01 -2.9653e+00 +1.4618e+00 -2.5480e+00 +3.4303e+00
8203 +2.089778733e+00 +2.089778733e+00 -8.580022127e+01 -8.789000000e+01 +6.7263e-01 +3.5571e+00 +1.1475e+00 -2.0990e+00 -3.0891e+00 -6.2729e-01 -2.9481e+00 +1.4662e+00 -2.5480e+00 +3.4303e+00
8987 +1.247396512e+00 +1.247396512e+00 -8.664260349e+01 -8.789000000e+01 +1.8220e-01 +3.5571e+00 +1.2875e+00 -2.0990e+00 -3.0891e+00 -6.2729e-01 -2.9549e+00 +1.4662e+00 -2.5480e+00 +3.4303e+00
9573 +6.895824763e-01 +6.895824763e-01 -8.720041752e+01 -8.789000000e+01 +1.8220e-01 +3.6750e+00 +1.2875e+00 -2.0990e+00 -3.0891e+00 -6.2729e-01 -2.9549e+00 +1.4662e+00 -2.5468e+00 +3.4303e+00
9959 +6.250918846e-01 +6.250918846e-01 -8.726490812e+01 -8.789000000e+01 +1.8220e-01 +3.7039e+00 +1.2264e+00 -2.0990e+00 -3.0891e+00 -6.1954e-01 -2.9549e+00 +1.4662e+00 -2.5468e+00 +3.4303e+00
213455 +5.177646399e-02 +5.177646399e-02 -8.783822354e+01 -8.789000000e+01 +2.3919e-01 +3.6459e+00 +1.2492e+00 -2.1097e+00 -3.0827e+00 -6.2125e-01 -2.9549e+00 +1.4652e+00 -2.5468e+00 +3.4296e+00
266005 +2.177560951e-02 +2.177560951e-02 -8.786822439e+01 -8.789000000e+01 +2.3919e-01 +3.6459e+00 +1.2492e+00 -2.1097e+00 -3.0827e+00 -6.2125e-01 -2.9549e+00 +1.4652e+00 -2.5462e+00 +3.4296e+00
268720 +1.445242624e-02 +1.445242624e-02 -8.787554757e+01 -8.789000000e+01 +2.3919e-01 +3.6459e+00 +1.2492e+00 -2.1097e+00 -3.0827e+00 -6.2177e-01 -2.9549e+00 +1.4652e+00 -2.5465e+00 +3.4296e+00
376562 +5.387546538e-03 +5.387546538e-03 -8.788461245e+01 -8.789000000e+01 +2.3919e-01 +3.6459e+00 +1.2492e+00 -2.1097e+00 -3.0822e+00 -6.2177e-01 -2.9549e+00 +1.4655e+00 -2.5465e+00 +3.4296e+00
481607 +1.795536566e-03 +1.795536566e-03 -8.788820446e+01 -8.789000000e+01 +2.3919e-01 +3.6457e+00 +1.2492e+00 -2.1097e+00 -3.0824e+00 -6.2177e-01 -2.9552e+00 +1.4655e+00 -2.5463e+00 +3.4296e+00
526347 +1.527555096e-03 +1.527555096e-03 -8.788847244e+01 -8.789000000e+01 +2.3919e-01 +3.6457e+00 +1.2492e+00 -2.1097e+00 -3.0824e+00 -6.2177e-01 -2.9552e+00 +1.4655e+00 -2.5463e+00 +3.4296e+00
553157 +6.876472167e-04 +6.876472167e-04 -8.788931235e+01 -8.789000000e+01 +2.3919e-01 +3.6457e+00 +1.2492e+00 -2.1097e+00 -3.0824e+00 -6.2177e-01 -2.9552e+00 +1.4655e+00 -2.5464e+00 +3.4296e+00
591689 +3.205173069e-04 +3.205173069e-04 -8.788967948e+01 -8.789000000e+01 +2.3919e-01 +3.6457e+00 +1.2492e+00 -2.1097e+00 -3.0824e+00 -6.2177e-01 -2.9552e+00 +1.4656e+00 -2.5464e+00 +3.4296e+00
% function evaluation | noise-free fitness - Fopt (3.201900000000e+02) | best noise-free fitness - Fopt | measured fitness | best measured fitness | x1 | x2...
1 +9.716250254e+06 +9.716250254e+06 +9.716570444e+06 +3.201900000e+02 +4.7645e+00 +1.7330e+00 -1.2719e+00 -1.1112e+00 +2.8257e+00 +8.5354e-01 +4.7290e-01 +9.3170e-01 +2.7771e+00 -1.7211e-01
382 +2.873814007e+05 +2.873814007e+05 +2.877015907e+05 +3.201900000e+02 -3.4791e-01 -1.2332e-01 +3.6775e+00 -1.8198e+00 -6.1071e-01 +1.7612e+00 +3.5676e+00 -1.5495e-03 -4.3256e+00 +3.6851e-02
570 +9.237454753e+04 +9.237454753e+04 +9.269473753e+04 +3.201900000e+02 -3.6259e+00 +4.2431e-01 +4.1412e+00 -6.9782e-01 +2.5960e+00 +1.7612e+00 +3.5676e+00 -2.3249e+00 -4.0807e+00 -1.4945e-01
941 +5.698174616e+04 +5.698174616e+04 +5.730193616e+04 +3.201900000e+02 -3.6587e+00 -4.7966e+00 -1.8006e+00 +6.9954e-01 +2.5960e+00 +1.7612e+00 +3.5676e+00 -2.3249e+00 -3.7426e+00 -2.8343e-01
1120 +2.704564997e+04 +2.704564997e+04 +2.736583997e+04 +3.201900000e+02 -3.4791e-01 -1.2332e-01 +3.6775e+00 -6.9782e-01 -6.1071e-01 +3.6157e+00 +3.5676e+00 -2.3249e+00 -3.7426e+00 -1.4945e-01
1299 +1.204440688e+04 +1.204440688e+04 +1.236459688e+04 +3.201900000e+02 -3.4791e-01 -1.2332e-01 +3.6775e+00 -6.9782e-01 -2.5027e+00 +3.6157e+00 +3.5676e+00 -1.9160e+00 -3.7426e+00 -1.4945e-01
1471 +6.930569696e+03 +6.930569696e+03 +7.250759696e+03 +3.201900000e+02 -3.4791e-01 -1.2332e-01 +3.6775e+00 -6.9782e-01 -2.5027e+00 +3.6157e+00 +2.8753e+00 -1.9160e+00 -3.7426e+00 -1.4945e-01
2388 +6.188822308e+03 +6.188822308e+03 +6.509012308e+03 +3.201900000e+02 -3.9288e-01 -1.2332e-01 +3.6775e+00 -6.9782e-01 -2.8949e+00 +3.6157e+00 +2.8753e+00 -1.7202e+00 -3.7426e+00 -1.4945e-01
3120 +9.325209083e+02 +9.325209083e+02 +1.252710908e+03 +3.201900000e+02 -3.4791e-01 -8.5621e-01 +3.6775e+00 -6.9782e-01 -2.8949e+00 +3.6157e+00 +2.8753e+00 -1.8777e+00 -3.6129e+00 -1.6524e-01
3833 +6.114728261e+02 +6.114728261e+02 +9.316628261e+02 +3.201900000e+02 -3.4791e-01 -1.2332e-01 +2.3119e+00 -6.9782e-01 -2.8949e+00 +3.6157e+00 +2.8753e+00 -1.8233e+00 -3.6129e+00 -1.6524e-01
4578 +3.889293774e+02 +3.889293774e+02 +7.091193774e+02 +3.201900000e+02 -3.4791e-01 -8.5621e-01 +2.3119e+00 -6.9782e-01 -3.6596e+00 +3.5082e+00 +2.8753e+00 -1.8233e+00 -3.6129e+00 -1.6524e-01
7825 +2.302314854e+02 +2.302314854e+02 +5.504214854e+02 +3.201900000e+02 -3.4791e-01 -2.0331e+00 +1.4062e+00 -8.7549e-01 -3.4818e+00 +3.4622e+00 +2.7950e+00 -1.8101e+00 -3.6129e+00 -1.9477e-01
13607 +1.480155825e+02 +1.480155825e+02 +4.682055825e+02 +3.201900000e+02 -1.6624e+00 -2.4523e+00 +1.3790e+00 -9.3130e-01 -3.5027e+00 +3.5463e+00 +2.7448e+00 -1.8306e+00 -3.6032e+00 -1.8568e-01
14170 +7.990093276e+01 +7.990093276e+01 +4.000909328e+02 +3.201900000e+02 -1.2027e+00 -2.4567e+00 +1.1690e+00 -9.3130e-01 -3.5027e+00 +3.5463e+00 +2.7448e+00 -1.7898e+00 -3.6032e+00 -1.8568e-01
14541 +6.226929371e+01 +6.226929371e+01 +3.824592937e+02 +3.201900000e+02 -5.5139e-01 -2.4567e+00 +1.3790e+00 -9.3130e-01 -3.5027e+00 +3.4851e+00 +2.7448e+00 -1.7898e+00 -3.6032e+00 -1.8568e-01
14723 +3.312469126e+01 +3.312469126e+01 +3.533146913e+02 +3.201900000e+02 -1.2027e+00 -2.4567e+00 +1.3790e+00 -9.3130e-01 -3.5027e+00 +3.4891e+00 +2.7925e+00 -1.7898e+00 -3.6032e+00 -1.8568e-01
36397 +2.147278686e+01 +2.147278686e+01 +3.416627869e+02 +3.201900000e+02 +1.9903e+00 -2.1444e+00 +1.5346e+00 -8.6340e-01 -3.4346e+00 +3.4158e+00 +2.8066e+00 -1.7907e+00 -3.6019e+00 -1.7780e-01
37382 +1.534090045e+01 +1.534090045e+01 +3.355309004e+02 +3.201900000e+02 +4.5691e-01 -2.4290e+00 +1.5346e+00 -8.6340e-01 -3.4346e+00 +3.4158e+00 +2.8066e+00 -1.7907e+00 -3.6019e+00 -1.7780e-01
67143 +9.726441008e+00 +9.726441008e+00 +3.299164410e+02 +3.201900000e+02 -5.3498e-01 -2.4290e+00 +1.4323e+00 -8.6340e-01 -3.4508e+00 +3.4559e+00 +2.8066e+00 -1.7907e+00 -3.6019e+00 -1.7780e-01
113730 +2.230036865e+00 +2.230036865e+00 +3.224200369e+02 +3.201900000e+02 -4.3328e-01 -2.3610e+00 +1.4022e+00 -8.6070e-01 -3.4726e+00 +3.4559e+00 +2.8005e+00 -1.7966e+00 -3.6049e+00 -1.8216e-01
128841 +1.419672424e+00 +1.419672424e+00 +3.216096724e+02 +3.201900000e+02 -4.3155e-01 -2.3611e+00 +1.4084e+00 -8.5669e-01 -3.4693e+00 +3.4567e+00 +2.8030e+00 -1.7936e+00 -3.6032e+00 -1.8192e-01
198625 +2.395769278e-01 +2.395769278e-01 +3.204295769e+02 +3.201900000e+02 -4.3155e-01 -2.3611e+00 +1.4040e+00 -8.5669e-01 -3.4693e+00 +3.4575e+00 +2.8000e+00 -1.7936e+00 -3.6034e+00 -1.8045e-01
244829 +1.579373547e-01 +1.579373547e-01 +3.203479374e+02 +3.201900000e+02 -4.3155e-01 -2.3609e+00 +1.4040e+00 -8.5669e-01 -3.4693e+00 +3.4575e+00 +2.8000e+00 -1.7945e+00 -3.6037e+00 -1.8045e-01
246968 +6.055239723e-02 +6.055239723e-02 +3.202505524e+02 +3.201900000e+02 -4.3155e-01 -2.3609e+00 +1.4036e+00 -8.5669e-01 -3.4693e+00 +3.4576e+00 +2.8007e+00 -1.7945e+00 -3.6037e+00 -1.8100e-01
327027 +3.731615830e-02 +3.731615830e-02 +3.202273162e+02 +3.201900000e+02 -4.3155e-01 -2.3609e+00 +1.4036e+00 -8.5669e-01 -3.4693e+00 +3.4576e+00 +2.8007e+00 -1.7945e+00 -3.6040e+00 -1.8100e-01
766144 +2.876125506e-03 +2.876125506e-03 +3.201928761e+02 +3.201900000e+02 -4.3285e-01 -2.3609e+00 +1.4030e+00 -8.5775e-01 -3.4695e+00 +3.4576e+00 +2.8009e+00 -1.7945e+00 -3.6040e+00 -1.8075e-01
% function evaluation | noise-free fitness - Fopt (-1.042400000000e+02) | best noise-free fitness - Fopt | measured fitness | best measured fitness | x1 | x2...
1 +3.041985890e+07 +3.041985890e+07 +3.041975466e+07 -1.042400000e+02 +1.6898e+00 +2.7449e+00 -4.2111e+00 -1.3365e+00 -3.2043e+00 +6.7215e-01 -1.0489e+00 -4.0491e-02 +4.1494e+00 +2.4741e+00
389 +1.693597028e+05 +1.693597028e+05 +1.692554628e+05 -1.042400000e+02 -2.1606e+00 -4.0447e+00 +4.4652e+00 +5.0964e-01 +3.8343e+00 +2.7054e+00 +1.8548e+00 +3.5394e+00 +2.5521e+00 -3.1270e+00
581 +7.109868906e+04 +7.109868906e+04 +7.099444906e+04 -1.042400000e+02 -2.1606e+00 -4.0447e+00 +4.4652e+00 +9.2365e-01 +1.1803e+00 -2.7900e+00 +1.8548e+00 +3.5394e+00 +2.5521e+00 -3.1270e+00
768 +5.340380319e+04 +5.340380319e+04 +5.329956319e+04 -1.042400000e+02 +2.5742e+00 -4.4275e+00 +1.1452e-01 -3.6048e+00 +3.0955e+00 -9.5075e-01 +1.8548e+00 +3.5394e+00 +2.9559e+00 -2.8410e+00
959 +3.398777319e+04 +3.398777319e+04 +3.388353319e+04 -1.042400000e+02 +2.5742e+00 -4.4275e+00 +4.4652e+00 +9.2365e-01 +1.1803e+00 -2.7900e+00 +1.8548e+00 +3.5394e+00 +2.9559e+00 -2.8410e+00
1140 +2.406827868e+04 +2.406827868e+04 +2.396403868e+04 -1.042400000e+02 +3.1367e+00 +2.5501e-01 +6.9033e-01 +5.0964e-01 +1.1803e+00 -2.7900e+00 +1.8548e+00 +3.5394e+00 +2.7382e+00 -2.9668e+00
1324 +7.049898485e+03 +7.049898485e+03 +6.945658485e+03 -1.042400000e+02 +3.1367e+00 +2.5501e-01 +4.4652e+00 -5.8086e-01 +1.1803e+00 -2.7900e+00 +2.2449e+00 +3.5394e+00 +2.9559e+00 -2.9668e+00
1503 +4.267394997e+03 +4.267394997e+03 +4.163154997e+03 -1.042400000e+02 +2.5742e+00 -4.0447e+00 +4.4652e+00 +9.2365e-01 +1.1803e+00 -2.7900e+00 +2.7915e+00 +3.5394e+00 +2.9559e+00 -2.9668e+00
1686 +3.456736521e+03 +3.456736521e+03 +3.352496521e+03 -1.042400000e+02 -2.1606e+00 -4.0447e+00 +4.4652e+00 -5.8086e-01 +7.1769e-01 -2.7900e+00 +2.7915e+00 +3.5394e+00 +2.9559e+00 -2.9668e+00
2053 +1.127078007e+03 +1.127078007e+03 +1.022838007e+03 -1.042400000e+02 -2.1606e+00 +4.0055e-01 +3.9713e+00 -5.8086e-01 +7.1769e-01 -3.6873e+00 +2.7915e+00 +3.5394e+00 +2.9559e+00 -2.9968e+00
2234 +8.893477727e+02 +8.893477727e+02 +7.851077727e+02 -1.042400000e+02 -2.1606e+00 -4.0447e+00 +4.4652e+00 -5.8086e-01 +2.6219e-01 -3.6873e+00 +2.7915e+00 +3.5394e+00 +2.9559e+00 -2.9968e+00
2583 +6.151618666e+02 +6.151618666e+02 +5.109218666e+02 -1.042400000e+02 +3.1367e+00 -4.0447e+00 +4.4652e+00 -5.8086e-01 +2.6219e-01 -3.6873e+00 +2.7915e+00 +3.3443e+00 +2.9559e+00 -2.9968e+00
2952 +2.900402683e+02 +2.900402683e+02 +1.858002683e+02 -1.042400000e+02 -2.4044e+00 -4.0447e+00 +3.8290e+00 -5.8086e-01 +2.6219e-01 -3.6820e+00 +2.7915e+00 +3.4662e+00 +2.9559e+00 -2.9968e+00
3321 +1.846197881e+02 +1.846197881e+02 +8.037978812e+01 -1.042400000e+02 -2.1606e+00 -4.0447e+00 +3.4542e+00 -5.8086e-01 +1.4434e-01 -3.6873e+00 +2.7915e+00 +3.4529e+00 +2.9559e+00 -2.9968e+00
3675 +1.260877334e+02 +1.260877334e+02 +2.184773341e+01 -1.042400000e+02 -2.1606e+00 -3.3107e+00 +2.8457e+00 -5.8086e-01 +1.4434e-01 -3.6873e+00 +2.7915e+00 +3.4529e+00 +2.9559e+00 -2.9968e+00
4057 +9.739804462e+01 +9.739804462e+01 -6.841955379e+00 -1.042400000e+02 -2.4044e+00 -3.3107e+00 +2.2220e+00 -5.8086e-01 +1.4434e-01 -3.6873e+00 +2.7915e+00 +3.4529e+00 +2.9559e+00 -2.9968e+00
5166 +6.113468668e+01 +6.113468668e+01 -4.310531332e+01 -1.042400000e+02 -1.4738e+00 -3.9478e+00 +1.5898e+00 -5.8086e-01 +1.9895e-02 -3.6873e+00 +2.7915e+00 +3.4529e+00 +2.9559e+00 -2.9968e+00
7174 +3.956635236e+01 +3.956635236e+01 -6.467364764e+01 -1.042400000e+02 -4.5548e-02 -4.1860e+00 +1.3572e+00 -4.9784e-01 +1.9895e-02 -3.7062e+00 +2.7915e+00 +3.4221e+00 +2.9559e+00 -2.9960e+00
38600 +2.422133332e+01 +2.422133332e+01 -8.001866668e+01 -1.042400000e+02 +3.8707e-01 -3.9138e+00 +1.3074e+00 -4.9784e-01 -6.7426e-02 -3.7062e+00 +2.7915e+00 +3.4420e+00 +2.9584e+00 -2.9960e+00
39121 +1.284066899e+01 +1.284066899e+01 -9.139933101e+01 -1.042400000e+02 +3.8707e-01 -3.9138e+00 +1.3074e+00 -4.9784e-01 -6.7426e-02 -3.7062e+00 +2.7915e+00 +3.4420e+00 +2.9674e+00 -2.9960e+00
39456 +9.336819430e+00 +9.336819430e+00 -9.490318057e+01 -1.042400000e+02 +3.8707e-01 -3.9138e+00 +1.3074e+00 -4.9784e-01 -6.7426e-02 -3.7062e+00 +2.8074e+00 +3.4420e+00 +2.9674e+00 -2.9960e+00
43526 +6.089080439e+00 +6.089080439e+00 -9.815091956e+01 -1.042400000e+02 +3.9707e-01 -3.9138e+00 +1.3074e+00 -4.9784e-01 -6.1329e-02 -3.7062e+00 +2.8074e+00 +3.4420e+00 +2.9674e+00 -2.9920e+00
78735 +3.953276151e+00 +3.953276151e+00 -1.002867238e+02 -1.042400000e+02 +3.9707e-01 -3.9206e+00 +1.3074e+00 -4.9784e-01 -6.1329e-02 -3.7062e+00 +2.8074e+00 +3.4285e+00 +2.9674e+00 -2.9920e+00
95267 +2.464578509e+00 +2.464578509e+00 -1.017754215e+02 -1.042400000e+02 +3.9219e-01 -3.9192e+00 +1.3074e+00 -4.9639e-01 -6.3296e-02 -3.7052e+00 +2.8095e+00 +3.4358e+00 +2.9692e+00 -2.9927e+00
97877 +9.962293524e-01 +9.962293524e-01 -1.032437706e+02 -1.042400000e+02 +3.9219e-01 -3.9192e+00 +1.3135e+00 -4.9639e-01 -6.1178e-02 -3.7052e+00 +2.8095e+00 +3.4358e+00 +2.9661e+00 -2.9927e+00
166797 +5.471533384e-01 +5.471533384e-01 -1.036928467e+02 -1.042400000e+02 +4.7520e-01 -3.9192e+00 +1.3135e+00 -4.9266e-01 -6.1178e-02 -3.7052e+00 +2.8095e+00 +3.4328e+00 +2.9661e+00 -2.9929e+00
238200 +1.026820194e-01 +1.026820194e-01 -1.041373180e+02 -1.042400000e+02 +3.9610e-01 -3.9206e+00 +1.3135e+00 -4.9354e-01 -5.7680e-02 -3.7052e+00 +2.8095e+00 +3.4337e+00 +2.9661e+00 -2.9933e+00
278538 +9.504748004e-02 +9.504748004e-02 -1.041449525e+02 -1.042400000e+02 +3.9610e-01 -3.9206e+00 +1.3135e+00 -4.9354e-01 -5.7680e-02 -3.7052e+00 +2.8106e+00 +3.4337e+00 +2.9661e+00 -2.9933e+00
281564 +6.176686003e-02 +6.176686003e-02 -1.041782331e+02 -1.042400000e+02 +3.9610e-01 -3.9204e+00 +1.3135e+00 -4.9354e-01 -5.7680e-02 -3.7052e+00 +2.8106e+00 +3.4337e+00 +2.9661e+00 -2.9934e+00
316644 +3.680960863e-02 +3.680960863e-02 -1.042031904e+02 -1.042400000e+02 +3.9390e-01 -3.9204e+00 +1.3135e+00 -4.9354e-01 -5.7680e-02 -3.7052e+00 +2.8104e+00 +3.4337e+00 +2.9661e+00 -2.9937e+00
406791 +1.604254267e-02 +1.604254267e-02 -1.042239575e+02 -1.042400000e+02 +3.9390e-01 -3.9204e+00 +1.3135e+00 -4.9354e-01 -5.7680e-02 -3.7054e+00 +2.8104e+00 +3.4337e+00 +2.9661e+00 -2.9936e+00
447311 +1.581986899e-02 +1.581986899e-02 -1.042241801e+02 -1.042400000e+02 +3.9390e-01 -3.9204e+00 +1.3135e+00 -4.9354e-01 -5.8266e-02 -3.7054e+00 +2.8104e+00 +3.4337e+00 +2.9661e+00 -2.9936e+00
816367 +1.700768333e-03 +1.700768333e-03 -1.042382992e+02 -1.042400000e+02 +3.9424e-01 -3.9200e+00 +1.3137e+00 -4.9354e-01 -5.8481e-02 -3.7056e+00 +2.8104e+00 +3.4337e+00 +2.9664e+00 -2.9936e+00
865329 +1.352299943e-03 +1.352299943e-03 -1.042386477e+02 -1.042400000e+02 +3.9424e-01 -3.9200e+00 +1.3137e+00 -4.9354e-01 -5.8481e-02 -3.7056e+00 +2.8104e+00 +3.4335e+00 +2.9664e+00 -2.9936e+00
% function evaluation | noise-free fitness - Fopt (-1.000000000000e+03) | best noise-free fitness - Fopt | measured fitness | best measured fitness | x1 | x2...
1 +1.281696049e+07 +1.281696049e+07 +1.281596049e+07 -1.000000000e+03 -3.2155e+00 +1.9436e+00 +4.6753e+00 -1.8396e+00 +4.2757e+00 -3.9775e+00 -4.8837e+00 +2.4964e+00 +3.1581e+00 +3.9999e+00
386 +3.697453002e+05 +3.697453002e+05 +3.687453002e+05 -1.000000000e+03 +3.5335e+00 +4.6944e+00 -3.6004e+00 -2.7237e+00 -6.7811e-01 -4.2388e+00 +8.7590e-01 -9.3128e-01 -3.8987e+00 +2.9955e+00
574 +1.009692600e+05 +1.009692600e+05 +9.996926004e+04 -1.000000000e+03 +4.5268e+00 -1.0581e+00 -2.4827e-01 -4.2474e+00 +1.6257e+00 -4.3048e+00 +3.0656e+00 -9.3128e-01 -3.8987e+00 +2.5367e+00
760 +6.417378473e+04 +6.417378473e+04 +6.317378473e+04 -1.000000000e+03 +1.0031e+00 -7.4876e-01 +2.3127e-01 -4.3147e+00 +3.2997e+00 -2.7428e+00 +3.0656e+00 -9.3128e-01 -3.4690e+00 +2.3011e+00
950 +2.132066469e+04 +2.132066469e+04 +2.032066469e+04 -1.000000000e+03 -2.1906e+00 -4.3173e+00 +2.8431e+00 -3.6049e+00 -1.3944e-01 -2.7428e+00 +3.0656e+00 -9.3128e-01 -3.4690e+00 +2.5202e+00
1313 +1.357271510e+04 +1.357271510e+04 +1.257271510e+04 -1.000000000e+03 -2.1906e+00 -4.3173e+00 +3.1338e+00 -3.6049e+00 -9.8175e-02 -1.5790e+00 +3.0656e+00 -9.3128e-01 -3.4690e+00 +2.5202e+00
1502 +9.388497804e+03 +9.388497804e+03 +8.388497804e+03 -1.000000000e+03 +9.1759e-01 -7.4876e-01 +2.3127e-01 -3.6049e+00 -1.3944e-01 -1.5790e+00 +3.0656e+00 -9.3128e-01 -3.2927e+00 +2.4969e+00
1856 +4.336649241e+03 +4.336649241e+03 +3.336649241e+03 -1.000000000e+03 +9.1759e-01 -7.4876e-01 +2.3127e-01 -3.6049e+00 -9.8175e-02 -1.5790e+00 +2.2252e+00 -9.3128e-01 -3.2927e+00 +2.4969e+00
2556 +3.959633342e+03 +3.959633342e+03 +2.959633342e+03 -1.000000000e+03 +9.1759e-01 -7.4876e-01 +2.3127e-01 -2.9761e+00 +5.3975e-01 -1.5790e+00 +2.2252e+00 -9.3128e-01 -3.2927e+00 +2.4969e+00
3111 +2.325844187e+03 +2.325844187e+03 +1.325844187e+03 -1.000000000e+03 +9.1759e-01 -7.4876e-01 +2.3127e-01 -2.9761e+00 +5.3975e-01 -1.2520e+00 +2.2252e+00 -9.3128e-01 -3.2927e+00 +2.4969e+00
3847 +1.449075034e+03 +1.449075034e+03 +4.490750339e+02 -1.000000000e+03 -2.1906e+00 -4.3173e+00 +2.3127e-01 -1.6964e+00 +5.3975e-01 -1.2520e+00 +2.3348e+00 -9.3128e-01 -3.3118e+00 +2.4969e+00
4389 +4.656624634e+02 +4.656624634e+02 -5.343375366e+02 -1.000000000e+03 -2.1906e+00 -4.3173e+00 -3.8304e-01 -1.6964e+00 +5.3975e-01 -6.5267e-01 +2.3348e+00 -9.3128e-01 -3.3118e+00 +2.4969e+00
4575 +3.780125185e+02 +3.780125185e+02 -6.219874815e+02 -1.000000000e+03 -2.1906e+00 -4.3173e+00 +2.3127e-01 -1.9048e+00 +5.3975e-01 -6.4904e-01 +2.3348e+00 -9.3128e-01 -3.3581e+00 +2.4969e+00
5125 +1.704845515e+02 +1.704845515e+02 -8.295154485e+02 -1.000000000e+03 -2.1441e+00 -4.3173e+00 -5.7593e-01 -1.6964e+00 +5.3975e-01 -6.4904e-01 +2.3348e+00 -9.8994e-01 -3.3581e+00 +2.4969e+00
5305 +1.226232170e+02 +1.226232170e+02 -8.773767830e+02 -1.000000000e+03 -2.1906e+00 -4.3173e+00 -1.4830e+00 -1.1114e+00 +5.3975e-01 -6.4904e-01 +2.3348e+00 -9.8994e-01 -3.3581e+00 +2.4969e+00
5674 +7.307737365e+01 +7.307737365e+01 -9.269226264e+02 -1.000000000e+03 -2.1906e+00 -4.3173e+00 -1.4830e+00 -1.1114e+00 +5.3975e-01 -4.6893e-01 +2.3348e+00 -9.8994e-01 -3.3581e+00 +2.4969e+00
6221 +1.253464950e+01 +1.253464950e+01 -9.874653505e+02 -1.000000000e+03 -2.1906e+00 -4.3173e+00 -1.4830e+00 -1.1114e+00 +5.3975e-01 -4.6893e-01 +2.3348e+00 -9.8994e-01 -3.3407e+00 +2.4969e+00
6770 +9.262221965e+00 +9.262221965e+00 -9.907377780e+02 -1.000000000e+03 -2.3294e+00 -3.2579e+00 -1.4830e+00 -1.1114e+00 +5.3975e-01 -4.9655e-01 +2.3348e+00 -9.8994e-01 -3.3407e+00 +2.4969e+00
38332 +5.559208867e+00 +5.559208867e+00 -9.944407911e+02 -1.000000000e+03 -2.5035e+00 -3.6313e+00 -1.5377e+00 -1.1114e+00 +5.3975e-01 -4.9655e-01 +2.2937e+00 -9.8713e-01 -3.3407e+00 +2.4966e+00
40496 +2.800409732e+00 +2.800409732e+00 -9.971995903e+02 -1.000000000e+03 -2.5035e+00 -3.6462e+00 -1.5377e+00 -1.1114e+00 +5.3975e-01 -4.9655e-01 +2.2993e+00 -9.8497e-01 -3.3407e+00 +2.4966e+00
43514 +9.874340637e-01 +9.874340637e-01 -9.990125659e+02 -1.000000000e+03 -2.5035e+00 -3.6462e+00 -1.5377e+00 -1.1114e+00 +5.3975e-01 -4.9655e-01 +2.3105e+00 -9.8497e-01 -3.3407e+00 +2.4966e+00
73849 +5.584202117e-01 +5.584202117e-01 -9.994415798e+02 -1.000000000e+03 -2.5194e+00 -3.6313e+00 -1.5377e+00 -1.1114e+00 +5.4211e-01 -5.0910e-01 +2.3106e+00 -9.8171e-01 -3.3415e+00 +2.4954e+00
117137 +1.232428092e-01 +1.232428092e-01 -9.998767572e+02 -1.000000000e+03 -2.5131e+00 -3.6462e+00 -1.5257e+00 -1.1114e+00 +5.5056e-01 -5.0277e-01 +2.3106e+00 -9.8171e-01 -3.3415e+00 +2.4962e+00
118400 +9.198751351e-02 +9.198751351e-02 -9.999080125e+02 -1.000000000e+03 -2.5131e+00 -3.6386e+00 -1.5173e+00 -1.1114e+00 +5.5056e-01 -5.0277e-01 +2.3116e+00 -9.8171e-01 -3.3415e+00 +2.4962e+00
195448 +5.845358347e-02 +5.845358347e-02 -9.999415464e+02 -1.000000000e+03 -2.5131e+00 -3.6431e+00 -1.5173e+00 -1.1114e+00 +5.4721e-01 -5.0277e-01 +2.3126e+00 -9.8283e-01 -3.3415e+00 +2.4962e+00
265989 +1.958463205e-02 +1.958463205e-02 -9.999804154e+02 -1.000000000e+03 -2.5146e+00 -3.6431e+00 -1.5176e+00 -1.1114e+00 +5.4721e-01 -5.0277e-01 +2.3126e+00 -9.8283e-01 -3.3415e+00 +2.4959e+00
269088 +1.470268641e-02 +1.470268641e-02 -9.999852973e+02 -1.000000000e+03 -2.5146e+00 -3.6431e+00 -1.5176e+00 -1.1114e+00 +5.4721e-01 -5.0277e-01 +2.3126e+00 -9.8274e-01 -3.3415e+00 +2.4959e+00
318584 +8.965962287e-03 +8.965962287e-03 -9.999910340e+02 -1.000000000e+03 -2.5146e+00 -3.6427e+00 -1.5176e+00 -1.1114e+00 +5.4721e-01 -5.0294e-01 +2.3126e+00 -9.8269e-01 -3.3416e+00 +2.4959e+00
389771 +6.240220430e-03 +6.240220430e-03 -9.999937598e+02 -1.000000000e+03 -2.5154e+00 -3.6414e+00 -1.5191e+00 -1.1114e+00 +5.4622e-01 -5.0294e-01 +2.3130e+00 -9.8259e-01 -3.3416e+00 +2.4959e+00
% function evaluation | noise-free fitness - Fopt (-3.629000000000e+01) | best noise-free fitness - Fopt | measured fitness | best measured fitness | x1 | x2...
1 +5.378343937e+07 +5.378343937e+07 +5.378340308e+07 -3.629000000e+01 +2.0099e-01 +3.9150e+00 -4.3667e+00 +1.1430e+00 -1.4508e+00 +2.3615e+00 +4.2627e+00 +3.8710e+00 +4.4361e-01 -4.3925e+00
383 +1.371707758e+05 +1.371707758e+05 +1.371344858e+05 -3.629000000e+01 +1.3706e+00 +1.8325e+00 +6.6670e-01 -2.5506e+00 +4.7413e+00 +4.7543e+00 +4.0154e-01 -4.2616e-01 +4.1682e+00 +3.0538e+00
746 +4.674412442e+04 +4.674412442e+04 +4.670783442e+04 -3.629000000e+01 +1.3706e+00 +1.8325e+00 +6.6670e-01 -2.5689e+00 -5.4050e-01 +4.1672e+00 +4.0154e-01 -4.2616e-01 +3.6088e+00 +3.0538e+00
924 +3.140811966e+04 +3.140811966e+04 +3.137182966e+04 -3.629000000e+01 +1.3706e+00 +1.8325e+00 +6.6670e-01 +6.9756e-01 -9.5779e-01 +2.2269e+00 +4.0154e-01 -4.2616e-01 +3.6277e+00 +3.0538e+00
1116 +1.208806748e+04 +1.208806748e+04 +1.205177748e+04 -3.629000000e+01 +1.3706e+00 +4.6624e+00 +6.6670e-01 +1.7493e+00 -6.0126e-01 +2.4137e+00 -8.2794e-01 -4.2616e-01 +3.6086e+00 +3.0538e+00
1301 +7.273060495e+03 +7.273060495e+03 +7.236770495e+03 -3.629000000e+01 +1.4824e+00 +1.6807e+00 +6.6670e-01 +6.9756e-01 -1.8229e+00 +2.2269e+00 -8.2794e-01 -4.2616e-01 +3.6277e+00 +3.0538e+00
1491 +5.711939829e+03 +5.711939829e+03 +5.675649829e+03 -3.629000000e+01 +1.3706e+00 +1.8325e+00 +1.1701e+00 +6.9756e-01 -3.9853e+00 +2.2269e+00 -8.2794e-01 -4.2616e-01 +3.6277e+00 +3.0538e+00
1859 +3.630512362e+03 +3.630512362e+03 +3.594222362e+03 -3.629000000e+01 +1.3706e+00 +1.6807e+00 +6.6670e-01 -2.5745e+00 -3.5271e+00 +2.4137e+00 -1.2152e+00 -4.2616e-01 +3.6086e+00 +3.0538e+00
2044 +2.288533192e+03 +2.288533192e+03 +2.252243192e+03 -3.629000000e+01 +1.3706e+00 +1.6807e+00 +6.6670e-01 -2.5745e+00 -3.5271e+00 +1.9197e+00 -1.2152e+00 -4.2616e-01 +3.6086e+00 +3.0538e+00
2406 +1.572147596e+03 +1.572147596e+03 +1.535857596e+03 -3.629000000e+01 +1.4824e+00 +1.6807e+00 +6.6670e-01 -2.5745e+00 -3.4484e+00 +1.4667e+00 -1.2152e+00 -4.2616e-01 +3.6277e+00 +3.0538e+00
3140 +5.219487707e+02 +5.219487707e+02 +4.856587707e+02 -3.629000000e+01 +1.3706e+00 +1.6807e+00 +6.6670e-01 -2.5745e+00 -3.5980e+00 +1.4667e+00 -1.2152e+00 -3.4914e-01 +3.6277e+00 +3.0764e+00
3324 +3.647796618e+02 +3.647796618e+02 +3.284896618e+02 -3.629000000e+01 +1.3706e+00 +1.6807e+00 +6.6670e-01 -2.5745e+00 -3.5980e+00 +1.4667e+00 -1.2152e+00 -3.4914e-01 +3.6785e+00 +3.0764e+00
4613 +2.223576110e+02 +2.223576110e+02 +1.860676110e+02 -3.629000000e+01 +1.5255e+00 +5.7077e-01 -5.4995e-01 -2.7739e+00 -3.5980e+00 +1.4667e+00 -1.2977e+00 -3.7073e-01 +3.6785e+00 +3.0764e+00
5161 +1.366305875e+02 +1.366305875e+02 +1.003405875e+02 -3.629000000e+01 +1.3706e+00 -3.3435e-02 -5.4995e-01 -2.9719e+00 -3.5980e+00 +1.4667e+00 -1.2977e+00 -3.7073e-01 +3.6656e+00 +3.0764e+00
5530 +9.514116197e+01 +9.514116197e+01 +5.885116197e+01 -3.629000000e+01 +1.3706e+00 -4.9024e-01 +1.7486e-01 -2.8024e+00 -3.5980e+00 +1.4667e+00 -1.2977e+00 -3.7073e-01 +3.6709e+00 +3.0860e+00
5899 +5.977135577e+01 +5.977135577e+01 +2.348135577e+01 -3.629000000e+01 +1.3706e+00 -1.0465e+00 +1.7486e-01 -2.8024e+00 -3.5980e+00 +1.4667e+00 -1.2977e+00 -3.7073e-01 +3.6656e+00 +3.0860e+00
6455 +3.390579526e+01 +3.390579526e+01 -2.384204740e+00 -3.629000000e+01 +1.3706e+00 -2.1099e+00 +1.7486e-01 -2.8024e+00 -3.7375e+00 +1.4667e+00 -1.2977e+00 -3.7073e-01 +3.6656e+00 +3.0860e+00
7209 +2.442273690e+01 +2.442273690e+01 -1.186726310e+01 -3.629000000e+01 +2.1212e+00 -2.7403e+00 -5.4995e-01 -2.8024e+00 -3.7375e+00 +1.4667e+00 -1.2977e+00 -3.7073e-01 +3.6656e+00 +3.0860e+00
9041 +1.505476268e+01 +1.505476268e+01 -2.123523732e+01 -3.629000000e+01 +2.5601e+00 -3.1086e+00 -3.6956e-01 -2.7236e+00 -3.7375e+00 +1.4667e+00 -1.2977e+00 -3.7073e-01 +3.6576e+00 +3.0852e+00
37577 +9.399413598e+00 +9.399413598e+00 -2.689058640e+01 -3.629000000e+01 +2.4305e+00 -2.7536e+00 -2.5969e-01 -2.8127e+00 -3.7582e+00 +1.4579e+00 -1.2760e+00 -3.8060e-01 +3.6604e+00 +3.0821e+00
39222 +6.037203043e+00 +6.037203043e+00 -3.025279696e+01 -3.629000000e+01 +2.5832e+00 -3.1086e+00 -3.6956e-01 -2.8941e+00 -3.7375e+00 +1.4667e+00 -1.2977e+00 -3.8964e-01 +3.6576e+00 +3.0852e+00
42761 +2.959503409e+00 +2.959503409e+00 -3.333049659e+01 -3.629000000e+01 +2.7961e+00 -3.1592e+00 -2.9340e-01 -2.8941e+00 -3.7375e+00 +1.4667e+00 -1.2872e+00 -3.8964e-01 +3.6576e+00 +3.0852e+00
45399 +2.360300333e+00 +2.360300333e+00 -3.392969967e+01 -3.629000000e+01 +2.7961e+00 -3.1549e+00 -2.9340e-01 -2.8941e+00 -3.7375e+00 +1.4682e+00 -1.2776e+00 -3.7795e-01 +3.6576e+00 +3.0852e+00
53363 +8.800090279e-01 +8.800090279e-01 -3.540999097e+01 -3.629000000e+01 +2.7918e+00 -3.1469e+00 -2.9395e-01 -2.8819e+00 -3.7515e+00 +1.4667e+00 -1.2811e+00 -3.8285e-01 +3.6576e+00 +3.0852e+00
96072 +5.616605113e-01 +5.616605113e-01 -3.572833949e+01 -3.629000000e+01 +2.7920e+00 -3.1399e+00 -2.8858e-01 -2.8745e+00 -3.7515e+00 +1.4713e+00 -1.2811e+00 -3.8285e-01 +3.6603e+00 +3.0852e+00
154875 +3.662434478e-01 +3.662434478e-01 -3.592375655e+01 -3.629000000e+01 +2.7920e+00 -3.1437e+00 -2.9164e-01 -2.8745e+00 -3.7487e+00 +1.4712e+00 -1.2776e+00 -3.8384e-01 +3.6603e+00 +3.0845e+00
156807 +8.253321129e-02 +8.253321129e-02 -3.620746679e+01 -3.629000000e+01 +2.7920e+00 -3.1437e+00 -2.9164e-01 -2.8761e+00 -3.7487e+00 +1.4712e+00 -1.2776e+00 -3.8384e-01 +3.6592e+00 +3.0845e+00
193097 +6.104504185e-02 +6.104504185e-02 -3.622895496e+01 -3.629000000e+01 +2.7920e+00 -3.1437e+00 -2.9164e-01 -2.8774e+00 -3.7487e+00 +1.4712e+00 -1.2795e+00 -3.8384e-01 +3.6592e+00 +3.0845e+00
204507 +1.741454456e-02 +1.741454456e-02 -3.627258546e+01 -3.629000000e+01 +2.7920e+00 -3.1433e+00 -2.8942e-01 -2.8749e+00 -3.7487e+00 +1.4712e+00 -1.2797e+00 -3.8384e-01 +3.6592e+00 +3.0849e+00
215812 +1.506098265e-02 +1.506098265e-02 -3.627493902e+01 -3.629000000e+01 +2.7920e+00 -3.1433e+00 -2.8942e-01 -2.8761e+00 -3.7487e+00 +1.4712e+00 -1.2796e+00 -3.8384e-01 +3.6592e+00 +3.0849e+00
792638 +2.573499366e-03 +2.573499366e-03 -3.628742650e+01 -3.629000000e+01 +2.7920e+00 -3.1424e+00 -2.9038e-01 -2.8771e+00 -3.7489e+00 +1.4712e+00 -1.2791e+00 -3.8384e-01 +3.6592e+00 +3.0848e+00
% function evaluation | noise-free fitness - Fopt (-4.840000000000e+01) | best noise-free fitness - Fopt | measured fitness | best measured fitness | x1 | x2...
1 +1.288437423e+07 +1.288437423e+07 +1.288432583e+07 -4.840000000e+01 -4.7803e+00 -4.0925e+00 +4.6242e+00 -6.6459e-01 -3.9740e+00 -2.3015e+00 -3.7432e-02 -4.7113e+00 -3.5510e+00 -2.6705e+00
381 +8.281184196e+04 +8.281184196e+04 +8.276344196e+04 -4.840000000e+01 +8.0988e-01 +2.7579e+00 +1.0737e+00 -6.1729e-01 -5.7789e-02 -4.1196e+00 -3.1926e+00 -1.5267e+00 +6.4922e-01 +3.8577e-01
551 +2.676578192e+04 +2.676578192e+04 +2.671738192e+04 -4.840000000e+01 +8.0988e-01 +2.7579e+00 +1.0737e+00 -6.1729e-01 -5.7789e-02 -4.1196e+00 -3.1926e+00 -1.5267e+00 +3.0951e-01 +3.8577e-01
732 +2.414975886e+04 +2.414975886e+04 +2.410135886e+04 -4.840000000e+01 +8.0988e-01 +8.3772e-01 -1.4649e+00 +1.0199e+00 +2.9901e+00 -4.1196e+00 -3.1926e+00 -1.5267e+00 +3.0951e-01 +3.8577e-01
1077 +1.465978720e+04 +1.465978720e+04 +1.461138720e+04 -4.840000000e+01 -4.3680e+00 -2.6127e+00 -1.7045e-01 -3.5777e+00 +2.9159e+00 -3.6178e+00 -3.1926e+00 -1.1754e+00 +3.0951e-01 +3.8577e-01
1770 +9.950657694e+03 +9.950657694e+03 +9.902257694e+03 -4.840000000e+01 -4.3680e+00 -2.6127e+00 -1.7045e-01 -3.5777e+00 +2.9159e+00 -3.6178e+00 -4.0859e+00 -1.1754e+00 -4.1522e-02 +3.8577e-01
3841 +1.866547290e+03 +1.866547290e+03 +1.818147290e+03 -4.840000000e+01 +8.0988e-01 -2.7599e+00 -9.0158e-01 -1.1753e+00 +2.9159e+00 -3.3992e+00 -3.7873e+00 -1.1358e+00 +1.8062e-01 +4.6099e-01
8537 +1.134066696e+03 +1.134066696e+03 +1.085666696e+03 -4.840000000e+01 +2.8009e-02 -2.8068e+00 -9.0158e-01 -2.2661e+00 +2.6820e+00 -3.3992e+00 -3.7873e+00 -1.1358e+00 +1.5405e-01 +4.6099e-01
11736 +6.043363132e+02 +6.043363132e+02 +5.559363132e+02 -4.840000000e+01 -2.7922e+00 -1.8526e+00 -2.0865e+00 -3.4007e+00 +2.5849e+00 -3.2424e+00 -3.6776e+00 -1.1304e+00 +1.5211e-01 +4.2797e-01
12305 +2.763385492e+02 +2.763385492e+02 +2.279385492e+02 -4.840000000e+01 -2.4800e+00 -1.8526e+00 -1.6242e+00 -2.6478e+00 +2.5849e+00 -3.2749e+00 -3.6776e+00 -1.1304e+00 +1.2807e-01 +4.2797e-01
12499 +1.328885490e+02 +1.328885490e+02 +8.448854900e+01 -4.840000000e+01 -2.7922e+00 -1.8526e+00 -2.0865e+00 -3.0659e+00 +2.5849e+00 -3.4066e+00 -3.8824e+00 -1.1304e+00 +1.2807e-01 +4.2797e-01
12684 +4.331540402e+01 +4.331540402e+01 -5.084595981e+00 -4.840000000e+01 -2.4800e+00 -2.1784e+00 -1.6242e+00 -2.6478e+00 +2.5849e+00 -3.4155e+00 -3.8435e+00 -1.1304e+00 +1.2807e-01 +4.2797e-01
13062 +2.919040477e+01 +2.919040477e+01 -1.920959523e+01 -4.840000000e+01 -2.4800e+00 -2.1784e+00 -1.6242e+00 -2.2392e+00 +2.5849e+00 -3.4155e+00 -3.8435e+00 -1.1304e+00 +1.2807e-01 +4.2797e-01
13442 +2.122667241e+01 +2.122667241e+01 -2.717332759e+01 -4.840000000e+01 -2.4800e+00 -2.1784e+00 -1.3003e+00 -2.2392e+00 +2.5849e+00 -3.4155e+00 -3.8311e+00 -1.1304e+00 +1.2807e-01 +4.2797e-01
13830 +1.526965509e+01 +1.526965509e+01 -3.313034491e+01 -4.840000000e+01 -2.4800e+00 -3.0670e+00 -6.9691e-01 -2.2392e+00 +2.6594e+00 -3.4155e+00 -3.8311e+00 -1.1304e+00 +1.2807e-01 +4.2797e-01
14397 +8.858372805e+00 +8.858372805e+00 -3.954162720e+01 -4.840000000e+01 -1.7885e+00 -2.8898e+00 -1.1065e+00 -2.2392e+00 +2.6594e+00 -3.4066e+00 -3.8311e+00 -1.1304e+00 +1.2807e-01 +4.2797e-01
15150 +6.277921823e+00 +6.277921823e+00 -4.212207818e+01 -4.840000000e+01 -1.1964e+00 -2.8898e+00 -1.0672e+00 -2.2392e+00 +2.6594e+00 -3.3812e+00 -3.8311e+00 -1.1304e+00 +1.2807e-01 +4.2797e-01
15900 +3.601179675e+00 +3.601179675e+00 -4.479882032e+01 -4.840000000e+01 -3.4236e-01 -2.8898e+00 -9.9520e-01 -2.3152e+00 +2.6594e+00 -3.3812e+00 -3.8311e+00 -1.1304e+00 +1.2807e-01 +4.2797e-01
42653 +2.069358960e+00 +2.069358960e+00 -4.633064104e+01 -4.840000000e+01 +4.2559e-01 -2.9085e+00 -9.8874e-01 -2.2673e+00 +2.6820e+00 -3.3792e+00 -3.8382e+00 -1.1306e+00 +1.2462e-01 +4.2898e-01
45440 +6.990383937e-01 +6.990383937e-01 -4.770096161e+01 -4.840000000e+01 +4.5718e-01 -2.9374e+00 -1.0131e+00 -2.2673e+00 +2.6820e+00 -3.3792e+00 -3.8257e+00 -1.1306e+00 +1.2462e-01 +4.2898e-01
48201 +5.603793152e-01 +5.603793152e-01 -4.783962068e+01 -4.840000000e+01 +4.5718e-01 -2.9374e+00 -1.0131e+00 -2.2673e+00 +2.6871e+00 -3.3899e+00 -3.8257e+00 -1.1306e+00 +1.2462e-01 +4.2898e-01
132666 +3.845447642e-01 +3.845447642e-01 -4.801545524e+01 -4.840000000e+01 +4.4470e-01 -2.9291e+00 -1.0114e+00 -2.2832e+00 +2.6871e+00 -3.3899e+00 -3.8257e+00 -1.1304e+00 +1.2638e-01 +4.2876e-01
136539 +1.491704854e-01 +1.491704854e-01 -4.825082951e+01 -4.840000000e+01 +4.4470e-01 -2.9243e+00 -1.0114e+00 -2.2832e+00 +2.6871e+00 -3.3899e+00 -3.8257e+00 -1.1277e+00 +1.2638e-01 +4.2876e-01
233971 +5.990768729e-02 +5.990768729e-02 -4.834009231e+01 -4.840000000e+01 +4.4280e-01 -2.9258e+00 -1.0114e+00 -2.2800e+00 +2.6862e+00 -3.3862e+00 -3.8257e+00 -1.1277e+00 +1.2607e-01 +4.2876e-01
424573 +1.740286908e-02 +1.740286908e-02 -4.838259713e+01 -4.840000000e+01 +4.4280e-01 -2.9114e+00 -1.0097e+00 -2.2810e+00 +2.6862e+00 -3.3871e+00 -3.8266e+00 -1.1277e+00 +1.2580e-01 +4.2876e-01
513110 +1.185294990e-02 +1.185294990e-02 -4.838814705e+01 -4.840000000e+01 +4.4346e-01 -2.9258e+00 -1.0097e+00 -2.2821e+00 +2.6862e+00 -3.3871e+00 -3.8266e+00 -1.1281e+00 +1.2580e-01 +4.2876e-01
724642 +8.473733847e-03 +8.473733847e-03 -4.839152627e+01 -4.840000000e+01 +4.4338e-01 -2.9258e+00 -1.0105e+00 -2.2816e+00 +2.6863e+00 -3.3871e+00 -3.8264e+00 -1.1281e+00 +1.2577e-01 +4.2876e-01
% function evaluation | noise-free fitness - Fopt (1.000000000000e+03) | best noise-free fitness - Fopt | measured fitness | best measured fitness | x1 | x2...
1 +1.517451623e+07 +1.517451623e+07 +1.517551623e+07 +1.000000000e+03 -4.0956e+00 +3.3258e+00 +4.9693e+00 -3.4491e-01 -1.2521e+00 +2.0300e-02 +1.3453e+00 -4.2003e+00 -3.5861e+00 -4.7520e+00
198 +6.859876033e+04 +6.859876033e+04 +6.959876033e+04 +1.000000000e+03 +2.8276e+00 -1.0596e+00 -3.9817e+00 +7.9765e-02 -1.3256e+00 -1.8392e+00 -3.5575e+00 +1.9091e+00 +2.3872e+00 -2.0932e+00
783 +3.563578573e+04 +3.563578573e+04 +3.663578573e+04 +1.000000000e+03 +2.8276e+00 -1.0596e+00 -4.6439e+00 +7.9765e-02 -1.3256e+00 -1.8392e+00 -3.3986e+00 +2.7529e+00 +2.3872e+00 -2.0932e+00
1170 +1.855036120e+04 +1.855036120e+04 +1.955036120e+04 +1.000000000e+03 +2.8276e+00 -1.0596e+00 +1.5908e+00 +7.9765e-02 -1.3256e+00 -1.8392e+00 -2.6935e+00 +2.7529e+00 +2.3872e+00 -2.0932e+00
1365 +8.851929725e+03 +8.851929725e+03 +9.851929725e+03 +1.000000000e+03 +2.8276e+00 -1.0596e+00 -3.4252e+00 +7.9765e-02 -1.3256e+00 -1.8392e+00 -2.6935e+00 +2.7529e+00 +2.3872e+00 -2.2089e+00
1944 +5.338320116e+03 +5.338320116e+03 +6.338320116e+03 +1.000000000e+03 +2.8276e+00 -1.5911e+00 +1.5908e+00 +7.9765e-02 -1.3256e+00 -1.8392e+00 -2.1351e+00 +2.7529e+00 +2.3872e+00 -2.2089e+00
2328 +2.913414079e+03 +2.913414079e+03 +3.913414079e+03 +1.000000000e+03 +2.8276e+00 -1.5911e+00 +1.5908e+00 +7.9765e-02 -1.3256e+00 -2.2252e+00 -2.1351e+00 +2.7529e+00 +2.3872e+00 -2.2089e+00
2518 +2.311062760e+03 +2.311062760e+03 +3.311062760e+03 +1.000000000e+03 +3.0858e+00 -1.5911e+00 +1.5908e+00 +7.9765e-02 -6.5490e-01 -2.2252e+00 -2.1351e+00 +2.7529e+00 +2.3872e+00 -2.2089e+00
2708 +1.461588883e+03 +1.461588883e+03 +2.461588883e+03 +1.000000000e+03 +3.0858e+00 -1.5911e+00 +1.5908e+00 +7.9765e-02 -6.5490e-01 -2.6369e+00 -2.1351e+00 +2.7529e+00 +2.3872e+00 -2.2089e+00
3086 +9.281213313e+02 +9.281213313e+02 +1.928121331e+03 +1.000000000e+03 -3.5912e+00 -1.5911e+00 +1.5908e+00 -5.3611e-01 -6.5490e-01 -2.7402e+00 -2.1351e+00 +2.7529e+00 +2.3872e+00 -2.2089e+00
3857 +4.348824421e+02 +4.348824421e+02 +1.434882442e+03 +1.000000000e+03 -3.5815e+00 -1.5911e+00 +1.5908e+00 -5.3611e-01 -6.5490e-01 -3.0846e+00 -2.1351e+00 +2.7529e+00 +2.3872e+00 -2.1944e+00
4050 +2.707853763e+02 +2.707853763e+02 +1.270785376e+03 +1.000000000e+03 -3.5815e+00 -1.5911e+00 +1.5908e+00 -7.6584e-01 -3.9276e-02 -2.9867e+00 -2.1351e+00 +2.7529e+00 +2.3872e+00 -2.1944e+00
4247 +8.056003404e+01 +8.056003404e+01 +1.080560034e+03 +1.000000000e+03 -3.5815e+00 -1.5911e+00 +1.5908e+00 -1.9979e+00 +3.4027e-02 -3.0099e+00 -2.1351e+00 +2.7529e+00 +2.3872e+00 -2.1944e+00
4827 +5.450760300e+01 +5.450760300e+01 +1.054507603e+03 +1.000000000e+03 -3.2150e+00 -2.1257e+00 +1.5908e+00 -1.9979e+00 -3.9276e-02 -2.9867e+00 -2.1351e+00 +2.7322e+00 +2.3872e+00 -2.1944e+00
5602 +3.952685059e+01 +3.952685059e+01 +1.039526851e+03 +1.000000000e+03 -3.5733e+00 -2.5894e+00 +1.5908e+00 -2.2108e+00 -1.1860e-01 -2.9867e+00 -2.1351e+00 +2.7322e+00 +2.3872e+00 -2.1944e+00
7350 +9.080149839e+00 +9.080149839e+00 +1.009080150e+03 +1.000000000e+03 -3.5733e+00 -2.8705e+00 +1.6360e+00 -2.2108e+00 -1.1860e-01 -3.0099e+00 -2.1254e+00 +2.7388e+00 +2.3872e+00 -2.1908e+00
45191 +2.214008625e+00 +2.214008625e+00 +1.002214009e+03 +1.000000000e+03 -3.4168e+00 -2.9656e+00 +1.7243e+00 -2.2675e+00 -1.5363e-01 -3.0099e+00 -2.1254e+00 +2.7388e+00 +2.3827e+00 -2.1908e+00
71516 +1.578399511e+00 +1.578399511e+00 +1.001578400e+03 +1.000000000e+03 -3.4168e+00 -2.9656e+00 +1.7061e+00 -2.2428e+00 -1.5363e-01 -3.0099e+00 -2.1192e+00 +2.7388e+00 +2.3807e+00 -2.1907e+00
94717 +5.099407749e-01 +5.099407749e-01 +1.000509941e+03 +1.000000000e+03 -3.4334e+00 -2.9894e+00 +1.7243e+00 -2.2558e+00 -1.5361e-01 -3.0099e+00 -2.1192e+00 +2.7388e+00 +2.3827e+00 -2.1896e+00
133522 +2.952117452e-01 +2.952117452e-01 +1.000295212e+03 +1.000000000e+03 -3.4334e+00 -2.9894e+00 +1.7243e+00 -2.2558e+00 -1.5363e-01 -3.0069e+00 -2.1192e+00 +2.7388e+00 +2.3822e+00 -2.1896e+00
140927 +2.161723747e-01 +2.161723747e-01 +1.000216172e+03 +1.000000000e+03 -3.4334e+00 -2.9894e+00 +1.7299e+00 -2.2590e+00 -1.5360e-01 -3.0069e+00 -2.1192e+00 +2.7388e+00 +2.3815e+00 -2.1896e+00
180133 +4.412786002e-02 +4.412786002e-02 +1.000044128e+03 +1.000000000e+03 -3.4334e+00 -2.9894e+00 +1.7299e+00 -2.2590e+00 -1.5360e-01 -3.0069e+00 -2.1192e+00 +2.7358e+00 +2.3815e+00 -2.1896e+00
198261 +6.180827193e-03 +6.180827193e-03 +1.000006181e+03 +1.000000000e+03 -3.4334e+00 -2.9879e+00 +1.7277e+00 -2.2600e+00 -1.5328e-01 -3.0067e+00 -2.1192e+00 +2.7366e+00 +2.3815e+00 -2.1896e+00
340153 +1.865662730e-03 +1.865662730e-03 +1.000001866e+03 +1.000000000e+03 -3.4301e+00 -2.9879e+00 +1.7271e+00 -2.2616e+00 -1.5264e-01 -3.0069e+00 -2.1192e+00 +2.7366e+00 +2.3816e+00 -2.1896e+00
690652 +7.211036993e-04 +7.211036993e-04 +1.000000721e+03 +1.000000000e+03 -3.4305e+00 -2.9873e+00 +1.7271e+00 -2.2616e+00 -1.5264e-01 -3.0071e+00 -2.1192e+00 +2.7369e+00 +2.3816e+00 -2.1896e+00
% function evaluation | noise-free fitness - Fopt (3.261100000000e+02) | best noise-free fitness - Fopt | measured fitness | best measured fitness | x1 | x2...
1 +1.591164594e+07 +1.591164594e+07 +1.591197205e+07 +3.261100000e+02 +3.2332e+00 -3.5122e+00 +3.8425e+00 +1.1835e+00 +2.8736e-02 +1.1082e+00 +3.4399e+00 -3.6899e+00 -4.1754e+00 -1.9638e+00
389 +5.621877329e+04 +5.621877329e+04 +5.654488329e+04 +3.261100000e+02 +3.9221e+00 +4.7396e+00 -3.0584e+00 -4.4023e+00 -4.5414e+00 +1.0413e-01 -3.6531e+00 +3.4829e+00 +1.7572e+00 +6.3437e-01
948 +2.496871919e+04 +2.496871919e+04 +2.529482919e+04 +3.261100000e+02 +3.9221e+00 -5.7665e-01 +1.4754e+00 -4.4477e+00 -1.3904e+00 -2.5406e+00 -3.6531e+00 +3.4829e+00 +1.7572e+00 +5.6433e-01
1328 +1.030985028e+04 +1.030985028e+04 +1.063596028e+04 +3.261100000e+02 -1.4676e+00 +4.7396e+00 +9.2424e-01 -4.4023e+00 -1.3904e+00 -2.5406e+00 -3.6531e+00 +3.7703e+00 +1.8574e+00 +5.6433e-01
1510 +9.739871064e+03 +9.739871064e+03 +1.006598106e+04 +3.261100000e+02 -1.4676e+00 -5.7665e-01 +9.4130e-01 -3.6736e+00 -1.3904e+00 -2.5406e+00 -3.6531e+00 +3.7703e+00 +1.8574e+00 +5.6433e-01
2819 +2.737682787e+03 +2.737682787e+03 +3.063792787e+03 +3.261100000e+02 -1.4676e+00 +4.7396e+00 +9.4130e-01 -2.7468e+00 -1.7820e+00 -2.5406e+00 -3.2402e+00 +4.0167e+00 +1.8574e+00 +5.1431e-01
3204 +2.508670888e+03 +2.508670888e+03 +2.834780888e+03 +3.261100000e+02 -1.4676e+00 +4.7396e+00 +9.4130e-01 -2.2986e+00 -1.7820e+00 -2.5406e+00 -3.2402e+00 +4.0167e+00 +1.8574e+00 +5.1431e-01
4518 +1.573737591e+03 +1.573737591e+03 +1.899847591e+03 +3.261100000e+02 -1.4676e+00 +4.7396e+00 +9.4130e-01 -6.3816e-01 -1.7820e+00 -2.5406e+00 -2.8005e+00 +3.9752e+00 +1.8574e+00 +5.1431e-01
6202 +9.599493370e+02 +9.599493370e+02 +1.286059337e+03 +3.261100000e+02 -1.4676e+00 +4.5075e+00 +2.5083e+00 -6.3816e-01 -1.7820e+00 -2.4345e+00 -3.0064e+00 +3.9752e+00 +1.8646e+00 +5.1431e-01
14641 +9.750018471e+01 +9.750018471e+01 +4.236101847e+02 +3.261100000e+02 -4.3081e+00 +1.0441e+00 +3.1799e+00 +4.1254e-01 -1.8205e+00 -2.3755e+00 -2.9830e+00 +3.9269e+00 +1.9459e+00 +5.2007e-01
15721 +2.159149628e+01 +2.159149628e+01 +3.477014963e+02 +3.261100000e+02 -4.3081e+00 +2.2493e+00 +3.2840e+00 +1.0318e-01 -1.8205e+00 -2.4281e+00 -2.9830e+00 +3.9269e+00 +1.9307e+00 +5.2007e-01
16080 +1.454100597e+01 +1.454100597e+01 +3.406510060e+02 +3.261100000e+02 -4.3081e+00 +2.2493e+00 +2.8050e+00 +1.0318e-01 -1.8205e+00 -2.4281e+00 -2.9830e+00 +3.9269e+00 +1.9307e+00 +5.2007e-01
17921 +9.896428109e+00 +9.896428109e+00 +3.360064281e+02 +3.261100000e+02 -3.5728e+00 +2.4294e+00 +2.8050e+00 +1.3390e-01 -1.7376e+00 -2.4281e+00 -2.9959e+00 +3.9269e+00 +1.9307e+00 +5.2007e-01
51082 +3.248260073e+00 +3.248260073e+00 +3.293582601e+02 +3.261100000e+02 -3.5276e+00 +2.4375e+00 +2.8050e+00 +1.5868e-01 -1.7360e+00 -2.4346e+00 -2.9959e+00 +3.9466e+00 +1.9307e+00 +5.2007e-01
51619 +1.282510158e+00 +1.282510158e+00 +3.273925102e+02 +3.261100000e+02 -3.5276e+00 +2.4375e+00 +2.7457e+00 +1.5868e-01 -1.7360e+00 -2.4346e+00 -2.9959e+00 +3.9400e+00 +1.9307e+00 +5.2007e-01
61301 +9.592443180e-01 +9.592443180e-01 +3.270692443e+02 +3.261100000e+02 -3.5404e+00 +2.4294e+00 +2.7402e+00 +1.5363e-01 -1.7320e+00 -2.4395e+00 -2.9946e+00 +3.9399e+00 +1.9307e+00 +5.2007e-01
116344 +5.925876315e-01 +5.925876315e-01 +3.267025876e+02 +3.261100000e+02 -3.5397e+00 +2.4447e+00 +2.7402e+00 +1.5118e-01 -1.7320e+00 -2.4463e+00 -2.9900e+00 +3.9399e+00 +1.9300e+00 +5.2007e-01
427739 +5.544167546e-02 +5.544167546e-02 +3.261654417e+02 +3.261100000e+02 -3.5350e+00 +2.4439e+00 +2.7402e+00 +1.5049e-01 -1.7320e+00 -2.4457e+00 -2.9920e+00 +3.9400e+00 +1.9294e+00 +5.2102e-01
546928 +2.578460725e-03 +2.578460725e-03 +3.261125785e+02 +3.261100000e+02 -3.5350e+00 +2.4441e+00 +2.7414e+00 +1.5049e-01 -1.7320e+00 -2.4457e+00 -2.9920e+00 +3.9400e+00 +1.9297e+00 +5.2083e-01
% function evaluation | noise-free fitness - Fopt (-4.682000000000e+01) | best noise-free fitness - Fopt | measured fitness | best measured fitness | x1 | x2...
1 +9.526467446e+06 +9.526467446e+06 +9.526420626e+06 -4.682000000e+01 -4.0383e+00 -1.7321e+00 +2.0317e+00 -1.1976e+00 -1.8981e+00 -4.8665e+00 +4.4995e+00 -4.8942e+00 -1.8213e+00 -1.5647e+00
391 +1.359671292e+05 +1.359671292e+05 +1.359203092e+05 -4.682000000e+01 -3.2616e+00 -3.4183e+00 -2.9106e+00 +3.9758e+00 +3.6995e+00 +4.9947e-01 -2.6250e+00 +3.3518e+00 +1.9183e+00 -3.2100e+00
581 +5.810878510e+04 +5.810878510e+04 +5.806196510e+04 -4.682000000e+01 +3.4319e+00 -4.6243e-01 +7.3841e-01 +3.9758e+00 +3.6995e+00 +4.9947e-01 -2.6250e+00 +3.3518e+00 +1.4184e+00 -3.6142e+00
766 +3.450940546e+04 +3.450940546e+04 +3.446258546e+04 -4.682000000e+01 +3.4319e+00 -4.6243e-01 +7.3841e-01 +3.9758e+00 +3.6995e+00 +4.9947e-01 -2.6250e+00 +3.3518e+00 +1.9183e+00 -3.6142e+00
959 +2.260895990e+04 +2.260895990e+04 +2.256213990e+04 -4.682000000e+01 -4.9360e+00 -3.4183e+00 +3.1034e-01 +3.9758e+00 +3.6995e+00 +4.9947e-01 -2.7650e+00 +2.4638e+00 +1.9183e+00 -3.6142e+00
1528 +1.117795264e+04 +1.117795264e+04 +1.113113264e+04 -4.682000000e+01 +3.4319e+00 -4.6243e-01 +3.8478e+00 +1.6345e-01 +3.6995e+00 +9.7962e-01 -2.6250e+00 +2.8313e+00 +1.9183e+00 -3.4761e+00
1719 +9.326670836e+03 +9.326670836e+03 +9.279850836e+03 -4.682000000e+01 +3.4319e+00 -4.6243e-01 -1.7739e+00 +5.7485e-01 +3.6995e+00 +4.9947e-01 -2.2664e+00 +2.8313e+00 +1.9183e+00 -3.4761e+00
2271 +4.324794607e+03 +4.324794607e+03 +4.277974607e+03 -4.682000000e+01 +3.4319e+00 -4.6243e-01 +3.7551e+00 +1.6345e-01 +3.6995e+00 +4.9947e-01 -2.2664e+00 +2.8313e+00 +1.7601e+00 -3.4761e+00
2452 +3.849553484e+03 +3.849553484e+03 +3.802733484e+03 -4.682000000e+01 +3.4319e+00 -4.6243e-01 -1.7739e+00 +5.7485e-01 +3.6995e+00 +4.9947e-01 -2.2664e+00 +2.8313e+00 +1.8530e+00 -3.5017e+00
2637 +2.374332045e+03 +2.374332045e+03 +2.327512045e+03 -4.682000000e+01 +3.4845e+00 -4.6243e-01 -1.7739e+00 +5.7485e-01 +3.6995e+00 +4.9947e-01 -2.2664e+00 +2.8313e+00 +1.7601e+00 -3.5017e+00
3016 +1.460289545e+03 +1.460289545e+03 +1.413469545e+03 -4.682000000e+01 +3.4319e+00 -4.6243e-01 +3.0024e+00 -1.7423e-01 +3.6995e+00 +4.9947e-01 -2.1820e+00 +2.8313e+00 +1.7601e+00 -3.5017e+00
3953 +3.822304604e+02 +3.822304604e+02 +3.354104604e+02 -4.682000000e+01 +3.4319e+00 -7.1163e-01 +2.6295e+00 -5.8342e-01 +3.5153e+00 +5.0387e-01 -2.1820e+00 +2.7440e+00 +1.7601e+00 -3.5338e+00
4331 +1.651063992e+02 +1.651063992e+02 +1.182863992e+02 -4.682000000e+01 +3.4319e+00 -7.1163e-01 +2.6295e+00 -1.4495e+00 +3.5153e+00 +5.0387e-01 -2.1820e+00 +2.7657e+00 +1.7601e+00 -3.5338e+00
4516 +1.228197042e+02 +1.228197042e+02 +7.599970421e+01 -4.682000000e+01 +3.4319e+00 -6.9394e-01 +2.6295e+00 -1.4495e+00 +3.2727e+00 +4.9947e-01 -2.1820e+00 +2.7657e+00 +1.7601e+00 -3.5338e+00
4875 +8.046426474e+01 +8.046426474e+01 +3.364426474e+01 -4.682000000e+01 +3.4319e+00 -7.1163e-01 +2.6295e+00 -2.2935e+00 +3.1705e+00 +5.0387e-01 -2.1820e+00 +2.7657e+00 +1.7601e+00 -3.5338e+00
5632 +6.308678481e+01 +6.308678481e+01 +1.626678481e+01 -4.682000000e+01 +3.1175e+00 -3.3943e-02 +2.6295e+00 -2.2935e+00 +3.1705e+00 +5.0387e-01 -2.1820e+00 +2.7794e+00 +1.7601e+00 -3.5338e+00
26269 +5.476069737e+00 +5.476069737e+00 -4.134393026e+01 -4.682000000e+01 +2.5613e-01 +2.5769e-01 +2.5832e+00 -2.0607e+00 +3.1909e+00 +5.7421e-01 -2.1699e+00 +2.7831e+00 +1.7673e+00 -3.5273e+00
26830 +3.947977701e+00 +3.947977701e+00 -4.287202230e+01 -4.682000000e+01 +1.0615e+00 +5.5493e-01 +2.5832e+00 -2.0607e+00 +3.1909e+00 +5.6233e-01 -2.1699e+00 +2.7831e+00 +1.7673e+00 -3.5273e+00
64286 +2.378706681e+00 +2.378706681e+00 -4.444129332e+01 -4.682000000e+01 +1.2024e+00 +5.0465e-01 +2.5832e+00 -2.0786e+00 +3.2159e+00 +5.6233e-01 -2.1633e+00 +2.7824e+00 +1.7673e+00 -3.5300e+00
68926 +1.529218061e+00 +1.529218061e+00 -4.529078194e+01 -4.682000000e+01 +1.1650e+00 +4.9741e-01 +2.5832e+00 -2.0911e+00 +3.2166e+00 +5.6233e-01 -2.1699e+00 +2.7783e+00 +1.7673e+00 -3.5280e+00
81015 +9.310849953e-01 +9.310849953e-01 -4.588891500e+01 -4.682000000e+01 +1.2018e+00 +4.9712e-01 +2.5594e+00 -2.0797e+00 +3.2288e+00 +5.5971e-01 -2.1687e+00 +2.7794e+00 +1.7673e+00 -3.5285e+00
116660 +6.246743406e-01 +6.246743406e-01 -4.619532566e+01 -4.682000000e+01 +1.1809e+00 +5.0096e-01 +2.5775e+00 -2.0797e+00 +3.2288e+00 +5.5934e-01 -2.1669e+00 +2.7794e+00 +1.7676e+00 -3.5285e+00
118926 +3.843362401e-01 +3.843362401e-01 -4.643566376e+01 -4.682000000e+01 +1.1828e+00 +5.0096e-01 +2.5722e+00 -2.0809e+00 +3.2288e+00 +5.5934e-01 -2.1669e+00 +2.7794e+00 +1.7683e+00 -3.5285e+00
159857 +1.078735120e-01 +1.078735120e-01 -4.671212649e+01 -4.682000000e+01 +1.1908e+00 +5.0096e-01 +2.5683e+00 -2.0816e+00 +3.2144e+00 +5.6233e-01 -2.1638e+00 +2.7794e+00 +1.7683e+00 -3.5289e+00
160052 +9.036616005e-02 +9.036616005e-02 -4.672963384e+01 -4.682000000e+01 +1.1908e+00 +5.0096e-01 +2.5683e+00 -2.0816e+00 +3.2144e+00 +5.5934e-01 -2.1638e+00 +2.7794e+00 +1.7683e+00 -3.5289e+00
233427 +5.464363134e-02 +5.464363134e-02 -4.676535637e+01 -4.682000000e+01 +1.1852e+00 +5.0324e-01 +2.5697e+00 -2.0809e+00 +3.2144e+00 +5.5934e-01 -2.1629e+00 +2.7794e+00 +1.7692e+00 -3.5289e+00
336501 +3.917375441e-02 +3.917375441e-02 -4.678082625e+01 -4.682000000e+01 +1.1872e+00 +5.0324e-01 +2.5697e+00 -2.0809e+00 +3.2144e+00 +5.5934e-01 -2.1629e+00 +2.7792e+00 +1.7685e+00 -3.5289e+00
407234 +1.492517386e-02 +1.492517386e-02 -4.680507483e+01 -4.682000000e+01 +1.1872e+00 +5.0324e-01 +2.5697e+00 -2.0809e+00 +3.2153e+00 +5.5934e-01 -2.1629e+00 +2.7792e+00 +1.7687e+00 -3.5289e+00
% function evaluation | noise-free fitness - Fopt (-5.563000000000e+01) | best noise-free fitness - Fopt | measured fitness | best measured fitness | x1 | x2...
1 +2.618854693e+06 +2.618854693e+06 +2.618799063e+06 -5.563000000e+01 +7.2741e-01 +3.8324e+00 -2.1409e+00 -2.1450e+00 -4.5970e+00 -4.4808e+00 +1.0890e+00 -3.4678e-01 +8.4747e-01 -2.3873e+00
364 +2.225548006e+05 +2.225548006e+05 +2.224991706e+05 -5.563000000e+01 -3.0829e+00 -1.6713e+00 +4.5695e+00 -4.8220e+00 -3.1299e+00 +2.0565e+00 -4.9726e-01 -3.6636e+00 -8.5867e-01 -3.8695e+00
536 +1.003764938e+05 +1.003764938e+05 +1.003208638e+05 -5.563000000e+01 +1.4592e+00 -1.2752e+00 +3.3280e-01 -3.8465e+00 +1.1966e+00 -2.7089e+00 -2.9810e+00 -1.7981e+00 -7.5431e-01 -3.9204e+00
714 +5.099126115e+04 +5.099126115e+04 +5.093563115e+04 -5.563000000e+01 -3.0829e+00 -1.6713e+00 -4.6370e+00 +3.0772e+00 +1.5248e-01 -2.3759e+00 -9.4557e-01 -1.8977e+00 -8.5867e-01 -3.8695e+00
893 +3.742061950e+04 +3.742061950e+04 +3.736498950e+04 -5.563000000e+01 -3.0829e+00 -1.9255e+00 -4.6370e+00 +3.0772e+00 +1.5248e-01 -2.3759e+00 -9.4557e-01 -1.7981e+00 -3.7896e-01 -3.8695e+00
1236 +1.136590621e+04 +1.136590621e+04 +1.131027621e+04 -5.563000000e+01 -3.0829e+00 -1.6713e+00 -4.6370e+00 +3.0772e+00 +1.5248e-01 -2.3759e+00 -4.9726e-01 -1.8977e+00 -6.1772e-01 -3.7479e+00
1603 +8.775743034e+03 +8.775743034e+03 +8.720113034e+03 -5.563000000e+01 -3.0829e+00 -1.9255e+00 -4.6370e+00 -4.1999e-01 +1.5248e-01 -2.3759e+00 -9.4557e-01 -1.8977e+00 -6.1772e-01 -3.7479e+00
1778 +4.223749492e+03 +4.223749492e+03 +4.168119492e+03 -5.563000000e+01 -3.0829e+00 -1.6713e+00 -4.6370e+00 -3.7410e+00 +1.5248e-01 -2.3759e+00 -9.4557e-01 -2.2718e+00 -6.1772e-01 -3.7479e+00
1955 +2.633537090e+03 +2.633537090e+03 +2.577907090e+03 -5.563000000e+01 -3.0829e+00 -1.9255e+00 +3.3280e-01 -4.1999e-01 +1.5248e-01 -3.3525e+00 -9.4557e-01 -2.2718e+00 -6.1772e-01 -3.7479e+00
2307 +2.330709098e+03 +2.330709098e+03 +2.275079098e+03 -5.563000000e+01 -3.0829e+00 -1.6713e+00 +3.3280e-01 -4.1999e-01 +1.5248e-01 -3.3525e+00 -9.4557e-01 -2.2718e+00 -4.9498e-01 -3.7479e+00
2674 +1.552891977e+03 +1.552891977e+03 +1.497261977e+03 -5.563000000e+01 -3.0829e+00 -1.6713e+00 -3.8889e+00 -4.1999e-01 +1.2459e+00 -3.3525e+00 -9.4557e-01 -2.2268e+00 -6.1772e-01 -3.7479e+00
3203 +7.869551200e+02 +7.869551200e+02 +7.313251200e+02 -5.563000000e+01 -3.0829e+00 -1.6713e+00 -3.8889e+00 -4.1999e-01 +1.2459e+00 -3.1684e+00 -9.4557e-01 -2.2268e+00 -5.8391e-01 -3.7479e+00
4071 +5.633327884e+02 +5.633327884e+02 +5.077027884e+02 -5.563000000e+01 -3.0829e+00 -1.2885e+00 -3.8889e+00 -4.1999e-01 +1.2459e+00 -3.0367e+00 -9.4557e-01 -2.2268e+00 -5.1045e-01 -3.7479e+00
4782 +3.372245557e+02 +3.372245557e+02 +2.815945557e+02 -5.563000000e+01 -2.3574e+00 -1.6713e+00 -3.3972e+00 -4.1999e-01 +1.4606e+00 -3.0367e+00 -9.4557e-01 -2.2268e+00 -5.3027e-01 -3.7479e+00
5658 +2.498859756e+02 +2.498859756e+02 +1.942559756e+02 -5.563000000e+01 -2.3574e+00 -4.1485e-01 -2.5286e+00 -6.7915e-01 +1.4606e+00 -3.0367e+00 -9.4557e-01 -2.2268e+00 -5.4105e-01 -3.7479e+00
14900 +1.377069738e+02 +1.377069738e+02 +8.207697377e+01 -5.563000000e+01 +4.8216e+00 -1.0321e+00 -3.1323e+00 -6.9105e-01 +1.3733e+00 -3.1416e+00 -8.5341e-01 -2.2007e+00 -5.4184e-01 -3.7381e+00
15089 +4.478864651e+01 +4.478864651e+01 -1.084135349e+01 -5.563000000e+01 +4.8216e+00 -1.0321e+00 -3.1323e+00 -6.9105e-01 +1.4688e+00 -2.9950e+00 -8.5341e-01 -2.2322e+00 -5.4184e-01 -3.7381e+00
15259 +3.192576700e+01 +3.192576700e+01 -2.370423300e+01 -5.563000000e+01 +4.8216e+00 -8.3101e-01 -2.3916e+00 -6.9105e-01 +1.4688e+00 -2.9950e+00 -8.5341e-01 -2.2322e+00 -5.4184e-01 -3.7381e+00
16159 +2.463778293e+01 +2.463778293e+01 -3.099221707e+01 -5.563000000e+01 +4.8216e+00 -1.0840e-01 -2.3916e+00 -6.9105e-01 +1.4688e+00 -2.9950e+00 -8.5341e-01 -2.2322e+00 -5.4184e-01 -3.7381e+00
16895 +1.453769070e+01 +1.453769070e+01 -4.109230930e+01 -5.563000000e+01 +3.9752e+00 -2.9110e-01 -2.3916e+00 -6.9105e-01 +1.4688e+00 -2.9950e+00 -8.5341e-01 -2.2322e+00 -5.4184e-01 -3.7339e+00
17254 +8.978864170e+00 +8.978864170e+00 -4.665113583e+01 -5.563000000e+01 +2.8541e+00 +2.5576e-01 -2.3916e+00 -6.9105e-01 +1.4688e+00 -2.9950e+00 -8.5341e-01 -2.2322e+00 -5.4184e-01 -3.7339e+00
18344 +5.749419054e+00 +5.749419054e+00 -4.988058095e+01 -5.563000000e+01 +1.7000e+00 +3.7694e-01 -2.3916e+00 -6.9105e-01 +1.4688e+00 -2.9950e+00 -8.5341e-01 -2.2400e+00 -5.4184e-01 -3.7339e+00
48991 +3.707424993e+00 +3.707424993e+00 -5.192257501e+01 -5.563000000e+01 +1.8113e+00 +4.2906e-01 -2.3916e+00 -6.7132e-01 +1.4550e+00 -3.0259e+00 -8.5341e-01 -2.2400e+00 -5.4704e-01 -3.7339e+00
54303 +1.735747211e+00 +1.735747211e+00 -5.389425279e+01 -5.563000000e+01 +1.8700e+00 +4.2906e-01 -2.3916e+00 -6.7132e-01 +1.4603e+00 -3.0204e+00 -8.6064e-01 -2.2400e+00 -5.4444e-01 -3.7339e+00
117106 +5.006150207e-01 +5.006150207e-01 -5.512938498e+01 -5.563000000e+01 +1.8700e+00 +4.2422e-01 -2.3985e+00 -6.7132e-01 +1.4602e+00 -3.0199e+00 -8.6259e-01 -2.2400e+00 -5.4444e-01 -3.7359e+00
128112 +1.309918377e-01 +1.309918377e-01 -5.549900816e+01 -5.563000000e+01 +1.8700e+00 +4.2228e-01 -2.4019e+00 -6.6855e-01 +1.4603e+00 -3.0204e+00 -8.6064e-01 -2.2400e+00 -5.4444e-01 -3.7352e+00
165018 +6.356512735e-02 +6.356512735e-02 -5.556643487e+01 -5.563000000e+01 +1.8700e+00 +4.2228e-01 -2.4019e+00 -6.6959e-01 +1.4603e+00 -3.0204e+00 -8.6442e-01 -2.2387e+00 -5.4444e-01 -3.7352e+00
196564 +3.774173679e-02 +3.774173679e-02 -5.559225826e+01 -5.563000000e+01 +1.8700e+00 +4.2228e-01 -2.3985e+00 -6.6855e-01 +1.4602e+00 -3.0199e+00 -8.6304e-01 -2.2395e+00 -5.4444e-01 -3.7352e+00
502715 +1.565035209e-02 +1.565035209e-02 -5.561434965e+01 -5.563000000e+01 +1.8700e+00 +4.2237e-01 -2.4001e+00 -6.6959e-01 +1.4602e+00 -3.0188e+00 -8.6325e-01 -2.2395e+00 -5.4504e-01 -3.7352e+00
644774 +8.208117474e-03 +8.208117474e-03 -5.562179188e+01 -5.563000000e+01 +1.8700e+00 +4.2237e-01 -2.4001e+00 -6.6959e-01 +1.4602e+00 -3.0192e+00 -8.6325e-01 -2.2394e+00 -5.4497e-01 -3.7352e+00
710665 +6.222689549e-03 +6.222689549e-03 -5.562377731e+01 -5.563000000e+01 +1.8700e+00 +4.2237e-01 -2.4001e+00 -6.6959e-01 +1.4602e+00 -3.0192e+00 -8.6325e-01 -2.2394e+00 -5.4494e-01 -3.7352e+00
844773 +3.167094252e-03 +3.167094252e-03 -5.562683291e+01 -5.563000000e+01 +1.8700e+00 +4.2237e-01 -2.4000e+00 -6.6959e-01 +1.4601e+00 -3.0192e+00 -8.6325e-01 -2.2394e+00 -5.4487e-01 -3.7352e+00
% function evaluation | noise-free fitness - Fopt (3.460000000000e+01) | best noise-free fitness - Fopt | measured fitness | best measured fitness | x1 | x2...
1 +9.127459516e+06 +9.127459516e+06 +9.127494116e+06 +3.460000000e+01 +4.4694e+00 +2.6727e+00 +1.5001e+00 -2.2764e+00 -2.3085e+00 +1.6456e+00 -4.6992e+00 -4.9831e+00 -1.3611e-01 -1.1207e+00
400 +2.528416715e+05 +2.528416715e+05 +2.528762715e+05 +3.460000000e+01 +6.6456e-01 -3.9495e+00 -3.3104e-01 -5.2597e-01 -1.5484e-01 +2.2562e+00 -1.6402e+00 +3.8837e+00 -3.5081e+00 -3.3758e+00
600 +7.278420826e+04 +7.278420826e+04 +7.281880826e+04 +3.460000000e+01 +3.1381e+00 -1.7570e+00 -1.1829e-01 -1.9309e+00 +3.3745e-01 -1.0958e+00 -4.0224e+00 +1.2187e+00 -2.7175e+00 -3.3758e+00
800 +4.047358612e+04 +4.047358612e+04 +4.050818612e+04 +3.460000000e+01 +3.1381e+00 -1.7570e+00 -1.1829e-01 -1.9309e+00 +3.3745e-01 -1.0958e+00 -4.0224e+00 +1.6492e+00 -2.7175e+00 -3.3758e+00
996 +3.214112934e+04 +3.214112934e+04 +3.217572934e+04 +3.460000000e+01 +6.6456e-01 -3.9495e+00 -3.3104e-01 -5.2597e-01 -1.5484e-01 -9.8027e-01 -1.6402e+00 +1.6492e+00 -2.7767e+00 -3.3758e+00
1188 +2.321273956e+04 +2.321273956e+04 +2.324733956e+04 +3.460000000e+01 +3.1381e+00 -1.7570e+00 -1.1829e-01 -1.9309e+00 +3.3745e-01 -1.0958e+00 -3.2449e+00 +1.6492e+00 -2.7175e+00 -3.3758e+00
1582 +1.243222987e+04 +1.243222987e+04 +1.246682987e+04 +3.460000000e+01 +6.6456e-01 -1.7570e+00 -1.1829e-01 -1.9309e+00 +3.3745e-01 -1.0958e+00 -3.2371e+00 +1.9389e+00 -2.7767e+00 -3.3758e+00
1778 +8.662294570e+03 +8.662294570e+03 +8.696894570e+03 +3.460000000e+01 +6.6456e-01 -1.7570e+00 -1.1829e-01 -5.2597e-01 -1.7284e+00 -1.0958e+00 -3.0984e+00 +1.9389e+00 -2.7767e+00 -3.3758e+00
2172 +5.793274092e+03 +5.793274092e+03 +5.827874092e+03 +3.460000000e+01 +6.6456e-01 -1.7570e+00 -1.1829e-01 -1.9309e+00 -1.7284e+00 -1.0958e+00 -3.0984e+00 +2.2781e+00 -2.7767e+00 -3.3758e+00
2566 +3.852404361e+03 +3.852404361e+03 +3.887004361e+03 +3.460000000e+01 +6.6456e-01 -1.7570e+00 -1.1829e-01 -5.2597e-01 -1.7284e+00 -1.0958e+00 -2.7285e+00 +2.2781e+00 -2.7767e+00 -3.3758e+00
3943 +1.798716070e+03 +1.798716070e+03 +1.833316070e+03 +3.460000000e+01 +6.6456e-01 -1.6321e+00 -3.3104e-01 +9.3291e-01 -1.8740e+00 -1.4625e+00 -2.7285e+00 +2.1803e+00 -2.7767e+00 -3.3576e+00
5116 +1.972399726e+02 +1.972399726e+02 +2.318399726e+02 +3.460000000e+01 +1.0751e+00 -9.1678e-01 -1.2573e+00 +4.3828e-01 -1.7284e+00 -1.4625e+00 -2.7285e+00 +2.1803e+00 -2.7831e+00 -3.3300e+00
6502 +1.186298313e+02 +1.186298313e+02 +1.532298313e+02 +3.460000000e+01 +1.0751e+00 -9.1678e-01 -1.7196e+00 +7.1449e-01 -1.7929e+00 -1.5504e+00 -2.7285e+00 +2.2064e+00 -2.7831e+00 -3.3300e+00
7690 +9.372602079e+01 +9.372602079e+01 +1.283260208e+02 +3.460000000e+01 +2.3814e+00 +6.7157e-01 -1.7196e+00 +7.1449e-01 -1.7929e+00 -1.5504e+00 -2.7285e+00 +2.2064e+00 -2.7831e+00 -3.3300e+00
27440 +5.735631110e+01 +5.735631110e+01 +9.195631110e+01 +3.460000000e+01 -3.0201e-01 -7.0621e-02 -2.5516e+00 +4.4173e-01 -1.7873e+00 -1.5314e+00 -2.7085e+00 +2.2100e+00 -2.7897e+00 -3.3177e+00
28204 +3.485883463e+01 +3.485883463e+01 +6.945883463e+01 +3.460000000e+01 -3.0201e-01 +4.8769e-01 -1.9690e+00 +7.9103e-01 -1.7873e+00 -1.5314e+00 -2.7085e+00 +2.2100e+00 -2.7897e+00 -3.3177e+00
39820 +3.669499149e+00 +3.669499149e+00 +3.826949915e+01 +3.460000000e+01 +2.5458e+00 +1.4566e+00 -1.7196e+00 +6.6946e-01 -1.7929e+00 -1.5499e+00 -2.7285e+00 +2.2162e+00 -2.7831e+00 -3.3182e+00
68432 +2.264381017e+00 +2.264381017e+00 +3.686438102e+01 +3.460000000e+01 +2.5556e+00 +1.4703e+00 -1.7568e+00 +6.6728e-01 -1.7873e+00 -1.5314e+00 -2.7245e+00 +2.2100e+00 -2.7807e+00 -3.3209e+00
104532 +1.570264827e+00 +1.570264827e+00 +3.617026483e+01 +3.460000000e+01 +2.7462e+00 +1.4542e+00 -1.7685e+00 +6.6728e-01 -1.8013e+00 -1.5473e+00 -2.7279e+00 +2.2100e+00 -2.7807e+00 -3.3196e+00
118288 +8.566121820e-01 +8.566121820e-01 +3.545661218e+01 +3.460000000e+01 +2.5556e+00 +1.4566e+00 -1.7685e+00 +6.6728e-01 -1.7965e+00 -1.5405e+00 -2.7285e+00 +2.2123e+00 -2.7826e+00 -3.3209e+00
178433 +2.894980079e-01 +2.894980079e-01 +3.488949801e+01 +3.460000000e+01 +2.5556e+00 +1.4566e+00 -1.7685e+00 +6.6728e-01 -1.7965e+00 -1.5405e+00 -2.7285e+00 +2.2123e+00 -2.7826e+00 -3.3196e+00
178625 +2.348070970e-01 +2.348070970e-01 +3.483480710e+01 +3.460000000e+01 +2.5556e+00 +1.4566e+00 -1.7685e+00 +6.6728e-01 -1.7965e+00 -1.5405e+00 -2.7279e+00 +2.2126e+00 -2.7826e+00 -3.3196e+00
192621 +1.076567547e-01 +1.076567547e-01 +3.470765675e+01 +3.460000000e+01 +2.5547e+00 +1.4566e+00 -1.7669e+00 +6.6728e-01 -1.7969e+00 -1.5405e+00 -2.7285e+00 +2.2123e+00 -2.7826e+00 -3.3200e+00
232453 +2.504165857e-02 +2.504165857e-02 +3.462504166e+01 +3.460000000e+01 +2.5543e+00 +1.4566e+00 -1.7673e+00 +6.6728e-01 -1.7969e+00 -1.5405e+00 -2.7285e+00 +2.2135e+00 -2.7826e+00 -3.3200e+00
264594 +1.297351367e-02 +1.297351367e-02 +3.461297351e+01 +3.460000000e+01 +2.5538e+00 +1.4566e+00 -1.7673e+00 +6.6728e-01 -1.7969e+00 -1.5405e+00 -2.7279e+00 +2.2135e+00 -2.7826e+00 -3.3200e+00
283494 +8.892088056e-03 +8.892088056e-03 +3.460889209e+01 +3.460000000e+01 +2.5543e+00 +1.4566e+00 -1.7673e+00 +6.6728e-01 -1.7969e+00 -1.5405e+00 -2.7270e+00 +2.2135e+00 -2.7826e+00 -3.3200e+00
356016 +5.305575407e-03 +5.305575407e-03 +3.460530558e+01 +3.460000000e+01 +2.5537e+00 +1.4566e+00 -1.7673e+00 +6.6728e-01 -1.7969e+00 -1.5397e+00 -2.7270e+00 +2.2135e+00 -2.7823e+00 -3.3200e+00
% function evaluation | noise-free fitness - Fopt (8.816000000000e+01) | best noise-free fitness - Fopt | measured fitness | best measured fitness | x1 | x2...
1 +8.990646635e+06 +8.990646635e+06 +8.990734795e+06 +8.816000000e+01 -1.7657e+00 +4.9487e-01 +2.4581e+00 +6.8153e-01 -3.7209e+00 -1.8064e+00 -3.7305e-01 -3.5932e-01 -4.5961e+00 +5.0482e-02
390 +9.348942353e+04 +9.348942353e+04 +9.357758353e+04 +8.816000000e+01 -3.1144e+00 -3.2052e+00 -2.9468e+00 +4.2665e+00 +1.7771e-02 +3.5549e+00 +2.4272e+00 +5.9234e-01 +4.4739e-01 +1.6625e+00
579 +3.945437323e+04 +3.945437323e+04 +3.954253323e+04 +8.816000000e+01 -3.3274e+00 -4.1017e+00 -2.4822e+00 +7.5636e-01 -4.9579e+00 +1.1172e+00 +2.8104e+00 +1.0517e+00 +5.0848e-01 +2.0067e+00
953 +1.807770677e+04 +1.807770677e+04 +1.816586677e+04 +8.816000000e+01 -3.3274e+00 -4.1017e+00 -2.4822e+00 -6.8926e-01 +2.6237e+00 +1.1172e+00 +2.8104e+00 +1.0517e+00 +4.4739e-01 +1.8992e+00
1144 +1.104967100e+04 +1.104967100e+04 +1.113783100e+04 +8.816000000e+01 -3.3274e+00 -4.1017e+00 -2.4822e+00 +4.2665e+00 +1.7771e-02 +1.1172e+00 +2.8104e+00 +1.0517e+00 +4.4739e-01 +1.8992e+00
1339 +4.446126152e+03 +4.446126152e+03 +4.534286152e+03 +8.816000000e+01 -3.1012e+00 -4.1017e+00 -2.1454e+00 +7.5636e-01 +1.7771e-02 +1.0150e+00 +2.8104e+00 +1.2821e+00 +3.9628e-01 +1.8992e+00
1526 +2.890956819e+03 +2.890956819e+03 +2.979116819e+03 +8.816000000e+01 -3.3274e+00 -4.1017e+00 -2.4822e+00 +4.2665e+00 +1.7771e-02 +8.7564e-01 +2.8104e+00 +1.5838e+00 +3.9628e-01 +1.8992e+00
1715 +2.317872567e+03 +2.317872567e+03 +2.406032567e+03 +8.816000000e+01 -3.1012e+00 -3.2052e+00 -2.9468e+00 +3.6669e+00 +1.7771e-02 +1.0150e+00 +2.8104e+00 +1.4038e+00 +3.9628e-01 +1.8992e+00
3028 +5.476863201e+02 +5.476863201e+02 +6.358463201e+02 +8.816000000e+01 -2.7291e+00 -2.7992e+00 -1.1492e+00 +3.6669e+00 -6.1430e-01 +8.8358e-01 +2.9065e+00 +1.3928e+00 +3.9628e-01 +1.8575e+00
3977 +3.829280456e+02 +3.829280456e+02 +4.710880456e+02 +8.816000000e+01 -3.3274e+00 -1.7087e+00 -5.9242e-01 +3.6669e+00 -1.0935e+00 +8.7564e-01 +2.9065e+00 +1.4038e+00 +3.7785e-01 +1.8575e+00
4733 +2.295075518e+02 +2.295075518e+02 +3.176675518e+02 +8.816000000e+01 -3.3274e+00 -1.6194e+00 -2.2008e-01 +3.6669e+00 -1.0935e+00 +7.8748e-01 +2.9065e+00 +1.4639e+00 +3.7785e-01 +1.8575e+00
5501 +1.513083710e+02 +1.513083710e+02 +2.394683710e+02 +8.816000000e+01 -3.3274e+00 -1.2737e-01 -1.4931e-01 +3.6669e+00 -8.8316e-01 +7.8748e-01 +2.9065e+00 +1.4639e+00 +3.7785e-01 +1.8575e+00
6252 +9.289633212e+01 +9.289633212e+01 +1.810563321e+02 +8.816000000e+01 -3.1716e+00 +1.0735e+00 +7.2362e-01 +3.6669e+00 -8.8316e-01 +7.8748e-01 +2.9065e+00 +1.4639e+00 +3.7785e-01 +1.8575e+00
7203 +6.212243892e+01 +6.212243892e+01 +1.502824389e+02 +8.816000000e+01 -3.1716e+00 +3.0298e+00 +7.2362e-01 +3.6669e+00 -8.8316e-01 +7.8748e-01 +2.9065e+00 +1.4639e+00 +3.7785e-01 +1.8575e+00
58937 +2.711798665e+01 +2.711798665e+01 +1.152779866e+02 +8.816000000e+01 -5.1646e-01 +3.8512e+00 +7.5145e-01 +3.6916e+00 -8.8953e-01 +7.8704e-01 +2.9239e+00 +1.4598e+00 +3.9188e-01 +1.8601e+00
59325 +2.112960634e+01 +2.112960634e+01 +1.092896063e+02 +8.816000000e+01 -5.1646e-01 +3.8369e+00 +7.7533e-01 +3.6916e+00 -8.8953e-01 +7.8704e-01 +2.9239e+00 +1.4598e+00 +3.7785e-01 +1.8601e+00
60694 +1.393305285e+01 +1.393305285e+01 +1.020930528e+02 +8.816000000e+01 -5.1646e-01 +3.8462e+00 +7.7533e-01 +3.6916e+00 -8.8953e-01 +7.9485e-01 +2.9254e+00 +1.4598e+00 +3.8180e-01 +1.8601e+00
64990 +9.015293843e+00 +9.015293843e+00 +9.717529384e+01 +8.816000000e+01 -5.1646e-01 +3.8462e+00 +7.7533e-01 +3.7035e+00 -8.8953e-01 +7.9485e-01 +2.9254e+00 +1.4598e+00 +3.8180e-01 +1.8608e+00
77671 +2.627274032e-01 +2.627274032e-01 +8.842272740e+01 +8.816000000e+01 -5.1372e-01 +3.6975e+00 +7.8115e-01 +3.7020e+00 -8.9284e-01 +7.9968e-01 +2.9257e+00 +1.4507e+00 +3.8408e-01 +1.8631e+00
77849 +1.516816280e-01 +1.516816280e-01 +8.831168163e+01 +8.816000000e+01 -5.1372e-01 +3.8443e+00 +7.8115e-01 +3.7020e+00 -8.9284e-01 +7.9968e-01 +2.9257e+00 +1.4507e+00 +3.8408e-01 +1.8631e+00
104898 +9.391646264e-02 +9.391646264e-02 +8.825391646e+01 +8.816000000e+01 -5.1372e-01 +3.8462e+00 +7.7533e-01 +3.7020e+00 -8.9284e-01 +7.9485e-01 +2.9257e+00 +1.4507e+00 +3.8408e-01 +1.8631e+00
141000 +2.830547245e-02 +2.830547245e-02 +8.818830547e+01 +8.816000000e+01 -5.1372e-01 +3.8457e+00 +7.7898e-01 +3.6987e+00 -8.9375e-01 +7.9570e-01 +2.9259e+00 +1.4515e+00 +3.8408e-01 +1.8631e+00
204960 +1.065580445e-02 +1.065580445e-02 +8.817065580e+01 +8.816000000e+01 -5.1477e-01 +3.8437e+00 +7.7898e-01 +3.6987e+00 -8.9375e-01 +7.9485e-01 +2.9259e+00 +1.4519e+00 +3.8408e-01 +1.8631e+00
287734 +7.216238264e-03 +7.216238264e-03 +8.816721624e+01 +8.816000000e+01 -5.1477e-01 +3.8437e+00 +7.7898e-01 +3.6987e+00 -8.9375e-01 +7.9485e-01 +2.9259e+00 +1.4519e+00 +3.8408e-01 +1.8632e+00
363708 +5.203140492e-03 +5.203140492e-03 +8.816520314e+01 +8.816000000e+01 -5.1477e-01 +3.8437e+00 +7.7898e-01 +3.6991e+00 -8.9375e-01 +7.9485e-01 +2.9267e+00 +1.4519e+00 +3.8408e-01 +1.8632e+00
% function evaluation | noise-free fitness - Fopt (-1.866200000000e+02) | best noise-free fitness - Fopt | measured fitness | best measured fitness | x1 | x2...
1 +4.448636411e+06 +4.448636411e+06 +4.448449791e+06 -1.866200000e+02 -3.8435e+00 +2.7627e+00 +4.9941e-01 -4.6266e+00 +2.4201e-01 -2.1528e+00 -4.0397e+00 -1.1126e+00 +2.0569e-01 +2.2039e+00
377 +7.362090905e+04 +7.362090905e+04 +7.343428905e+04 -1.866200000e+02 +8.4623e-01 +2.7649e-01 +4.2975e+00 +3.6050e+00 +3.4330e+00 +1.5660e+00 -1.4695e+00 +7.2721e-01 -1.5926e+00 +3.7545e-01
545 +4.480946250e+04 +4.480946250e+04 +4.462284250e+04 -1.866200000e+02 +8.4623e-01 +2.7649e-01 +4.2975e+00 +3.6050e+00 +3.4330e+00 +1.5660e+00 -1.4695e+00 +7.2721e-01 -2.0533e+00 +3.7545e-01
904 +3.068809433e+04 +3.068809433e+04 +3.050147433e+04 -1.866200000e+02 +8.4623e-01 +2.7649e-01 +4.2975e+00 +3.6050e+00 +3.4330e+00 +1.5660e+00 -3.7520e+00 +7.3612e-01 -2.0533e+00 +3.7545e-01
1081 +2.172339519e+04 +2.172339519e+04 +2.153677519e+04 -1.866200000e+02 +8.4623e-01 +9.8019e-01 +4.2975e+00 +3.6050e+00 +3.4330e+00 +1.5660e+00 -3.7520e+00 +1.1552e+00 -2.0533e+00 +3.7545e-01
1257 +1.021131586e+04 +1.021131586e+04 +1.002469586e+04 -1.866200000e+02 +1.6348e+00 +4.7775e-01 +4.2975e+00 -7.6774e-01 -1.5550e+00 +1.5660e+00 -3.2771e+00 +1.1552e+00 -2.0533e+00 +3.7545e-01
1429 +6.326056803e+03 +6.326056803e+03 +6.139436803e+03 -1.866200000e+02 +6.2575e-01 -4.6942e+00 +1.1005e+00 -7.6774e-01 -1.5550e+00 +5.7669e-01 -3.2771e+00 +1.1552e+00 -2.0533e+00 +3.7545e-01
1606 +4.647890853e+03 +4.647890853e+03 +4.461270853e+03 -1.866200000e+02 +8.4623e-01 +2.7649e-01 +1.1005e+00 -1.8266e+00 -6.7872e-01 +5.7669e-01 -3.2771e+00 +1.1552e+00 -2.0533e+00 +3.7545e-01
1786 +3.936330948e+03 +3.936330948e+03 +3.749710948e+03 -1.866200000e+02 +8.4623e-01 +2.7649e-01 +1.1005e+00 -1.8266e+00 -6.7872e-01 +5.7669e-01 -3.2771e+00 +1.1552e+00 -2.0121e+00 +3.7545e-01
2317 +1.800468837e+03 +1.800468837e+03 +1.613848837e+03 -1.866200000e+02 +8.4623e-01 +2.7649e-01 +8.8027e-01 -1.8266e+00 -6.7872e-01 +2.0557e-01 -2.7925e+00 +1.1552e+00 -2.0121e+00 +3.7545e-01
2485 +1.430147439e+03 +1.430147439e+03 +1.243527439e+03 -1.866200000e+02 +8.4623e-01 +2.7649e-01 +1.1005e+00 -2.3922e+00 -6.7872e-01 +8.1685e-02 -2.9069e+00 +1.1552e+00 -2.0121e+00 +3.7545e-01
2844 +9.665091609e+02 +9.665091609e+02 +7.798891609e+02 -1.866200000e+02 +8.4623e-01 +2.7649e-01 +1.1005e+00 -2.2497e+00 -2.6615e-02 +8.1685e-02 -2.9069e+00 +1.1552e+00 -2.0121e+00 +3.7545e-01
4073 +5.590341521e+02 +5.590341521e+02 +3.724141521e+02 -1.866200000e+02 +8.4623e-01 -2.2627e+00 +1.1005e+00 -2.8707e+00 +5.9281e-01 -2.9085e-02 -2.9069e+00 +1.1552e+00 -1.9780e+00 +3.7545e-01
6720 +3.550922149e+01 +3.550922149e+01 -1.511107785e+02 -1.866200000e+02 +1.3172e+00 -2.4138e+00 +2.1284e+00 -3.1483e+00 +3.4124e-01 -2.9085e-02 -2.9069e+00 +1.1552e+00 -1.9780e+00 +3.5847e-01
8691 +1.957217763e+01 +1.957217763e+01 -1.670478224e+02 -1.866200000e+02 +1.9939e+00 -2.7193e+00 +2.1284e+00 -3.1483e+00 +3.4124e-01 -2.9085e-02 -2.8993e+00 +1.1552e+00 -1.9780e+00 +3.5039e-01
8875 +1.164848362e+01 +1.164848362e+01 -1.749715164e+02 -1.866200000e+02 +1.9939e+00 -2.7193e+00 +2.1284e+00 -3.1483e+00 +4.2995e-01 -2.9085e-02 -2.8899e+00 +1.1552e+00 -1.9780e+00 +3.5187e-01
26126 +5.167407122e+00 +5.167407122e+00 -1.814525929e+02 -1.866200000e+02 +2.1424e+00 -2.8942e+00 +2.0508e+00 -3.1222e+00 +4.0307e-01 +1.9023e-02 -2.9048e+00 +1.1609e+00 -1.9790e+00 +3.5254e-01
26710 +3.595454795e+00 +3.595454795e+00 -1.830245452e+02 -1.866200000e+02 +2.1424e+00 -2.6636e+00 +2.0508e+00 -3.1222e+00 +4.0307e-01 -6.2030e-03 -2.9048e+00 +1.1609e+00 -1.9790e+00 +3.5254e-01
57983 +2.089139682e+00 +2.089139682e+00 -1.845308603e+02 -1.866200000e+02 +2.0404e+00 -2.7633e+00 +2.1610e+00 -3.1284e+00 +4.0307e-01 -6.2030e-03 -2.9048e+00 +1.1657e+00 -1.9790e+00 +3.5254e-01
77707 +1.246406274e+00 +1.246406274e+00 -1.853735937e+02 -1.866200000e+02 +2.0137e+00 -2.7633e+00 +2.1610e+00 -3.1222e+00 +3.8614e-01 -3.4306e-03 -2.8993e+00 +1.1687e+00 -1.9790e+00 +3.5328e-01
77879 +8.799205876e-01 +8.799205876e-01 -1.857400794e+02 -1.866200000e+02 +2.0137e+00 -2.7633e+00 +2.1610e+00 -3.1222e+00 +3.8614e-01 -6.2030e-03 -2.8993e+00 +1.1649e+00 -1.9790e+00 +3.5328e-01
123009 +1.351042030e-01 +1.351042030e-01 -1.864848958e+02 -1.866200000e+02 +2.0480e+00 -2.7507e+00 +2.1571e+00 -3.1284e+00 +3.9275e-01 -6.2030e-03 -2.8996e+00 +1.1649e+00 -1.9810e+00 +3.5328e-01
235962 +5.273701680e-02 +5.273701680e-02 -1.865672630e+02 -1.866200000e+02 +2.0457e+00 -2.7524e+00 +2.1571e+00 -3.1335e+00 +3.9275e-01 -5.3691e-03 -2.8996e+00 +1.1657e+00 -1.9810e+00 +3.5338e-01
322376 +3.516681241e-03 +3.516681241e-03 -1.866164833e+02 -1.866200000e+02 +2.0457e+00 -2.7524e+00 +2.1561e+00 -3.1352e+00 +3.9401e-01 -5.6447e-03 -2.9003e+00 +1.1657e+00 -1.9808e+00 +3.5356e-01
606993 +1.485399270e-03 +1.485399270e-03 -1.866185146e+02 -1.866200000e+02 +2.0456e+00 -2.7519e+00 +2.1560e+00 -3.1345e+00 +3.9344e-01 -5.6447e-03 -2.9003e+00 +1.1655e+00 -1.9808e+00 +3.5359e-01
671913 +8.402344178e-04 +8.402344178e-04 -1.866191598e+02 -1.866200000e+02 +2.0456e+00 -2.7519e+00 +2.1560e+00 -3.1345e+00 +3.9344e-01 -5.6447e-03 -2.8998e+00 +1.1655e+00 -1.9808e+00 +3.5359e-01
812810 +5.610613855e-04 +5.610613855e-04 -1.866194389e+02 -1.866200000e+02 +2.0456e+00 -2.7519e+00 +2.1560e+00 -3.1344e+00 +3.9351e-01 -5.6447e-03 -2.9001e+00 +1.1655e+00 -1.9808e+00 +3.5359e-01
