% function evaluation | noise-free fitness - Fopt (-4.620900000000e+02) | best noise-free fitness - Fopt | measured fitness | best measured fitness | x1 | x2...
1 +3.317784733e+02 +3.317784733e+02 -1.303115267e+02 -4.620900000e+02 -4.1016e+00 -4.9343e+00 -4.0302e+00 +2.5159e+00 +2.1716e-01
85 +7.196734587e+01 +7.196734587e+01 -3.901226541e+02 -4.620900000e+02 -1.9982e-01 +4.6579e+00 +5.9931e-01 +1.2083e+00 +1.9487e+00
172 +5.712468830e+01 +5.712468830e+01 -4.049653117e+02 -4.620900000e+02 +1.1730e+00 +4.6579e+00 +5.9931e-01 +1.2083e+00 +1.9487e+00
424 +3.695939803e+01 +3.695939803e+01 -4.251306020e+02 -4.620900000e+02 +2.0960e+00 +3.5966e+00 +5.9931e-01 +1.2083e+00 +1.9487e+00
752 +2.447571162e+01 +2.447571162e+01 -4.376142884e+02 -4.620900000e+02 +1.1730e+00 +3.0170e+00 +1.6806e+00 +1.0918e+00 +1.9487e+00
1488 +1.439220475e+01 +1.439220475e+01 -4.476977952e+02 -4.620900000e+02 +2.1647e-01 +3.0170e+00 +1.6806e+00 +2.9997e-01 +2.2648e+00
2952 +9.248504445e+00 +9.248504445e+00 -4.528414956e+02 -4.620900000e+02 +1.2924e+00 +3.0170e+00 +1.6806e+00 +1.1741e+00 +2.2648e+00
11071 +5.198709126e+00 +5.198709126e+00 -4.568912909e+02 -4.620900000e+02 +2.3476e+00 +3.0488e+00 +1.5794e+00 +7.1048e-01 +2.2747e+00
12954 +3.467766190e+00 +3.467766190e+00 -4.586222338e+02 -4.620900000e+02 +2.3476e+00 +3.1413e+00 +2.2108e+00 +7.1048e-01 +2.2747e+00
21974 +2.405277415e+00 +2.405277415e+00 -4.596847226e+02 -4.620900000e+02 +2.3103e+00 +3.1165e+00 +2.2108e+00 +7.2080e-01 +2.2747e+00
24977 +1.224543396e+00 +1.224543396e+00 -4.608654566e+02 -4.620900000e+02 +2.3331e+00 +2.2956e+00 +2.1975e+00 +7.2185e-01 +1.9899e+00
26046 +5.350512169e-01 +5.350512169e-01 -4.615549488e+02 -4.620900000e+02 +2.3331e+00 +2.2956e+00 +2.1975e+00 +7.2185e-01 +2.3004e+00
41052 +2.715621816e-01 +2.715621816e-01 -4.618184378e+02 -4.620900000e+02 +2.3331e+00 +2.2956e+00 +2.1975e+00 +7.2185e-01 +2.2950e+00
42447 +2.396235473e-01 +2.396235473e-01 -4.618503765e+02 -4.620900000e+02 +2.3331e+00 +2.2956e+00 +2.1975e+00 +7.3118e-01 +2.2950e+00
45416 +6.673748894e-02 +6.673748894e-02 -4.620232625e+02 -4.620900000e+02 +2.3331e+00 +2.2996e+00 +2.2109e+00 +7.3118e-01 +2.2950e+00
46977 +6.185685723e-02 +6.185685723e-02 -4.620281431e+02 -4.620900000e+02 +2.3331e+00 +2.2956e+00 +2.2121e+00 +7.2185e-01 +2.2986e+00
64116 +2.637991748e-02 +2.637991748e-02 -4.620636201e+02 -4.620900000e+02 +2.3331e+00 +2.2989e+00 +2.2121e+00 +7.2467e-01 +2.2986e+00
83918 +2.452469113e-02 +2.452469113e-02 -4.620654753e+02 -4.620900000e+02 +2.3341e+00 +2.2989e+00 +2.2121e+00 +7.2467e-01 +2.2986e+00
84107 +1.316430129e-02 +1.316430129e-02 -4.620768357e+02 -4.620900000e+02 +2.3331e+00 +2.2989e+00 +2.2121e+00 +7.2858e-01 +2.2986e+00
105955 +4.087582050e-03 +4.087582050e-03 -4.620859124e+02 -4.620900000e+02 +2.3380e+00 +2.2994e+00 +2.2132e+00 +7.2911e-01 +2.2986e+00
138403 +2.858498280e-03 +2.858498280e-03 -4.620871415e+02 -4.620900000e+02 +2.3380e+00 +2.2996e+00 +2.2132e+00 +7.2858e-01 +2.2986e+00
170818 +2.316871496e-03 +2.316871496e-03 -4.620876831e+02 -4.620900000e+02 +2.3396e+00 +2.2996e+00 +2.2132e+00 +7.2714e-01 +2.2984e+00
189865 +1.339073588e-03 +1.339073588e-03 -4.620886609e+02 -4.620900000e+02 +2.3396e+00 +2.2996e+00 +2.2132e+00 +7.2833e-01 +2.2986e+00
207738 +7.291283507e-04 +7.291283507e-04 -4.620892709e+02 -4.620900000e+02 +2.3409e+00 +2.2996e+00 +2.2132e+00 +7.2822e-01 +2.2988e+00
267678 +5.761785645e-04 +5.761785645e-04 -4.620894238e+02 -4.620900000e+02 +2.3402e+00 +2.2996e+00 +2.2132e+00 +7.2822e-01 +2.2988e+00
420232 +1.887031365e-04 +1.887031365e-04 -4.620898113e+02 -4.620900000e+02 +2.3408e+00 +2.2996e+00 +2.2136e+00 +7.2822e-01 +2.2992e+00
456708 +1.250479460e-04 +1.250479460e-04 -4.620898750e+02 -4.620900000e+02 +2.3408e+00 +2.2998e+00 +2.2136e+00 +7.2822e-01 +2.2992e+00
% function evaluation | noise-free fitness - Fopt (7.766000000000e+01) | best noise-free fitness - Fopt | measured fitness | best measured fitness | x1 | x2...
1 +2.362776786e+03 +2.362776786e+03 +2.440436786e+03 +7.766000000e+01 +4.6812e+00 +1.4446e+00 -2.1693e+00 -1.1102e+00 +3.6077e+00
81 +5.888015985e+01 +5.888015985e+01 +1.365401598e+02 +7.766000000e+01 -9.9031e-01 +5.5767e-01 -9.6056e-01 +3.3833e+00 +2.1153e+00
523 +3.455257496e+01 +3.455257496e+01 +1.122125750e+02 +7.766000000e+01 +1.5200e+00 -3.0935e-01 +6.8193e-01 +1.7734e+00 +2.4271e+00
685 +2.453577622e+01 +2.453577622e+01 +1.021957762e+02 +7.766000000e+01 +2.1328e+00 +5.5767e-01 +6.8193e-01 +3.3833e+00 +2.4271e+00
1360 +1.400188988e+01 +1.400188988e+01 +9.166188988e+01 +7.766000000e+01 +2.2422e+00 -9.2195e-01 +6.8193e-01 +3.3833e+00 +2.4271e+00
2957 +6.775136395e+00 +6.775136395e+00 +8.443513640e+01 +7.766000000e+01 +2.3487e+00 -9.2195e-01 +6.8193e-01 +3.3556e+00 +2.4271e+00
4114 +5.582336560e+00 +5.582336560e+00 +8.324233656e+01 +7.766000000e+01 +2.3487e+00 -8.3837e-01 +6.8193e-01 +3.3556e+00 +2.4271e+00
11465 +2.583240945e+00 +2.583240945e+00 +8.024324095e+01 +7.766000000e+01 +2.3231e+00 -1.6283e+00 +1.2625e+00 +3.3105e+00 +2.4639e+00
11836 +1.820454000e+00 +1.820454000e+00 +7.948045400e+01 +7.766000000e+01 +2.3712e+00 -1.6283e+00 +1.2625e+00 +3.3105e+00 +2.4639e+00
11932 +1.363227250e+00 +1.363227250e+00 +7.902322725e+01 +7.766000000e+01 +2.3231e+00 -8.3237e-01 +1.2625e+00 +3.3105e+00 +2.4639e+00
12409 +6.004403047e-01 +6.004403047e-01 +7.826044030e+01 +7.766000000e+01 +2.3712e+00 -8.3237e-01 +1.2625e+00 +3.3105e+00 +2.4639e+00
32876 +3.045527983e-01 +3.045527983e-01 +7.796455280e+01 +7.766000000e+01 +2.3984e+00 -8.4159e-01 +1.2625e+00 +3.3105e+00 +2.4639e+00
36991 +1.434945181e-01 +1.434945181e-01 +7.780349452e+01 +7.766000000e+01 +2.3984e+00 -8.6762e-01 +1.2625e+00 +3.3163e+00 +2.4639e+00
48703 +9.554336933e-02 +9.554336933e-02 +7.775554337e+01 +7.766000000e+01 +2.3984e+00 -8.6762e-01 +1.2625e+00 +3.3230e+00 +2.4639e+00
50490 +5.035892092e-02 +5.035892092e-02 +7.771035892e+01 +7.766000000e+01 +2.3984e+00 -8.5443e-01 +1.2625e+00 +3.3230e+00 +2.4639e+00
50589 +1.909279104e-02 +1.909279104e-02 +7.767909279e+01 +7.766000000e+01 +2.3984e+00 -8.5760e-01 +1.2670e+00 +3.3230e+00 +2.4639e+00
114511 +6.951875110e-04 +6.951875110e-04 +7.766069519e+01 +7.766000000e+01 +2.3984e+00 -8.5563e-01 +1.2710e+00 +3.3230e+00 +2.4639e+00
165868 +6.642357138e-05 +6.642357138e-05 +7.766006642e+01 +7.766000000e+01 +2.3984e+00 -8.5563e-01 +1.2720e+00 +3.3232e+00 +2.4639e+00
184928 +2.082712589e-05 +2.082712589e-05 +7.766002083e+01 +7.766000000e+01 +2.3984e+00 -8.5586e-01 +1.2720e+00 +3.3232e+00 +2.4639e+00
311083 +1.438417937e-05 +1.438417937e-05 +7.766001438e+01 +7.766000000e+01 +2.3984e+00 -8.5587e-01 +1.2720e+00 +3.3232e+00 +2.4639e+00
438923 +8.258348018e-06 +8.258348018e-06 +7.766000826e+01 +7.766000000e+01 +2.3984e+00 -8.5587e-01 +1.2720e+00 +3.3232e+00 +2.4640e+00
% function evaluation | noise-free fitness - Fopt (1.156800000000e+02) | best noise-free fitness - Fopt | measured fitness | best measured fitness | x1 | x2...
1 +6.751710313e+03 +6.751710313e+03 +6.867390313e+03 +1.156800000e+02 +4.9581e+00 -1.0638e+00 +4.4334e+00 -2.3927e+00 -6.0424e-01
92 +6.219926508e+01 +6.219926508e+01 +1.778792651e+02 +1.156800000e+02 -1.7989e+00 -1.8631e+00 -2.6835e+00 +3.1218e+00 +3.0320e+00
621 +2.836374766e+01 +2.836374766e+01 +1.440437477e+02 +1.156800000e+02 +2.2301e+00 -1.0634e+00 -2.3779e-01 +3.1218e+00 +3.5762e+00
708 +2.357011754e+01 +2.357011754e+01 +1.392501175e+02 +1.156800000e+02 +2.0166e+00 -2.5111e+00 +1.6675e-01 +3.1218e+00 +3.5762e+00
799 +1.523317314e+01 +1.523317314e+01 +1.309131731e+02 +1.156800000e+02 +1.9971e+00 -1.0634e+00 -2.3779e-01 +3.1218e+00 +3.5762e+00
10628 +9.269217617e+00 +9.269217617e+00 +1.249492176e+02 +1.156800000e+02 +2.1778e+00 -2.3610e+00 +2.4660e-01 +3.4746e+00 +3.3081e+00
11209 +5.816203711e+00 +5.816203711e+00 +1.214962037e+02 +1.156800000e+02 +2.1778e+00 -2.3610e+00 +2.4660e-01 +3.0778e+00 +3.3081e+00
12832 +3.029307626e+00 +3.029307626e+00 +1.187093076e+02 +1.156800000e+02 +2.1778e+00 -1.7631e+00 +2.4660e-01 +3.0778e+00 +3.3081e+00
20888 +2.016760971e+00 +2.016760971e+00 +1.176967610e+02 +1.156800000e+02 +1.1560e+00 -9.7606e-01 +2.2179e-01 +3.1085e+00 +3.6032e+00
22468 +1.277552727e+00 +1.277552727e+00 +1.169575527e+02 +1.156800000e+02 +2.1278e+00 -9.7606e-01 +2.2179e-01 +3.1085e+00 +3.6032e+00
37850 +3.705498814e-01 +3.705498814e-01 +1.160505499e+02 +1.156800000e+02 +2.1706e+00 -9.8108e-01 +2.2179e-01 +3.0937e+00 +3.6032e+00
50380 +1.991695534e-01 +1.991695534e-01 +1.158791696e+02 +1.156800000e+02 +2.1706e+00 -9.8108e-01 +2.3479e-01 +3.0778e+00 +3.6032e+00
50480 +1.011260474e-01 +1.011260474e-01 +1.157811260e+02 +1.156800000e+02 +2.1706e+00 -9.8145e-01 +2.3479e-01 +3.0937e+00 +3.6032e+00
50676 +9.187806150e-02 +9.187806150e-02 +1.157718781e+02 +1.156800000e+02 +2.1778e+00 -9.8108e-01 +2.3479e-01 +3.0937e+00 +3.6032e+00
52249 +6.281238512e-02 +6.281238512e-02 +1.157428124e+02 +1.156800000e+02 +2.1778e+00 -9.8145e-01 +2.3479e-01 +3.0880e+00 +3.6032e+00
53338 +3.708738116e-02 +3.708738116e-02 +1.157170874e+02 +1.156800000e+02 +2.1778e+00 -9.8145e-01 +2.3747e-01 +3.0899e+00 +3.6032e+00
72081 +2.099459611e-02 +2.099459611e-02 +1.157009946e+02 +1.156800000e+02 +2.1778e+00 -9.8145e-01 +2.4048e-01 +3.0880e+00 +3.6032e+00
73051 +7.186937413e-03 +7.186937413e-03 +1.156871869e+02 +1.156800000e+02 +2.1778e+00 -9.8145e-01 +2.4405e-01 +3.0880e+00 +3.6032e+00
93894 +3.057417770e-03 +3.057417770e-03 +1.156830574e+02 +1.156800000e+02 +2.1778e+00 -9.8145e-01 +2.4405e-01 +3.0880e+00 +3.6041e+00
115812 +2.233571208e-03 +2.233571208e-03 +1.156822336e+02 +1.156800000e+02 +2.1778e+00 -9.8241e-01 +2.4405e-01 +3.0880e+00 +3.6041e+00
215525 +1.209734743e-03 +1.209734743e-03 +1.156812097e+02 +1.156800000e+02 +2.1778e+00 -9.8243e-01 +2.4405e-01 +3.0886e+00 +3.6043e+00
296118 +8.880911695e-04 +8.880911695e-04 +1.156808881e+02 +1.156800000e+02 +2.1778e+00 -9.8243e-01 +2.4468e-01 +3.0886e+00 +3.6043e+00
% function evaluation | noise-free fitness - Fopt (-3.710000000000e+00) | best noise-free fitness - Fopt | measured fitness | best measured fitness | x1 | x2...
1 +9.041593565e+02 +9.041593565e+02 +9.004493565e+02 -3.710000000e+00 -2.8983e+00 +4.0580e+00 +3.0305e+00 -3.2807e-01 +4.7231e-01
100 +8.981421232e+01 +8.981421232e+01 +8.610421232e+01 -3.710000000e+00 +9.5795e-02 -1.9781e+00 +3.4439e-01 +1.9248e+00 +2.2358e+00
394 +5.677851067e+01 +5.677851067e+01 +5.306851067e+01 -3.710000000e+00 +1.7813e-01 -1.3401e+00 -3.5058e-01 +4.3345e+00 +2.5475e+00
784 +3.133937357e+01 +3.133937357e+01 +2.762937357e+01 -3.710000000e+00 +1.7813e-01 -3.7689e+00 +1.7532e+00 +4.3345e+00 +2.5358e+00
1078 +2.094618728e+01 +2.094618728e+01 +1.723618728e+01 -3.710000000e+00 +2.0998e+00 -3.6774e+00 +1.6144e+00 +4.3345e+00 +3.1485e+00
1174 +1.172995153e+01 +1.172995153e+01 +8.019951535e+00 -3.710000000e+00 +2.0998e+00 -3.7689e+00 +1.7532e+00 +4.3345e+00 +3.1485e+00
1473 +7.405094395e+00 +7.405094395e+00 +3.695094395e+00 -3.710000000e+00 +2.0998e+00 -3.6774e+00 +1.7532e+00 +4.3345e+00 +3.1485e+00
1961 +4.457190498e+00 +4.457190498e+00 +7.471904982e-01 -3.710000000e+00 +2.0998e+00 -3.1191e+00 +1.7532e+00 +4.3345e+00 +3.1485e+00
3634 +3.739407312e+00 +3.739407312e+00 +2.940731205e-02 -3.710000000e+00 +2.0998e+00 -2.3289e+00 +1.7532e+00 +4.3345e+00 +3.1485e+00
18800 +1.539442625e+00 +1.539442625e+00 -2.170557375e+00 -3.710000000e+00 +3.1013e+00 -2.3127e+00 +1.7633e+00 +3.9103e+00 +3.1855e+00
20967 +8.804035968e-01 +8.804035968e-01 -2.829596403e+00 -3.710000000e+00 +3.1085e+00 -2.2896e+00 +1.7532e+00 +3.8968e+00 +3.1485e+00
22963 +2.159762213e-01 +2.159762213e-01 -3.494023779e+00 -3.710000000e+00 +3.1085e+00 -2.2896e+00 +1.7848e+00 +3.9127e+00 +3.1485e+00
23501 +9.908376432e-02 +9.908376432e-02 -3.610916236e+00 -3.710000000e+00 +3.1085e+00 -2.2896e+00 +1.7792e+00 +3.9127e+00 +3.1485e+00
47549 +4.210601051e-02 +4.210601051e-02 -3.667893989e+00 -3.710000000e+00 +3.1207e+00 -2.2896e+00 +1.7792e+00 +3.9103e+00 +3.1503e+00
48290 +3.796585179e-02 +3.796585179e-02 -3.672034148e+00 -3.710000000e+00 +3.1207e+00 -2.2896e+00 +1.7818e+00 +3.9127e+00 +3.1503e+00
49327 +2.394333292e-02 +2.394333292e-02 -3.686056667e+00 -3.710000000e+00 +3.1174e+00 -2.2896e+00 +1.7818e+00 +3.9103e+00 +3.1503e+00
65902 +1.374922936e-02 +1.374922936e-02 -3.696250771e+00 -3.710000000e+00 +3.1174e+00 -2.2951e+00 +1.7818e+00 +3.9103e+00 +3.1503e+00
125932 +8.727409629e-03 +8.727409629e-03 -3.701272590e+00 -3.710000000e+00 +3.1174e+00 -2.2951e+00 +1.7818e+00 +3.9103e+00 +3.1510e+00
150433 +3.060751539e-03 +3.060751539e-03 -3.706939248e+00 -3.710000000e+00 +3.1196e+00 -2.2951e+00 +1.7818e+00 +3.9103e+00 +3.1518e+00
172407 +2.022670501e-03 +2.022670501e-03 -3.707977329e+00 -3.710000000e+00 +3.1196e+00 -2.2951e+00 +1.7818e+00 +3.9103e+00 +3.1522e+00
212193 +1.349051661e-03 +1.349051661e-03 -3.708650948e+00 -3.710000000e+00 +3.1196e+00 -2.2951e+00 +1.7823e+00 +3.9103e+00 +3.1522e+00
314538 +9.178030617e-04 +9.178030617e-04 -3.709082197e+00 -3.710000000e+00 +3.1196e+00 -2.2951e+00 +1.7832e+00 +3.9103e+00 +3.1522e+00
364090 +1.507540301e-04 +1.507540301e-04 -3.709849246e+00 -3.710000000e+00 +3.1196e+00 -2.2951e+00 +1.7832e+00 +3.9103e+00 +3.1526e+00
% function evaluation | noise-free fitness - Fopt (1.321800000000e+02) | best noise-free fitness - Fopt | measured fitness | best measured fitness | x1 | x2...
1 +2.876877279e+02 +2.876877279e+02 +4.198677279e+02 +1.321800000e+02 +3.6474e+00 +3.4366e+00 -4.3086e+00 -3.3654e+00 +7.9245e-01
100 +4.611355624e+01 +4.611355624e+01 +1.782935562e+02 +1.321800000e+02 -1.5752e-01 +2.1087e+00 +1.3348e+00 -2.0047e+00 +2.1675e+00
488 +3.463817055e+01 +3.463817055e+01 +1.668181706e+02 +1.321800000e+02 +1.1403e+00 +3.1388e+00 +3.4298e+00 -2.0047e+00 +2.1675e+00
779 +1.693431374e+01 +1.693431374e+01 +1.491143137e+02 +1.321800000e+02 +1.6519e+00 +2.1087e+00 +2.9768e+00 -2.0047e+00 +2.1675e+00
970 +1.152973207e+01 +1.152973207e+01 +1.437097321e+02 +1.321800000e+02 +1.7263e+00 +2.1087e+00 +3.4298e+00 -1.5003e+00 +2.1675e+00
1563 +9.868394665e+00 +9.868394665e+00 +1.420483947e+02 +1.321800000e+02 +2.6961e+00 +2.1087e+00 +3.4298e+00 -2.0047e+00 +2.1675e+00
2929 +5.946461143e+00 +5.946461143e+00 +1.381264611e+02 +1.321800000e+02 +2.6961e+00 +1.5096e+00 +3.4536e+00 -2.3800e+00 +2.1675e+00
4191 +3.062629069e+00 +3.062629069e+00 +1.352426291e+02 +1.321800000e+02 +2.7938e+00 +1.5096e+00 +3.4536e+00 -2.3800e+00 +2.4777e+00
8674 +2.461969968e+00 +2.461969968e+00 +1.346419700e+02 +1.321800000e+02 +3.7419e+00 +2.3236e+00 +3.4369e+00 -1.9809e+00 +2.4746e+00
22447 +1.265451185e+00 +1.265451185e+00 +1.334454512e+02 +1.321800000e+02 +2.7874e+00 +1.4833e+00 +3.4536e+00 -1.9608e+00 +2.4873e+00
23525 +1.472235278e-01 +1.472235278e-01 +1.323272235e+02 +1.321800000e+02 +3.7513e+00 +1.4833e+00 +3.4536e+00 -1.9608e+00 +2.4873e+00
46998 +7.753623344e-02 +7.753623344e-02 +1.322575362e+02 +1.321800000e+02 +3.7618e+00 +1.4833e+00 +3.4536e+00 -1.9608e+00 +2.4893e+00
65669 +4.383708271e-02 +4.383708271e-02 +1.322238371e+02 +1.321800000e+02 +3.7513e+00 +1.4833e+00 +3.4580e+00 -1.9668e+00 +2.4914e+00
66402 +3.672117450e-02 +3.672117450e-02 +1.322167212e+02 +1.321800000e+02 +3.7635e+00 +1.4833e+00 +3.4536e+00 -1.9668e+00 +2.4914e+00
66491 +1.197118004e-02 +1.197118004e-02 +1.321919712e+02 +1.321800000e+02 +3.7635e+00 +1.4833e+00 +3.4580e+00 -1.9668e+00 +2.4914e+00
88418 +2.923337513e-03 +2.923337513e-03 +1.321829233e+02 +1.321800000e+02 +3.7635e+00 +1.4833e+00 +3.4602e+00 -1.9663e+00 +2.4914e+00
180568 +1.881540034e-03 +1.881540034e-03 +1.321818815e+02 +1.321800000e+02 +3.7635e+00 +1.4833e+00 +3.4610e+00 -1.9663e+00 +2.4914e+00
234634 +1.029321938e-03 +1.029321938e-03 +1.321810293e+02 +1.321800000e+02 +3.7635e+00 +1.4833e+00 +3.4610e+00 -1.9661e+00 +2.4917e+00
248812 +8.400995503e-04 +8.400995503e-04 +1.321808401e+02 +1.321800000e+02 +3.7635e+00 +1.4829e+00 +3.4610e+00 -1.9661e+00 +2.4917e+00
352843 +6.100957138e-04 +6.100957138e-04 +1.321806101e+02 +1.321800000e+02 +3.7635e+00 +1.4829e+00 +3.4610e+00 -1.9653e+00 +2.4917e+00
% function evaluation | noise-free fitness - Fopt (-4.174000000000e+01) | best noise-free fitness - Fopt | measured fitness | best measured fitness | x1 | x2...
1 +1.038140274e+03 +1.038140274e+03 +9.964002742e+02 -4.174000000e+01 +6.1302e-01 +1.2344e+00 +1.7231e+00 -2.9906e+00 -1.0033e+00
88 +1.458809407e+02 +1.458809407e+02 +1.041409407e+02 -4.174000000e+01 -4.8218e-01 +2.1065e+00 -1.6052e+00 +1.7268e+00 +3.1698e-02
183 +9.976293424e+01 +9.976293424e+01 +5.802293424e+01 -4.174000000e+01 -2.0821e-01 -2.9960e+00 -6.9499e-01 +1.7268e+00 +7.5693e-01
272 +5.860699392e+01 +5.860699392e+01 +1.686699392e+01 -4.174000000e+01 +4.4123e-01 -4.6232e-01 -2.8789e-01 +3.1787e+00 +1.5640e+00
801 +3.720700446e+01 +3.720700446e+01 -4.532995541e+00 -4.174000000e+01 +1.9896e+00 -2.6411e+00 -2.8789e-01 +3.1787e+00 +1.5640e+00
1259 +2.166975588e+01 +2.166975588e+01 -2.007024412e+01 -4.174000000e+01 +2.1515e+00 -4.0838e+00 +1.0981e-01 +3.1787e+00 +1.5087e+00
1432 +1.402043708e+01 +1.402043708e+01 -2.771956292e+01 -4.174000000e+01 +2.1497e+00 -2.6411e+00 -2.8789e-01 +3.7105e+00 +1.1923e+00
1608 +7.932464096e+00 +7.932464096e+00 -3.380753590e+01 -4.174000000e+01 +2.1497e+00 -2.6411e+00 +1.0981e-01 +3.2617e+00 +1.1923e+00
1697 +5.584803327e+00 +5.584803327e+00 -3.615519667e+01 -4.174000000e+01 +2.1515e+00 -2.6411e+00 +1.0981e-01 +3.7105e+00 +1.1923e+00
1876 +3.644768438e+00 +3.644768438e+00 -3.809523156e+01 -4.174000000e+01 +2.1497e+00 -2.6411e+00 +1.0981e-01 +3.7105e+00 +1.5087e+00
19372 +2.053661939e+00 +2.053661939e+00 -3.968633806e+01 -4.174000000e+01 +3.0979e+00 -2.6411e+00 +1.0981e-01 +3.7105e+00 +1.4609e+00
33232 +1.574594808e+00 +1.574594808e+00 -4.016540519e+01 -4.174000000e+01 +3.1114e+00 -2.6411e+00 +1.0981e-01 +3.7105e+00 +1.4718e+00
37689 +6.337439150e-01 +6.337439150e-01 -4.110625609e+01 -4.174000000e+01 +3.1114e+00 -1.8469e+00 +1.0981e-01 +3.7105e+00 +1.4718e+00
39886 +6.118523860e-01 +6.118523860e-01 -4.112814761e+01 -4.174000000e+01 +3.1027e+00 -1.8379e+00 +1.2403e-01 +3.7076e+00 +1.4609e+00
45872 +3.107790251e-01 +3.107790251e-01 -4.142922097e+01 -4.174000000e+01 +3.1338e+00 -1.8324e+00 +1.2929e-01 +3.7105e+00 +1.4646e+00
46529 +1.953919091e-01 +1.953919091e-01 -4.154460809e+01 -4.174000000e+01 +3.1218e+00 -1.8324e+00 +1.2929e-01 +3.7105e+00 +1.4646e+00
55191 +4.125057795e-02 +4.125057795e-02 -4.169874942e+01 -4.174000000e+01 +3.1316e+00 -1.8261e+00 +1.3394e-01 +3.7105e+00 +1.4735e+00
66760 +3.151463017e-02 +3.151463017e-02 -4.170848537e+01 -4.174000000e+01 +3.1316e+00 -1.8261e+00 +1.3755e-01 +3.7105e+00 +1.4735e+00
70289 +1.943977988e-02 +1.943977988e-02 -4.172056022e+01 -4.174000000e+01 +3.1316e+00 -1.8408e+00 +1.3755e-01 +3.7105e+00 +1.4735e+00
70478 +6.895282952e-03 +6.895282952e-03 -4.173310472e+01 -4.174000000e+01 +3.1316e+00 -1.8363e+00 +1.3755e-01 +3.7105e+00 +1.4735e+00
99849 +6.215671251e-03 +6.215671251e-03 -4.173378433e+01 -4.174000000e+01 +3.1316e+00 -1.8324e+00 +1.3755e-01 +3.7100e+00 +1.4735e+00
127178 +3.659411764e-03 +3.659411764e-03 -4.173634059e+01 -4.174000000e+01 +3.1316e+00 -1.8355e+00 +1.3755e-01 +3.7095e+00 +1.4735e+00
150119 +1.939202844e-03 +1.939202844e-03 -4.173806080e+01 -4.174000000e+01 +3.1309e+00 -1.8355e+00 +1.3755e-01 +3.7076e+00 +1.4735e+00
182864 +6.420916487e-04 +6.420916487e-04 -4.173935791e+01 -4.174000000e+01 +3.1309e+00 -1.8355e+00 +1.3755e-01 +3.7092e+00 +1.4735e+00
224975 +4.245691491e-04 +4.245691491e-04 -4.173957543e+01 -4.174000000e+01 +3.1309e+00 -1.8355e+00 +1.3755e-01 +3.7087e+00 +1.4735e+00
238858 +9.427963250e-05 +9.427963250e-05 -4.173990572e+01 -4.174000000e+01 +3.1309e+00 -1.8348e+00 +1.3755e-01 +3.7087e+00 +1.4735e+00
266631 +3.837305768e-05 +3.837305768e-05 -4.173996163e+01 -4.174000000e+01 +3.1310e+00 -1.8342e+00 +1.3755e-01 +3.7087e+00 +1.4735e+00
% function evaluation | noise-free fitness - Fopt (-4.948600000000e+02) | best noise-free fitness - Fopt | measured fitness | best measured fitness | x1 | x2...
1 +1.186070590e+02 +1.186070590e+02 -3.762529410e+02 -4.948600000e+02 -2.4600e+00 -5.6348e-01 +3.4880e+00 -2.8889e+00 +3.0048e+00
83 +6.323056266e+01 +6.323056266e+01 -4.316294373e+02 -4.948600000e+02 -1.0795e+00 -2.8625e-01 +1.5816e+00 +3.5398e-01 +2.2790e+00
167 +5.675427505e+01 +5.675427505e+01 -4.381057249e+02 -4.948600000e+02 +1.7619e+00 +5.2908e-01 +3.9717e+00 -4.4029e-01 +2.7049e+00
339 +3.865501767e+01 +3.865501767e+01 -4.562049823e+02 -4.948600000e+02 +2.6453e+00 -1.8127e+00 +2.8353e+00 +3.5398e-01 +2.7049e+00
875 +1.552084565e+01 +1.552084565e+01 -4.793391544e+02 -4.948600000e+02 +2.7969e+00 -2.8625e-01 +3.7673e+00 +2.6473e-01 +3.0851e+00
1050 +9.103888177e+00 +9.103888177e+00 -4.857561118e+02 -4.948600000e+02 +1.7619e+00 -2.8625e-01 +3.7673e+00 +2.6473e-01 +2.7049e+00
1502 +6.246588437e+00 +6.246588437e+00 -4.886134116e+02 -4.948600000e+02 +1.7619e+00 -2.8625e-01 +3.7673e+00 +2.1917e-01 +3.0851e+00
2288 +3.965348939e+00 +3.965348939e+00 -4.908946511e+02 -4.948600000e+02 +1.7619e+00 -2.8625e-01 +3.8128e+00 +2.1917e-01 +3.0189e+00
18370 +1.347880932e+00 +1.347880932e+00 -4.935121191e+02 -4.948600000e+02 +2.7213e+00 -1.1306e+00 +3.8097e+00 +2.1329e-01 +3.0328e+00
22981 +4.854467327e-01 +4.854467327e-01 -4.943745533e+02 -4.948600000e+02 +2.7393e+00 -1.1241e+00 +3.8050e+00 +2.3002e-01 +3.0471e+00
37442 +3.423748607e-01 +3.423748607e-01 -4.945176251e+02 -4.948600000e+02 +2.7393e+00 -1.1241e+00 +3.8128e+00 +2.3002e-01 +3.0471e+00
38531 +8.670858368e-02 +8.670858368e-02 -4.947732914e+02 -4.948600000e+02 +2.7640e+00 -1.1241e+00 +3.8128e+00 +2.3002e-01 +3.0471e+00
42158 +5.374468238e-02 +5.374468238e-02 -4.948062553e+02 -4.948600000e+02 +2.7640e+00 -1.1241e+00 +3.8174e+00 +2.3002e-01 +3.0471e+00
66157 +2.018319566e-02 +2.018319566e-02 -4.948398168e+02 -4.948600000e+02 +2.7732e+00 -1.1200e+00 +3.8213e+00 +2.3002e-01 +3.0471e+00
89874 +1.540805458e-02 +1.540805458e-02 -4.948445919e+02 -4.948600000e+02 +2.7732e+00 -1.1241e+00 +3.8216e+00 +2.3002e-01 +3.0479e+00
98961 +7.121218894e-03 +7.121218894e-03 -4.948528788e+02 -4.948600000e+02 +2.7734e+00 -1.1241e+00 +3.8204e+00 +2.2479e-01 +3.0471e+00
118005 +4.934272765e-03 +4.934272765e-03 -4.948550657e+02 -4.948600000e+02 +2.7734e+00 -1.1241e+00 +3.8204e+00 +2.2719e-01 +3.0471e+00
155735 +3.385153205e-03 +3.385153205e-03 -4.948566148e+02 -4.948600000e+02 +2.7734e+00 -1.1241e+00 +3.8213e+00 +2.2719e-01 +3.0471e+00
199096 +2.242319881e-03 +2.242319881e-03 -4.948577577e+02 -4.948600000e+02 +2.7743e+00 -1.1241e+00 +3.8216e+00 +2.2666e-01 +3.0471e+00
339785 +7.255893100e-04 +7.255893100e-04 -4.948592744e+02 -4.948600000e+02 +2.7743e+00 -1.1226e+00 +3.8219e+00 +2.2691e-01 +3.0477e+00
352346 +4.554915838e-04 +4.554915838e-04 -4.948595445e+02 -4.948600000e+02 +2.7743e+00 -1.1226e+00 +3.8219e+00 +2.2649e-01 +3.0477e+00
431958 +3.247744384e-04 +3.247744384e-04 -4.948596752e+02 -4.948600000e+02 +2.7743e+00 -1.1226e+00 +3.8221e+00 +2.2649e-01 +3.0477e+00
469139 +1.979404566e-04 +1.979404566e-04 -4.948598021e+02 -4.948600000e+02 +2.7743e+00 -1.1232e+00 +3.8221e+00 +2.2649e-01 +3.0477e+00
% function evaluation | noise-free fitness - Fopt (3.484000000000e+02) | best noise-free fitness - Fopt | measured fitness | best measured fitness | x1 | x2...
1 +1.681421198e+03 +1.681421198e+03 +2.029821198e+03 +3.484000000e+02 +8.6848e-01 +1.7470e+00 +3.3899e+00 -2.7139e+00 -2.8063e+00
85 +9.055886847e+01 +9.055886847e+01 +4.389588685e+02 +3.484000000e+02 +1.6336e+00 -1.2602e+00 -2.2672e-01 -1.4166e+00 +2.9590e+00
356 +4.882800165e+01 +4.882800165e+01 +3.972280016e+02 +3.484000000e+02 +7.7308e-01 +2.7590e+00 +6.9626e-01 -3.4733e+00 +3.0394e+00
708 +3.492448477e+01 +3.492448477e+01 +3.833244848e+02 +3.484000000e+02 +2.4438e-01 +1.3525e+00 +1.5524e+00 -4.0634e+00 +2.9590e+00
1062 +2.498702534e+01 +2.498702534e+01 +3.733870253e+02 +3.484000000e+02 +2.4438e-01 +7.5981e-01 +6.9626e-01 -3.5312e+00 +2.9590e+00
2127 +1.538530767e+01 +1.538530767e+01 +3.637853077e+02 +3.484000000e+02 +1.1099e-02 +1.3525e+00 +6.9626e-01 -3.5312e+00 +2.9590e+00
2854 +8.816187963e+00 +8.816187963e+00 +3.572161880e+02 +3.484000000e+02 +1.1099e-02 +1.3525e+00 +7.4520e-01 -3.5312e+00 +3.5813e+00
9302 +5.752279066e+00 +5.752279066e+00 +3.541522791e+02 +3.484000000e+02 +1.9434e+00 +6.0832e-01 +8.0715e-01 -3.5220e+00 +3.3344e+00
13574 +2.800060387e+00 +2.800060387e+00 +3.512000604e+02 +3.484000000e+02 +1.0216e+00 +6.1635e-01 +1.3787e+00 -3.0895e+00 +3.5926e+00
18737 +2.262590006e+00 +2.262590006e+00 +3.506625900e+02 +3.484000000e+02 +2.0097e+00 +5.7150e-01 +7.9916e-01 -3.5194e+00 +3.5873e+00
25891 +1.561228234e+00 +1.561228234e+00 +3.499612282e+02 +3.484000000e+02 +1.9838e+00 +1.4284e+00 +1.3655e+00 -3.5220e+00 +3.6040e+00
28150 +8.212069649e-01 +8.212069649e-01 +3.492212070e+02 +3.484000000e+02 +2.0097e+00 +6.1635e-01 +1.3787e+00 -3.5194e+00 +3.5926e+00
37437 +4.919944475e-01 +4.919944475e-01 +3.488919944e+02 +3.484000000e+02 +1.9947e+00 +5.8350e-01 +1.3787e+00 -3.5259e+00 +3.5967e+00
40448 +2.363923335e-01 +2.363923335e-01 +3.486363923e+02 +3.484000000e+02 +2.0097e+00 +6.0299e-01 +1.3848e+00 -3.5220e+00 +3.5993e+00
41573 +1.451425299e-01 +1.451425299e-01 +3.485451425e+02 +3.484000000e+02 +2.0097e+00 +6.0299e-01 +1.3848e+00 -3.5220e+00 +3.6019e+00
51965 +8.703567264e-02 +8.703567264e-02 +3.484870357e+02 +3.484000000e+02 +2.0097e+00 +5.9709e-01 +1.3820e+00 -3.5259e+00 +3.6040e+00
65949 +6.168980687e-02 +6.168980687e-02 +3.484616898e+02 +3.484000000e+02 +2.0097e+00 +5.9315e-01 +1.3848e+00 -3.5259e+00 +3.6050e+00
102086 +9.264180130e-03 +9.264180130e-03 +3.484092642e+02 +3.484000000e+02 +2.0097e+00 +5.9709e-01 +1.3848e+00 -3.5259e+00 +3.6082e+00
173765 +3.682268064e-03 +3.682268064e-03 +3.484036823e+02 +3.484000000e+02 +2.0097e+00 +5.9684e-01 +1.3857e+00 -3.5275e+00 +3.6086e+00
232281 +2.359105127e-03 +2.359105127e-03 +3.484023591e+02 +3.484000000e+02 +2.0097e+00 +5.9684e-01 +1.3869e+00 -3.5274e+00 +3.6086e+00
% function evaluation | noise-free fitness - Fopt (3.770000000000e+00) | best noise-free fitness - Fopt | measured fitness | best measured fitness | x1 | x2...
1 +3.286079001e+02 +3.286079001e+02 +3.323779001e+02 +3.770000000e+00 -2.8026e+00 +3.7426e+00 -1.8409e+00 -5.1594e-01 +1.2068e+00
89 +8.206478790e+01 +8.206478790e+01 +8.583478790e+01 +3.770000000e+00 -5.2843e-01 +1.0563e+00 +2.1352e+00 +4.8880e+00 +3.1092e+00
337 +5.331191767e+01 +5.331191767e+01 +5.708191767e+01 +3.770000000e+00 +2.7718e+00 +1.0563e+00 +1.0498e+00 +2.4623e+00 +3.1092e+00
681 +3.862181255e+01 +3.862181255e+01 +4.239181255e+01 +3.770000000e+00 +2.1104e+00 -4.4411e+00 +1.6951e+00 +2.7358e+00 +3.1092e+00
850 +2.490334517e+01 +2.490334517e+01 +2.867334517e+01 +3.770000000e+00 +2.7718e+00 -1.1503e+00 +2.7152e+00 +2.8966e+00 +3.1092e+00
2210 +1.288174235e+01 +1.288174235e+01 +1.665174235e+01 +3.770000000e+00 +2.0041e+00 -1.2402e+00 +2.6833e+00 +2.8669e+00 +3.1092e+00
2992 +8.683251905e+00 +8.683251905e+00 +1.245325190e+01 +3.770000000e+00 +2.0041e+00 -1.2402e+00 +3.1663e+00 +2.8669e+00 +3.1092e+00
5323 +4.344852136e+00 +4.344852136e+00 +8.114852136e+00 +3.770000000e+00 +2.8864e+00 -2.0500e+00 +3.1020e+00 +2.8065e+00 +3.0865e+00
6203 +3.909053030e+00 +3.909053030e+00 +7.679053030e+00 +3.770000000e+00 +2.9138e+00 -2.0500e+00 +3.0999e+00 +2.8065e+00 +3.4415e+00
8717 +2.490060864e+00 +2.490060864e+00 +6.260060864e+00 +3.770000000e+00 +2.9138e+00 -2.0500e+00 +2.5767e+00 +2.8065e+00 +3.3863e+00
19289 +1.334716133e+00 +1.334716133e+00 +5.104716133e+00 +3.770000000e+00 +2.9285e+00 -2.0325e+00 +3.1616e+00 +2.7936e+00 +3.1092e+00
25304 +5.682922813e-01 +5.682922813e-01 +4.338292281e+00 +3.770000000e+00 +2.9333e+00 -2.0500e+00 +3.1663e+00 +2.8065e+00 +3.4034e+00
25887 +2.532342063e-01 +2.532342063e-01 +4.023234206e+00 +3.770000000e+00 +2.9333e+00 -2.0500e+00 +3.1526e+00 +2.8065e+00 +3.4034e+00
26265 +2.151735796e-01 +2.151735796e-01 +3.985173580e+00 +3.770000000e+00 +2.9333e+00 -2.0397e+00 +3.1526e+00 +2.8065e+00 +3.4034e+00
27303 +9.969664962e-02 +9.969664962e-02 +3.869696650e+00 +3.770000000e+00 +2.9333e+00 -2.0397e+00 +3.1526e+00 +2.8065e+00 +3.4098e+00
63034 +3.298341793e-02 +3.298341793e-02 +3.802983418e+00 +3.770000000e+00 +2.9333e+00 -2.0397e+00 +3.1600e+00 +2.8065e+00 +3.4098e+00
93897 +2.364605266e-02 +2.364605266e-02 +3.793646053e+00 +3.770000000e+00 +2.9345e+00 -2.0397e+00 +3.1600e+00 +2.8058e+00 +3.4108e+00
94491 +1.575608525e-02 +1.575608525e-02 +3.785756085e+00 +3.770000000e+00 +2.9393e+00 -2.0397e+00 +3.1600e+00 +2.8058e+00 +3.4108e+00
127152 +6.038095976e-03 +6.038095976e-03 +3.776038096e+00 +3.770000000e+00 +2.9415e+00 -2.0394e+00 +3.1616e+00 +2.8058e+00 +3.4108e+00
239655 +3.669221354e-03 +3.669221354e-03 +3.773669221e+00 +3.770000000e+00 +2.9415e+00 -2.0394e+00 +3.1628e+00 +2.8058e+00 +3.4108e+00
321484 +9.352400371e-04 +9.352400371e-04 +3.770935240e+00 +3.770000000e+00 +2.9415e+00 -2.0394e+00 +3.1628e+00 +2.8058e+00 +3.4118e+00
403588 +2.919344391e-04 +2.919344391e-04 +3.770291934e+00 +3.770000000e+00 +2.9415e+00 -2.0394e+00 +3.1635e+00 +2.8058e+00 +3.4118e+00
% function evaluation | noise-free fitness - Fopt (3.770000000000e+01) | best noise-free fitness - Fopt | measured fitness | best measured fitness | x1 | x2...
1 +8.240291548e+02 +8.240291548e+02 +8.617291548e+02 +3.770000000e+01 +2.4595e-01 +1.2434e+00 +4.0742e+00 +5.3957e-01 +2.1352e+00
87 +1.061677289e+02 +1.061677289e+02 +1.438677289e+02 +3.770000000e+01 -3.0988e+00 -7.9209e-01 +2.2810e+00 -4.1368e+00 +6.4622e-01
175 +7.826567620e+01 +7.826567620e+01 +1.159656762e+02 +3.770000000e+01 -3.0755e+00 -3.4989e+00 -2.5309e-01 -2.6739e+00 +1.6930e+00
350 +4.769252397e+01 +4.769252397e+01 +8.539252397e+01 +3.770000000e+01 +5.6854e-01 -2.4936e+00 +1.8753e+00 -3.9430e+00 +1.9972e+00
612 +3.354011309e+01 +3.354011309e+01 +7.124011309e+01 +3.770000000e+01 +8.3302e-01 -2.4936e+00 +1.8753e+00 -3.9430e+00 +1.6930e+00
783 +2.270838170e+01 +2.270838170e+01 +6.040838170e+01 +3.770000000e+01 +1.2254e+00 -2.4936e+00 +2.1019e+00 -3.9430e+00 +1.6930e+00
1403 +1.336746202e+01 +1.336746202e+01 +5.106746202e+01 +3.770000000e+01 +1.0498e+00 -7.9209e-01 +2.1019e+00 -3.9430e+00 +1.6930e+00
3807 +9.458412743e+00 +9.458412743e+00 +4.715841274e+01 +3.770000000e+01 +5.5772e-02 -2.3116e+00 +1.9800e+00 -3.9430e+00 +1.6930e+00
19297 +6.026419749e+00 +6.026419749e+00 +4.372641975e+01 +3.770000000e+01 -8.4810e-01 -3.1327e+00 +2.5806e+00 -3.5329e+00 +2.3694e+00
20885 +2.443392313e+00 +2.443392313e+00 +4.014339231e+01 +3.770000000e+01 +1.0681e+00 -3.1391e+00 +2.5806e+00 -3.5329e+00 +2.3694e+00
21422 +1.466130509e+00 +1.466130509e+00 +3.916613051e+01 +3.770000000e+01 +1.0681e+00 -2.3689e+00 +2.5806e+00 -3.5433e+00 +2.3694e+00
42425 +6.380881080e-01 +6.380881080e-01 +3.833808811e+01 +3.770000000e+01 +1.0782e+00 -2.3689e+00 +2.6088e+00 -3.5433e+00 +2.3694e+00
42889 +6.045855846e-01 +6.045855846e-01 +3.830458558e+01 +3.770000000e+01 +1.0782e+00 -2.3689e+00 +2.6088e+00 -3.5474e+00 +2.3694e+00
42987 +3.948746620e-01 +3.948746620e-01 +3.809487466e+01 +3.770000000e+01 +1.0782e+00 -2.3298e+00 +2.6088e+00 -3.5433e+00 +2.3694e+00
45824 +8.762644738e-02 +8.762644738e-02 +3.778762645e+01 +3.770000000e+01 +1.1142e+00 -2.3298e+00 +2.6088e+00 -3.5474e+00 +2.3694e+00
59956 +5.639965116e-02 +5.639965116e-02 +3.775639965e+01 +3.770000000e+01 +1.1142e+00 -2.3486e+00 +2.6116e+00 -3.5474e+00 +2.3694e+00
82878 +3.054322100e-02 +3.054322100e-02 +3.773054322e+01 +3.770000000e+01 +1.1142e+00 -2.3356e+00 +2.6119e+00 -3.5474e+00 +2.3706e+00
82975 +2.107426275e-02 +2.107426275e-02 +3.772107426e+01 +3.770000000e+01 +1.1142e+00 -2.3410e+00 +2.6119e+00 -3.5474e+00 +2.3706e+00
124907 +1.542304239e-02 +1.542304239e-02 +3.771542304e+01 +3.770000000e+01 +1.1138e+00 -2.3410e+00 +2.6119e+00 -3.5474e+00 +2.3706e+00
144912 +8.951520391e-03 +8.951520391e-03 +3.770895152e+01 +3.770000000e+01 +1.1137e+00 -2.3410e+00 +2.6119e+00 -3.5492e+00 +2.3706e+00
229714 +4.771980355e-03 +4.771980355e-03 +3.770477198e+01 +3.770000000e+01 +1.1129e+00 -2.3410e+00 +2.6116e+00 -3.5511e+00 +2.3717e+00
265597 +1.252889370e-03 +1.252889370e-03 +3.770125289e+01 +3.770000000e+01 +1.1135e+00 -2.3410e+00 +2.6119e+00 -3.5492e+00 +2.3729e+00
328500 +6.383872192e-04 +6.383872192e-04 +3.770063839e+01 +3.770000000e+01 +1.1137e+00 -2.3410e+00 +2.6119e+00 -3.5492e+00 +2.3725e+00
398395 +5.008687203e-04 +5.008687203e-04 +3.770050087e+01 +3.770000000e+01 +1.1136e+00 -2.3410e+00 +2.6119e+00 -3.5494e+00 +2.3728e+00
433856 +2.731493788e-04 +2.731493788e-04 +3.770027315e+01 +3.770000000e+01 +1.1136e+00 -2.3410e+00 +2.6119e+00 -3.5494e+00 +2.3725e+00
% function evaluation | noise-free fitness - Fopt (6.956900000000e+02) | best noise-free fitness - Fopt | measured fitness | best measured fitness | x1 | x2...
1 +9.863369129e+02 +9.863369129e+02 +1.682026913e+03 +6.956900000e+02 +3.0084e+00 +3.8136e-01 -3.0125e+00 +4.2357e+00 +1.2275e+00
94 +9.417297037e+01 +9.417297037e+01 +7.898629704e+02 +6.956900000e+02 +4.0068e-01 -9.9236e-01 +3.0616e+00 +4.0834e+00 -1.5964e+00
473 +5.677633824e+01 +5.677633824e+01 +7.524663382e+02 +6.956900000e+02 +2.9013e+00 -2.7397e+00 +9.9716e-01 +3.2285e+00 +2.6343e-02
944 +3.379358291e+01 +3.379358291e+01 +7.294835829e+02 +6.956900000e+02 +2.9013e+00 -2.6661e+00 +2.7335e+00 +3.6351e+00 +4.6596e-02
1221 +1.244289426e+01 +1.244289426e+01 +7.081328943e+02 +6.956900000e+02 +3.1688e+00 -2.4163e+00 +2.7335e+00 +3.1884e+00 +2.6343e-02
1701 +8.967155964e+00 +8.967155964e+00 +7.046571560e+02 +6.956900000e+02 +3.2349e+00 -2.4163e+00 +2.7419e+00 +3.6351e+00 +2.6343e-02
1986 +3.339840591e+00 +3.339840591e+00 +6.990298406e+02 +6.956900000e+02 +3.2349e+00 -2.4163e+00 +2.7335e+00 +3.6351e+00 +2.8975e-01
2931 +1.445770768e+00 +1.445770768e+00 +6.971357708e+02 +6.956900000e+02 +3.2778e+00 -2.4163e+00 +3.3586e+00 +3.6351e+00 +2.8975e-01
3590 +4.173683047e-01 +4.173683047e-01 +6.961073683e+02 +6.956900000e+02 +3.2778e+00 -3.2420e+00 +3.3586e+00 +3.6351e+00 +2.8975e-01
21159 +3.454497853e-01 +3.454497853e-01 +6.960354498e+02 +6.956900000e+02 +3.2778e+00 -3.2420e+00 +3.3586e+00 +3.6322e+00 +2.8975e-01
21505 +1.675483775e-01 +1.675483775e-01 +6.958575484e+02 +6.956900000e+02 +3.2778e+00 -3.2420e+00 +3.3586e+00 +3.6127e+00 +2.8975e-01
38713 +1.143799252e-01 +1.143799252e-01 +6.958043799e+02 +6.956900000e+02 +3.2778e+00 -3.2483e+00 +3.3586e+00 +3.6127e+00 +2.8975e-01
39496 +8.710992727e-02 +8.710992727e-02 +6.957771099e+02 +6.956900000e+02 +3.2778e+00 -3.2483e+00 +3.3655e+00 +3.6127e+00 +2.8975e-01
40179 +5.249031056e-02 +5.249031056e-02 +6.957424903e+02 +6.956900000e+02 +3.2778e+00 -3.2607e+00 +3.3655e+00 +3.6127e+00 +2.8975e-01
51354 +3.295623402e-02 +3.295623402e-02 +6.957229562e+02 +6.956900000e+02 +3.2823e+00 -3.2590e+00 +3.3586e+00 +3.6180e+00 +2.8975e-01
58794 +1.245500947e-02 +1.245500947e-02 +6.957024550e+02 +6.956900000e+02 +3.2778e+00 -3.2607e+00 +3.3655e+00 +3.6195e+00 +2.8903e-01
79863 +4.453275724e-03 +4.453275724e-03 +6.956944533e+02 +6.956900000e+02 +3.2823e+00 -3.2602e+00 +3.3655e+00 +3.6195e+00 +2.8903e-01
92295 +3.036865501e-03 +3.036865501e-03 +6.956930369e+02 +6.956900000e+02 +3.2823e+00 -3.2590e+00 +3.3648e+00 +3.6173e+00 +2.8958e-01
141353 +2.326761945e-03 +2.326761945e-03 +6.956923268e+02 +6.956900000e+02 +3.2847e+00 -3.2590e+00 +3.3655e+00 +3.6195e+00 +2.8903e-01
141451 +9.781233364e-04 +9.781233364e-04 +6.956909781e+02 +6.956900000e+02 +3.2847e+00 -3.2590e+00 +3.3655e+00 +3.6181e+00 +2.8903e-01
221994 +2.935118307e-04 +2.935118307e-04 +6.956902935e+02 +6.956900000e+02 +3.2847e+00 -3.2590e+00 +3.3655e+00 +3.6181e+00 +2.8948e-01
223399 +1.370594672e-04 +1.370594672e-04 +6.956901371e+02 +6.956900000e+02 +3.2848e+00 -3.2584e+00 +3.3655e+00 +3.6181e+00 +2.8958e-01
% function evaluation | noise-free fitness - Fopt (-1.180300000000e+02) | best noise-free fitness - Fopt | measured fitness | best measured fitness | x1 | x2...
1 +1.031748580e+03 +1.031748580e+03 +9.137185798e+02 -1.180300000e+02 +3.8959e+00 +4.9924e+00 +8.0444e-01 -9.6250e-01 +1.5641e+00
95 +8.587356962e+01 +8.587356962e+01 -3.215643038e+01 -1.180300000e+02 -2.0051e-01 +3.2799e+00 -1.8569e-01 -2.1622e+00 +2.9240e+00
282 +4.678082729e+01 +4.678082729e+01 -7.124917271e+01 -1.180300000e+02 -9.2830e-03 +4.2206e+00 -1.1329e+00 -4.2379e+00 +3.7827e+00
375 +3.529090310e+01 +3.529090310e+01 -8.273909690e+01 -1.180300000e+02 -9.2830e-03 +4.2206e+00 -1.1329e+00 -2.8428e+00 +3.7827e+00
661 +2.252191810e+01 +2.252191810e+01 -9.550808190e+01 -1.180300000e+02 -7.9153e-01 +4.2206e+00 -8.3251e-01 -3.5042e+00 +3.7354e+00
951 +1.413726547e+01 +1.413726547e+01 -1.038927345e+02 -1.180300000e+02 -9.2830e-03 +4.2206e+00 +3.2568e-01 -3.5059e+00 +3.7827e+00
1336 +8.702555199e+00 +8.702555199e+00 -1.093274448e+02 -1.180300000e+02 -9.2830e-03 +4.2206e+00 +2.4536e-01 -3.1229e+00 +3.7827e+00
2288 +6.106422292e+00 +6.106422292e+00 -1.119235777e+02 -1.180300000e+02 +1.0362e+00 +2.7277e+00 +3.2568e-01 -3.1662e+00 +3.7827e+00
11988 +3.796243942e+00 +3.796243942e+00 -1.142337561e+02 -1.180300000e+02 +9.2535e-02 +3.5692e+00 +2.4812e-01 -2.7159e+00 +3.4943e+00
12901 +2.389709560e+00 +2.389709560e+00 -1.156402904e+02 -1.180300000e+02 +9.2535e-02 +3.5692e+00 +2.6334e-01 -2.7159e+00 +3.7947e+00
14279 +1.296344475e+00 +1.296344475e+00 -1.167336555e+02 -1.180300000e+02 +9.2535e-02 +3.5692e+00 +2.6334e-01 -3.1522e+00 +3.7947e+00
27450 +5.239635056e-01 +5.239635056e-01 -1.175060365e+02 -1.180300000e+02 +1.0729e+00 +3.5446e+00 +2.8073e-01 -3.1521e+00 +3.7903e+00
40308 +3.289927254e-01 +3.289927254e-01 -1.177010073e+02 -1.180300000e+02 +1.0768e+00 +3.5418e+00 +2.7941e-01 -3.1428e+00 +3.7962e+00
55705 +7.166921566e-02 +7.166921566e-02 -1.179583308e+02 -1.180300000e+02 +1.0653e+00 +3.5637e+00 +2.7661e-01 -3.1487e+00 +3.8020e+00
67410 +4.982714989e-02 +4.982714989e-02 -1.179801729e+02 -1.180300000e+02 +1.0696e+00 +3.5637e+00 +2.7661e-01 -3.1487e+00 +3.8020e+00
69297 +3.689526227e-02 +3.689526227e-02 -1.179931047e+02 -1.180300000e+02 +1.0782e+00 +3.5637e+00 +2.7661e-01 -3.1487e+00 +3.8020e+00
83444 +8.891873525e-03 +8.891873525e-03 -1.180211081e+02 -1.180300000e+02 +1.0768e+00 +3.5671e+00 +2.7879e-01 -3.1496e+00 +3.7997e+00
106833 +5.570223933e-03 +5.570223933e-03 -1.180244298e+02 -1.180300000e+02 +1.0768e+00 +3.5671e+00 +2.7879e-01 -3.1497e+00 +3.8002e+00
149009 +1.900373366e-03 +1.900373366e-03 -1.180280996e+02 -1.180300000e+02 +1.0768e+00 +3.5658e+00 +2.7879e-01 -3.1497e+00 +3.8011e+00
153874 +1.355558021e-03 +1.355558021e-03 -1.180286444e+02 -1.180300000e+02 +1.0768e+00 +3.5658e+00 +2.7879e-01 -3.1505e+00 +3.8011e+00
256816 +8.732835717e-04 +8.732835717e-04 -1.180291267e+02 -1.180300000e+02 +1.0780e+00 +3.5658e+00 +2.7879e-01 -3.1505e+00 +3.8011e+00
313061 +3.808093087e-04 +3.808093087e-04 -1.180296192e+02 -1.180300000e+02 +1.0780e+00 +3.5658e+00 +2.7879e-01 -3.1508e+00 +3.8016e+00
313241 +2.037953064e-04 +2.037953064e-04 -1.180297962e+02 -1.180300000e+02 +1.0780e+00 +3.5658e+00 +2.7879e-01 -3.1505e+00 +3.8016e+00
% function evaluation | noise-free fitness - Fopt (4.816000000000e+01) | best noise-free fitness - Fopt | measured fitness | best measured fitness | x1 | x2...
1 +6.382155200e+02 +6.382155200e+02 +6.863755200e+02 +4.816000000e+01 +2.4776e+00 -1.6091e+00 -3.8505e+00 +3.3947e+00 +2.2257e+00
93 +1.067772713e+02 +1.067772713e+02 +1.549372713e+02 +4.816000000e+01 -1.9159e-01 +2.7787e+00 +2.3748e+00 +1.7620e-01 +9.6038e-01
191 +5.988497786e+01 +5.988497786e+01 +1.080449779e+02 +4.816000000e+01 -2.0001e+00 +6.3597e-01 +2.9047e+00 -1.1724e+00 +7.2908e-01
667 +3.592645285e+01 +3.592645285e+01 +8.408645285e+01 +4.816000000e+01 -1.6607e+00 -3.7677e+00 +2.9047e+00 -1.1724e+00 +1.1827e+00
854 +2.485407224e+01 +2.485407224e+01 +7.301407224e+01 +4.816000000e+01 -1.5452e+00 +1.4336e-01 +2.9047e+00 -1.1724e+00 +1.5095e+00
1046 +1.261486615e+01 +1.261486615e+01 +6.077486615e+01 +4.816000000e+01 -7.3377e-01 +1.4336e-01 +2.9047e+00 -1.1724e+00 +1.5095e+00
2486 +9.741735759e+00 +9.741735759e+00 +5.790173576e+01 +4.816000000e+01 -6.1876e-01 -6.4820e-02 +2.9047e+00 -1.6122e+00 +1.5095e+00
6328 +5.623587535e+00 +5.623587535e+00 +5.378358753e+01 +4.816000000e+01 +1.2726e+00 -7.9525e-01 +3.4079e+00 -1.5448e+00 +1.8289e+00
6426 +2.544874665e+00 +2.544874665e+00 +5.070487467e+01 +4.816000000e+01 +1.2726e+00 -7.9525e-01 +3.4681e+00 -1.5448e+00 +1.8289e+00
6525 +2.427434196e+00 +2.427434196e+00 +5.058743420e+01 +4.816000000e+01 +1.2862e+00 -7.9525e-01 +3.4681e+00 -1.5448e+00 +1.8289e+00
8089 +1.497757037e+00 +1.497757037e+00 +4.965775704e+01 +4.816000000e+01 +1.2862e+00 -7.7282e-01 +3.4875e+00 -1.5448e+00 +1.8289e+00
9167 +6.246544355e-01 +6.246544355e-01 +4.878465444e+01 +4.816000000e+01 +1.2862e+00 -7.6166e-01 +3.4878e+00 -1.5605e+00 +1.8289e+00
18816 +2.844326971e-01 +2.844326971e-01 +4.844443270e+01 +4.816000000e+01 +1.2862e+00 -7.6166e-01 +3.4878e+00 -1.5909e+00 +1.8289e+00
22273 +2.273237470e-01 +2.273237470e-01 +4.838732375e+01 +4.816000000e+01 +1.2862e+00 -7.5366e-01 +3.4878e+00 -1.5909e+00 +1.8301e+00
37836 +1.135746648e-01 +1.135746648e-01 +4.827357466e+01 +4.816000000e+01 +1.2862e+00 -7.5366e-01 +3.4878e+00 -1.5745e+00 +1.8331e+00
39043 +6.965315978e-02 +6.965315978e-02 +4.822965316e+01 +4.816000000e+01 +1.2992e+00 -7.5366e-01 +3.4878e+00 -1.5745e+00 +1.8331e+00
46493 +5.211029413e-02 +5.211029413e-02 +4.821211029e+01 +4.816000000e+01 +1.2879e+00 -7.5366e-01 +3.4878e+00 -1.5792e+00 +1.8346e+00
74271 +2.863034043e-02 +2.863034043e-02 +4.818863034e+01 +4.816000000e+01 +1.2998e+00 -7.4943e-01 +3.4878e+00 -1.5784e+00 +1.8334e+00
79289 +2.221833474e-02 +2.221833474e-02 +4.818221833e+01 +4.816000000e+01 +1.2993e+00 -7.5226e-01 +3.4913e+00 -1.5792e+00 +1.8331e+00
84216 +1.203615567e-02 +1.203615567e-02 +4.817203616e+01 +4.816000000e+01 +1.2963e+00 -7.5226e-01 +3.4913e+00 -1.5792e+00 +1.8349e+00
88961 +9.590589654e-03 +9.590589654e-03 +4.816959059e+01 +4.816000000e+01 +1.2972e+00 -7.5176e-01 +3.4913e+00 -1.5792e+00 +1.8349e+00
94603 +5.779246627e-03 +5.779246627e-03 +4.816577925e+01 +4.816000000e+01 +1.2993e+00 -7.5226e-01 +3.4913e+00 -1.5817e+00 +1.8349e+00
126503 +1.752821839e-03 +1.752821839e-03 +4.816175282e+01 +4.816000000e+01 +1.2998e+00 -7.4943e-01 +3.4913e+00 -1.5811e+00 +1.8360e+00
164123 +5.839066443e-04 +5.839066443e-04 +4.816058391e+01 +4.816000000e+01 +1.2998e+00 -7.5129e-01 +3.4909e+00 -1.5811e+00 +1.8360e+00
255919 +3.339472338e-04 +3.339472338e-04 +4.816033395e+01 +4.816000000e+01 +1.2998e+00 -7.5008e-01 +3.4910e+00 -1.5811e+00 +1.8360e+00
469288 +1.451293143e-04 +1.451293143e-04 +4.816014513e+01 +4.816000000e+01 +1.3006e+00 -7.5091e-01 +3.4910e+00 -1.5808e+00 +1.8360e+00
% function evaluation | noise-free fitness - Fopt (8.384000000000e+01) | best noise-free fitness - Fopt | measured fitness | best measured fitness | x1 | x2...
1 +9.025128074e+02 +9.025128074e+02 +9.863528074e+02 +8.384000000e+01 +4.1282e+00 -1.1132e+00 +1.4162e+00 -2.2509e+00 -2.3532e+00
99 +1.128083728e+02 +1.128083728e+02 +1.966483728e+02 +8.384000000e+01 +1.4980e+00 +3.4837e+00 -1.8919e+00 -1.4630e+00 +1.6321e+00
285 +8.825326086e+01 +8.825326086e+01 +1.720932609e+02 +8.384000000e+01 -4.1209e+00 +4.3822e+00 +1.8572e-01 +2.7489e-01 +1.1327e+00
560 +5.387505309e+01 +5.387505309e+01 +1.377150531e+02 +8.384000000e+01 +1.4980e+00 +1.0914e+00 +1.8572e-01 +2.7489e-01 +1.1327e+00
932 +3.415700632e+01 +3.415700632e+01 +1.179970063e+02 +8.384000000e+01 +1.4980e+00 +4.3822e+00 +1.0250e+00 +2.7489e-01 +1.1327e+00
1495 +2.372275053e+01 +2.372275053e+01 +1.075627505e+02 +8.384000000e+01 +1.4980e+00 +4.3822e+00 +8.7910e-01 +2.7489e-01 +1.4316e+00
1963 +1.391620673e+01 +1.391620673e+01 +9.775620673e+01 +8.384000000e+01 +1.6538e+00 +4.3822e+00 +8.7910e-01 +3.2076e-01 +1.1327e+00
2432 +9.523127037e+00 +9.523127037e+00 +9.336312704e+01 +8.384000000e+01 +1.6538e+00 +4.3822e+00 +1.4088e+00 +3.5921e-01 +8.1637e-01
3192 +5.615041587e+00 +5.615041587e+00 +8.945504159e+01 +8.384000000e+01 +1.6538e+00 +4.3822e+00 +1.4088e+00 +3.7337e-01 +1.5112e+00
3758 +3.259730371e+00 +3.259730371e+00 +8.709973037e+01 +8.384000000e+01 +1.6538e+00 +3.4626e+00 +1.4088e+00 -4.4251e-01 +1.5112e+00
16499 +2.249120467e+00 +2.249120467e+00 +8.608912047e+01 +8.384000000e+01 +6.8496e-01 +3.4919e+00 +1.4126e+00 +3.9526e-01 +1.4778e+00
23043 +1.539636007e+00 +1.539636007e+00 +8.537963601e+01 +8.384000000e+01 +6.6501e-01 +3.5058e+00 +1.4171e+00 -5.3051e-02 +1.4690e+00
31958 +2.107193788e-01 +2.107193788e-01 +8.405071938e+01 +8.384000000e+01 +1.6538e+00 +3.5242e+00 +1.4088e+00 -4.1251e-02 +1.4794e+00
45543 +5.673788423e-02 +5.673788423e-02 +8.389673788e+01 +8.384000000e+01 +1.6580e+00 +3.5058e+00 +1.4126e+00 -3.5396e-02 +1.4808e+00
64427 +2.936228661e-02 +2.936228661e-02 +8.386936229e+01 +8.384000000e+01 +1.6580e+00 +3.5006e+00 +1.4126e+00 -3.8252e-02 +1.4808e+00
110056 +1.195498516e-02 +1.195498516e-02 +8.385195499e+01 +8.384000000e+01 +1.6638e+00 +3.5011e+00 +1.4126e+00 -4.2775e-02 +1.4808e+00
119227 +4.274291529e-03 +4.274291529e-03 +8.384427429e+01 +8.384000000e+01 +1.6638e+00 +3.5048e+00 +1.4155e+00 -4.0070e-02 +1.4808e+00
126972 +3.266430269e-03 +3.266430269e-03 +8.384326643e+01 +8.384000000e+01 +1.6638e+00 +3.5048e+00 +1.4147e+00 -4.1251e-02 +1.4808e+00
128843 +2.126006346e-03 +2.126006346e-03 +8.384212601e+01 +8.384000000e+01 +1.6638e+00 +3.5048e+00 +1.4160e+00 -4.1251e-02 +1.4808e+00
171027 +1.348175432e-03 +1.348175432e-03 +8.384134818e+01 +8.384000000e+01 +1.6638e+00 +3.5035e+00 +1.4155e+00 -4.1575e-02 +1.4808e+00
195263 +9.882080484e-04 +9.882080484e-04 +8.384098821e+01 +8.384000000e+01 +1.6638e+00 +3.5027e+00 +1.4155e+00 -4.2246e-02 +1.4813e+00
215799 +5.189637717e-04 +5.189637717e-04 +8.384051896e+01 +8.384000000e+01 +1.6638e+00 +3.5027e+00 +1.4160e+00 -4.1251e-02 +1.4813e+00
261022 +3.720701867e-04 +3.720701867e-04 +8.384037207e+01 +8.384000000e+01 +1.6638e+00 +3.5027e+00 +1.4160e+00 -4.1575e-02 +1.4813e+00
410122 +2.479936541e-04 +2.479936541e-04 +8.384024799e+01 +8.384000000e+01 +1.6638e+00 +3.5036e+00 +1.4160e+00 -4.1575e-02 +1.4813e+00
417110 +1.124222785e-04 +1.124222785e-04 +8.384011242e+01 +8.384000000e+01 +1.6638e+00 +3.5036e+00 +1.4160e+00 -4.1575e-02 +1.4815e+00
433083 +9.153222933e-05 +9.153222933e-05 +8.384009153e+01 +8.384000000e+01 +1.6638e+00 +3.5036e+00 +1.4160e+00 -4.1575e-02 +1.4815e+00
% function evaluation | noise-free fitness - Fopt (1.536000000000e+01) | best noise-free fitness - Fopt | measured fitness | best measured fitness | x1 | x2...
1 +3.690703860e+02 +3.690703860e+02 +3.844303860e+02 +1.536000000e+01 +2.4269e+00 -5.8346e-01 +9.2610e-01 -4.5163e+00 -2.3582e+00
100 +6.810020721e+01 +6.810020721e+01 +8.346020721e+01 +1.536000000e+01 +1.7713e+00 +1.3013e+00 +2.0763e+00 -4.0913e+00 +2.9165e+00
198 +5.566589248e+01 +5.566589248e+01 +7.102589248e+01 +1.536000000e+01 -2.9522e-01 -7.8357e-01 +2.5282e+00 -1.7689e+00 +2.9165e+00
693 +3.127889670e+01 +3.127889670e+01 +4.663889670e+01 +1.536000000e+01 -2.9522e-01 +2.2215e+00 +2.6002e+00 -1.7689e+00 +2.7951e+00
889 +2.300353280e+01 +2.300353280e+01 +3.836353280e+01 +1.536000000e+01 +1.7713e+00 +2.2846e+00 +2.6002e+00 -1.7689e+00 +2.7886e+00
1573 +1.413117693e+01 +1.413117693e+01 +2.949117693e+01 +1.536000000e+01 +1.7713e+00 +2.2846e+00 +2.4538e+00 -2.2389e+00 +2.7951e+00
1770 +4.311690178e+00 +4.311690178e+00 +1.967169018e+01 +1.536000000e+01 +1.7713e+00 +2.2846e+00 +2.4297e+00 -2.5320e+00 +2.7886e+00
1870 +2.927367859e+00 +2.927367859e+00 +1.828736786e+01 +1.536000000e+01 +1.7713e+00 +1.5931e+00 +2.4297e+00 -2.5320e+00 +2.7886e+00
2069 +2.408351152e+00 +2.408351152e+00 +1.776835115e+01 +1.536000000e+01 +1.7713e+00 +1.5931e+00 +2.4538e+00 -2.5320e+00 +2.7886e+00
4530 +1.360750980e+00 +1.360750980e+00 +1.672075098e+01 +1.536000000e+01 +1.7713e+00 +1.6711e+00 +2.4751e+00 -2.5485e+00 +2.7951e+00
35689 +6.458928213e-01 +6.458928213e-01 +1.600589282e+01 +1.536000000e+01 +1.7476e+00 +1.6171e+00 +3.0503e+00 -2.5478e+00 +2.7912e+00
35780 +4.183541663e-01 +4.183541663e-01 +1.577835417e+01 +1.536000000e+01 +1.7476e+00 +1.6171e+00 +3.0639e+00 -2.5478e+00 +2.7912e+00
46270 +6.650807940e-02 +6.650807940e-02 +1.542650808e+01 +1.536000000e+01 +1.7648e+00 +1.6447e+00 +3.0609e+00 -2.5485e+00 +2.7951e+00
68877 +5.906394562e-02 +5.906394562e-02 +1.541906395e+01 +1.536000000e+01 +1.7680e+00 +1.6447e+00 +3.0679e+00 -2.5454e+00 +2.7912e+00
74266 +3.872020518e-02 +3.872020518e-02 +1.539872021e+01 +1.536000000e+01 +1.7662e+00 +1.6447e+00 +3.0640e+00 -2.5485e+00 +2.7951e+00
74361 +2.039996170e-02 +2.039996170e-02 +1.538039996e+01 +1.536000000e+01 +1.7648e+00 +1.6442e+00 +3.0679e+00 -2.5485e+00 +2.7951e+00
74448 +1.082732678e-02 +1.082732678e-02 +1.537082733e+01 +1.536000000e+01 +1.7648e+00 +1.6442e+00 +3.0679e+00 -2.5454e+00 +2.7951e+00
115426 +6.012014518e-03 +6.012014518e-03 +1.536601201e+01 +1.536000000e+01 +1.7680e+00 +1.6442e+00 +3.0679e+00 -2.5454e+00 +2.7951e+00
176699 +3.760376706e-03 +3.760376706e-03 +1.536376038e+01 +1.536000000e+01 +1.7680e+00 +1.6434e+00 +3.0686e+00 -2.5455e+00 +2.7951e+00
332518 +2.436193701e-03 +2.436193701e-03 +1.536243619e+01 +1.536000000e+01 +1.7696e+00 +1.6434e+00 +3.0686e+00 -2.5455e+00 +2.7955e+00
336069 +1.015320998e-03 +1.015320998e-03 +1.536101532e+01 +1.536000000e+01 +1.7696e+00 +1.6432e+00 +3.0695e+00 -2.5455e+00 +2.7955e+00
434074 +5.037096328e-04 +5.037096328e-04 +1.536050371e+01 +1.536000000e+01 +1.7696e+00 +1.6431e+00 +3.0703e+00 -2.5456e+00 +2.7960e+00
