% function evaluation | noise-free fitness - Fopt (-4.620900000000e+02) | best noise-free fitness - Fopt | measured fitness | best measured fitness | x1 | x2...
1 +5.289311098e+02 +5.289311098e+02 +6.684110983e+01 -4.620900000e+02 -2.0391e+00 +1.6989e-01 -3.4892e+00 +4.8694e+00 +3.0086e+00 +2.5306e+00 +1.4477e+00 +1.9244e+00 -2.4559e+00 +1.7760e+00
198 +2.112363899e+02 +2.112363899e+02 -2.508536101e+02 -4.620900000e+02 -3.4401e+00 +4.1750e+00 +2.3646e+00 +2.0395e-01 +1.6026e+00 +1.4560e+00 +2.1730e-01 -3.8997e-01 +1.3763e-01 +5.2530e-01
987 +1.554350725e+02 +1.554350725e+02 -3.066549275e+02 -4.620900000e+02 -3.8286e-01 +4.1750e+00 +2.2005e+00 +2.0395e-01 +2.4698e+00 +3.4823e+00 +9.5694e-02 +3.4502e+00 +1.3763e-01 +5.2530e-01
1786 +9.311202426e+01 +9.311202426e+01 -3.689779757e+02 -4.620900000e+02 +1.7240e+00 +3.1838e+00 +1.5132e+00 -1.2747e+00 +2.2527e+00 +2.1807e+00 +1.5891e+00 +4.3992e+00 +1.4035e+00 +9.2322e-01
2184 +6.262664867e+01 +6.262664867e+01 -3.994633513e+02 -4.620900000e+02 +1.1183e+00 +3.1838e+00 +1.5132e+00 -1.2747e+00 +2.2527e+00 +2.1807e+00 +1.5891e+00 +2.4386e+00 +1.4035e+00 +4.6591e-02
2779 +3.880646441e+01 +3.880646441e+01 -4.232835356e+02 -4.620900000e+02 +1.2563e+00 +3.2848e+00 +2.2005e+00 -1.1133e+00 +2.3489e+00 +2.1807e+00 +1.5891e+00 +2.5273e+00 +1.4035e+00 +4.6591e-02
3372 +2.398574294e+01 +2.398574294e+01 -4.381042571e+02 -4.620900000e+02 +1.2563e+00 +3.1838e+00 +2.2005e+00 +1.5198e+00 +2.2527e+00 +2.1807e+00 +1.5891e+00 +2.5273e+00 +1.4035e+00 +4.6591e-02
5736 +1.560896997e+01 +1.560896997e+01 -4.464810300e+02 -4.620900000e+02 +1.3833e+00 +3.1838e+00 +2.2005e+00 +6.7367e-01 +2.2527e+00 +2.1807e+00 +1.5891e+00 +1.7473e+00 +1.7810e+00 +4.6591e-02
6529 +9.081452570e+00 +9.081452570e+00 -4.530085474e+02 -4.620900000e+02 +1.3833e+00 +2.2760e+00 +2.2005e+00 +1.5198e+00 +2.2527e+00 +2.1807e+00 +2.0827e+00 +2.2061e+00 +1.7810e+00 -2.4528e-01
8504 +5.554629184e+00 +5.554629184e+00 -4.565353708e+02 -4.620900000e+02 +2.3318e+00 +2.2760e+00 +2.2005e+00 +6.7367e-01 +2.2527e+00 +2.1807e+00 +2.0827e+00 +2.2061e+00 +1.7810e+00 +5.3793e-02
38330 +3.798749944e+00 +3.798749944e+00 -4.582912501e+02 -4.620900000e+02 +2.3427e+00 +2.2857e+00 +2.1955e+00 +1.4968e+00 +2.2908e+00 +2.1768e+00 +2.5496e+00 +2.6019e+00 +1.8040e+00 +3.7169e-01
39816 +2.509539214e+00 +2.509539214e+00 -4.595804608e+02 -4.620900000e+02 +2.3427e+00 +2.2857e+00 +2.1955e+00 +1.3436e+00 +2.2908e+00 +2.1768e+00 +2.5496e+00 +2.5834e+00 +1.8040e+00 +4.6244e-02
45454 +1.528626110e+00 +1.528626110e+00 -4.605613739e+02 -4.620900000e+02 +2.3427e+00 +2.2857e+00 +2.1955e+00 +7.5396e-01 +2.2908e+00 +2.1768e+00 +2.5496e+00 +2.6019e+00 +1.8040e+00 +4.6244e-02
78219 +9.554864856e-01 +9.554864856e-01 -4.611345135e+02 -4.620900000e+02 +2.3427e+00 +2.2975e+00 +2.2065e+00 +6.8710e-01 +2.2908e+00 +2.1768e+00 +2.5460e+00 +2.6019e+00 +1.8033e+00 +5.8560e-02
79092 +6.084669829e-01 +6.084669829e-01 -4.614815330e+02 -4.620900000e+02 +2.3318e+00 +2.2975e+00 +2.1955e+00 +6.9978e-01 +2.2908e+00 +2.1768e+00 +2.5460e+00 +2.6019e+00 +1.8040e+00 +5.8560e-02
80637 +2.323957050e-01 +2.323957050e-01 -4.618576043e+02 -4.620900000e+02 +2.3318e+00 +2.2975e+00 +2.1955e+00 +7.1655e-01 +2.2908e+00 +2.1768e+00 +2.5460e+00 +2.6019e+00 +1.8033e+00 +5.8560e-02
81179 +1.347100968e-01 +1.347100968e-01 -4.619552899e+02 -4.620900000e+02 +2.3318e+00 +2.2975e+00 +2.2071e+00 +7.1655e-01 +2.2908e+00 +2.1768e+00 +2.5460e+00 +2.6019e+00 +1.8033e+00 +5.8560e-02
82389 +8.216228394e-02 +8.216228394e-02 -4.620078377e+02 -4.620900000e+02 +2.3318e+00 +2.2975e+00 +2.2071e+00 +7.2969e-01 +2.2908e+00 +2.1768e+00 +2.5460e+00 +2.6019e+00 +1.8033e+00 +5.8560e-02
119295 +6.289482101e-02 +6.289482101e-02 -4.620271052e+02 -4.620900000e+02 +2.3388e+00 +2.2975e+00 +2.2071e+00 +7.2969e-01 +2.2917e+00 +2.1768e+00 +2.5460e+00 +2.6019e+00 +1.8033e+00 +5.8560e-02
156765 +3.570755971e-02 +3.570755971e-02 -4.620542924e+02 -4.620900000e+02 +2.3407e+00 +2.2975e+00 +2.2071e+00 +7.2969e-01 +2.2982e+00 +2.1768e+00 +2.5460e+00 +2.6019e+00 +1.8033e+00 +5.8560e-02
189535 +2.375581769e-02 +2.375581769e-02 -4.620662442e+02 -4.620900000e+02 +2.3407e+00 +2.2975e+00 +2.2139e+00 +7.2822e-01 +2.2960e+00 +2.1768e+00 +2.5460e+00 +2.6010e+00 +1.8033e+00 +5.8560e-02
230286 +1.433765028e-02 +1.433765028e-02 -4.620756623e+02 -4.620900000e+02 +2.3407e+00 +2.2983e+00 +2.2130e+00 +7.2822e-01 +2.2960e+00 +2.1748e+00 +2.5460e+00 +2.5970e+00 +1.8033e+00 +5.8560e-02
374505 +7.009929998e-03 +7.009929998e-03 -4.620829901e+02 -4.620900000e+02 +2.3407e+00 +2.2983e+00 +2.2112e+00 +7.2822e-01 +2.2991e+00 +2.1748e+00 +2.5463e+00 +2.5981e+00 +1.8033e+00 +5.8560e-02
426580 +5.396943934e-03 +5.396943934e-03 -4.620846031e+02 -4.620900000e+02 +2.3407e+00 +2.3008e+00 +2.2123e+00 +7.2969e-01 +2.2987e+00 +2.1768e+00 +2.5469e+00 +2.5982e+00 +1.8033e+00 +5.7548e-02
426938 +3.181075245e-03 +3.181075245e-03 -4.620868189e+02 -4.620900000e+02 +2.3407e+00 +2.3008e+00 +2.2123e+00 +7.2819e-01 +2.2987e+00 +2.1759e+00 +2.5469e+00 +2.5982e+00 +1.8033e+00 +5.7548e-02
597670 +1.393578249e-03 +1.393578249e-03 -4.620886064e+02 -4.620900000e+02 +2.3407e+00 +2.2984e+00 +2.2136e+00 +7.2811e-01 +2.2991e+00 +2.1751e+00 +2.5463e+00 +2.5982e+00 +1.8030e+00 +5.7548e-02
598808 +8.282317999e-04 +8.282317999e-04 -4.620891718e+02 -4.620900000e+02 +2.3407e+00 +2.2996e+00 +2.2136e+00 +7.2811e-01 +2.2991e+00 +2.1751e+00 +2.5463e+00 +2.5982e+00 +1.8030e+00 +5.7548e-02
634254 +2.493223201e-04 +2.493223201e-04 -4.620897507e+02 -4.620900000e+02 +2.3407e+00 +2.2996e+00 +2.2136e+00 +7.2811e-01 +2.2991e+00 +2.1751e+00 +2.5469e+00 +2.5982e+00 +1.8030e+00 +5.7548e-02
% function evaluation | noise-free fitness - Fopt (7.766000000000e+01) | best noise-free fitness - Fopt | measured fitness | best measured fitness | x1 | x2...
1 +2.974774663e+03 +2.974774663e+03 +3.052434663e+03 +7.766000000e+01 +3.5231e+00 +4.0346e+00 +4.6189e+00 +1.7805e+00 -4.2196e+00 -3.8223e+00 -5.4916e-01 +3.8539e+00 -4.8908e+00 +2.8775e+00
189 +2.344923939e+02 +2.344923939e+02 +3.121523939e+02 +7.766000000e+01 +2.2099e+00 +8.6459e-01 +3.8294e-01 +3.9713e+00 +1.5769e+00 -2.4682e-01 +4.2333e-01 +4.9281e+00 -2.3476e-01 -3.8740e+00
737 +1.578731810e+02 +1.578731810e+02 +2.355331810e+02 +7.766000000e+01 +2.2146e+00 -4.7097e+00 -8.7875e-01 +1.3675e+00 +2.5211e+00 -8.2810e-01 +7.6746e-01 +1.7753e+00 -1.1072e+00 -3.9076e+00
2041 +8.911383118e+01 +8.911383118e+01 +1.667738312e+02 +7.766000000e+01 +5.9025e-01 -6.9087e-01 +3.8294e-01 +2.3931e+00 +1.3538e+00 -2.6253e+00 +6.2741e-01 -1.4781e-01 +1.9826e-01 -3.5884e+00
2773 +6.009352268e+01 +6.009352268e+01 +1.377535227e+02 +7.766000000e+01 -5.5316e-01 -6.9087e-01 +3.8294e-01 +4.0310e+00 +1.9361e+00 -2.4682e-01 +8.2961e-02 -7.3021e-01 -1.3762e-01 -4.5495e+00
4060 +3.345229304e+01 +3.345229304e+01 +1.111122930e+02 +7.766000000e+01 +5.9025e-01 +4.0005e-02 +3.8294e-01 +4.0310e+00 +2.5211e+00 -1.5202e+00 +1.8939e-01 -2.7598e-01 -6.1963e-01 -3.9076e+00
5710 +2.416712453e+01 +2.416712453e+01 +1.018271245e+02 +7.766000000e+01 +1.4178e+00 -2.5811e+00 +3.8294e-01 +3.9713e+00 +2.5211e+00 -1.1263e+00 +8.2961e-02 -2.7598e-01 -6.1963e-01 -3.5884e+00
7554 +1.577425452e+01 +1.577425452e+01 +9.343425452e+01 +7.766000000e+01 +1.4178e+00 -1.7589e+00 +3.8294e-01 +3.9713e+00 +2.5211e+00 -5.2748e-01 +8.2961e-02 -2.7598e-01 -6.1963e-01 -3.5493e+00
36149 +9.688712266e+00 +9.688712266e+00 +8.734871227e+01 +7.766000000e+01 +1.3826e+00 -8.0782e-01 +4.9539e-01 +3.3227e+00 +2.4272e+00 -1.1154e+00 +5.6821e-01 +1.4130e-01 +1.4505e-01 -4.1848e+00
40486 +6.286108784e+00 +6.286108784e+00 +8.394610878e+01 +7.766000000e+01 +2.3511e+00 -1.7589e+00 +1.2516e+00 +3.2946e+00 +2.5211e+00 -5.2748e-01 +1.0262e-01 +1.1252e-01 -1.8685e-01 -3.8767e+00
43311 +3.838608569e+00 +3.838608569e+00 +8.149860857e+01 +7.766000000e+01 +2.3730e+00 -1.7620e+00 +1.2516e+00 +3.3029e+00 +2.4320e+00 -5.2748e-01 +5.8819e-01 +1.1252e-01 -1.8685e-01 -3.8767e+00
74772 +2.259519139e+00 +2.259519139e+00 +7.991951914e+01 +7.766000000e+01 +2.3875e+00 -8.4160e-01 +1.2418e+00 +3.3283e+00 +2.4641e+00 -5.2748e-01 +5.7358e-01 +1.3503e-01 -1.7283e-01 -3.8668e+00
81383 +1.011140114e+00 +1.011140114e+00 +7.867114011e+01 +7.766000000e+01 +2.3933e+00 -8.9290e-01 +1.2516e+00 +3.3029e+00 +2.4525e+00 -5.3738e-01 +5.8819e-01 +1.1252e-01 +1.6847e-01 -3.8714e+00
91780 +9.745306607e-01 +9.745306607e-01 +7.863453066e+01 +7.766000000e+01 +2.3950e+00 -8.7901e-01 +1.2644e+00 +3.3227e+00 +2.4616e+00 -5.3942e-01 +5.7431e-01 +1.1252e-01 +1.6343e-01 -3.8767e+00
98257 +4.996652867e-01 +4.996652867e-01 +7.815966529e+01 +7.766000000e+01 +2.3875e+00 -8.4160e-01 +1.2632e+00 +3.3283e+00 +2.4641e+00 -5.2748e-01 +5.8323e-01 +1.1403e-01 +1.5800e-01 -3.8655e+00
101090 +3.683654252e-01 +3.683654252e-01 +7.802836543e+01 +7.766000000e+01 +2.3875e+00 -8.5189e-01 +1.2632e+00 +3.3278e+00 +2.4641e+00 -5.2748e-01 +5.8323e-01 +1.1403e-01 +1.6021e-01 -3.8655e+00
126870 +2.139268198e-01 +2.139268198e-01 +7.787392682e+01 +7.766000000e+01 +2.3950e+00 -8.4558e-01 +1.2644e+00 +3.3227e+00 +2.4616e+00 -5.3942e-01 +5.8364e-01 +1.1646e-01 +1.6567e-01 -3.8686e+00
130922 +1.232435648e-01 +1.232435648e-01 +7.778324356e+01 +7.766000000e+01 +2.3955e+00 -8.4558e-01 +1.2644e+00 +3.3227e+00 +2.4616e+00 -5.3942e-01 +5.8364e-01 +1.1646e-01 +1.6567e-01 -3.8584e+00
213396 +9.990065265e-02 +9.990065265e-02 +7.775990065e+01 +7.766000000e+01 +2.3941e+00 -8.5617e-01 +1.2632e+00 +3.3221e+00 +2.4641e+00 -5.3896e-01 +5.8323e-01 +1.1403e-01 +1.6632e-01 -3.8579e+00
213944 +3.036271869e-02 +3.036271869e-02 +7.769036272e+01 +7.766000000e+01 +2.3960e+00 -8.5734e-01 +1.2709e+00 +3.3227e+00 +2.4616e+00 -5.3942e-01 +5.8803e-01 +1.1252e-01 +1.6847e-01 -3.8624e+00
214337 +1.372111591e-02 +1.372111591e-02 +7.767372112e+01 +7.766000000e+01 +2.3960e+00 -8.5734e-01 +1.2709e+00 +3.3227e+00 +2.4616e+00 -5.3942e-01 +5.8803e-01 +1.1646e-01 +1.6868e-01 -3.8624e+00
310792 +7.483277879e-03 +7.483277879e-03 +7.766748328e+01 +7.766000000e+01 +2.3955e+00 -8.5664e-01 +1.2721e+00 +3.3227e+00 +2.4616e+00 -5.3920e-01 +5.8919e-01 +1.1646e-01 +1.6868e-01 -3.8602e+00
416317 +4.310811956e-03 +4.310811956e-03 +7.766431081e+01 +7.766000000e+01 +2.3955e+00 -8.5558e-01 +1.2720e+00 +3.3227e+00 +2.4634e+00 -5.3920e-01 +5.8919e-01 +1.1646e-01 +1.6868e-01 -3.8602e+00
480754 +3.967863806e-03 +3.967863806e-03 +7.766396786e+01 +7.766000000e+01 +2.3960e+00 -8.5558e-01 +1.2721e+00 +3.3228e+00 +2.4634e+00 -5.3920e-01 +5.8919e-01 +1.1646e-01 +1.6868e-01 -3.8602e+00
603057 +1.791569623e-03 +1.791569623e-03 +7.766179157e+01 +7.766000000e+01 +2.3983e+00 -8.5617e-01 +1.2715e+00 +3.3228e+00 +2.4638e+00 -5.3920e-01 +5.8919e-01 +1.1564e-01 +1.6868e-01 -3.8609e+00
648298 +1.306612891e-03 +1.306612891e-03 +7.766130661e+01 +7.766000000e+01 +2.3982e+00 -8.5617e-01 +1.2719e+00 +3.3235e+00 +2.4632e+00 -5.3920e-01 +5.8952e-01 +1.1564e-01 +1.6928e-01 -3.8602e+00
% function evaluation | noise-free fitness - Fopt (1.156800000000e+02) | best noise-free fitness - Fopt | measured fitness | best measured fitness | x1 | x2...
1 +1.116163711e+03 +1.116163711e+03 +1.231843711e+03 +1.156800000e+02 -3.9612e+00 +3.9808e+00 +2.0509e+00 +3.9575e+00 -1.3807e+00 +1.8204e-01 -3.1882e+00 -8.0001e-01 +1.8639e+00 +6.4722e-01
196 +2.569501316e+02 +2.569501316e+02 +3.726301316e+02 +1.156800000e+02 +3.1360e-01 -3.6600e-01 +6.7262e-01 +8.0647e-01 +3.7069e+00 -3.7110e+00 +2.1938e+00 +1.8964e+00 +1.6512e+00 +1.2142e+00
390 +2.279140961e+02 +2.279140961e+02 +3.435940961e+02 +1.156800000e+02 -3.3169e+00 +1.6714e+00 -3.3085e-02 +2.7988e-01 -7.8600e-03 -4.1562e+00 +2.1376e-01 +2.8451e+00 +3.8342e+00 -3.1568e+00
968 +1.544402047e+02 +1.544402047e+02 +2.701202047e+02 +1.156800000e+02 -8.2368e-01 -3.6600e-01 -5.0486e-01 +3.6407e-01 -5.1093e-01 -4.2473e+00 +2.9827e+00 +7.7601e-01 +3.4126e+00 -1.5530e+00
2128 +8.809146927e+01 +8.809146927e+01 +2.037714693e+02 +1.156800000e+02 +2.1284e+00 -8.4536e-01 -1.5494e+00 +2.9497e+00 +1.9389e+00 -1.5898e+00 +3.5526e+00 +3.1593e+00 +2.5938e+00 -2.6260e+00
3267 +5.926069402e+01 +5.926069402e+01 +1.749406940e+02 +1.156800000e+02 +2.1284e+00 -8.4536e-01 -6.5082e-01 +2.9497e+00 +3.7069e+00 -3.7110e+00 +3.5526e+00 +2.0575e+00 +3.8342e+00 -2.1839e+00
5001 +3.810994487e+01 +3.810994487e+01 +1.537899449e+02 +1.156800000e+02 +2.1284e+00 -8.4536e-01 -6.5082e-01 +3.1678e+00 +3.0183e+00 -3.7110e+00 +3.5526e+00 +3.4989e+00 +3.8667e+00 -1.5530e+00
6148 +2.417177993e+01 +2.417177993e+01 +1.398517799e+02 +1.156800000e+02 +2.1284e+00 -8.9631e-01 -5.0486e-01 +2.9497e+00 +3.0183e+00 -3.7110e+00 +3.5526e+00 +2.7863e+00 +3.9087e+00 -2.6260e+00
7107 +1.541915108e+01 +1.541915108e+01 +1.310991511e+02 +1.156800000e+02 +2.1284e+00 -9.8664e-01 -6.5082e-01 +2.4042e+00 +3.0183e+00 -3.2920e+00 +3.5526e+00 +2.7863e+00 +3.9087e+00 -2.6260e+00
17675 +9.805164215e+00 +9.805164215e+00 +1.254851642e+02 +1.156800000e+02 +1.1694e+00 -6.2659e-02 +3.2410e-01 +2.3784e+00 +3.5943e+00 -3.8341e+00 +3.0616e+00 +2.7723e+00 +3.9137e+00 -1.9426e+00
18993 +5.601673380e+00 +5.601673380e+00 +1.212816734e+02 +1.156800000e+02 +1.1694e+00 -4.0966e-02 +3.2410e-01 +3.1112e+00 +3.5943e+00 -3.2256e+00 +3.0939e+00 +2.3755e+00 +3.9137e+00 -1.9426e+00
38304 +3.620804683e+00 +3.620804683e+00 +1.193008047e+02 +1.156800000e+02 +2.1284e+00 -9.8664e-01 +2.3039e-01 +2.3784e+00 +3.5943e+00 -3.2497e+00 +3.5526e+00 +2.7723e+00 +3.9137e+00 -1.9426e+00
39236 +2.251033617e+00 +2.251033617e+00 +1.179310336e+02 +1.156800000e+02 +1.1694e+00 -9.8664e-01 +2.3039e-01 +3.1112e+00 +3.5943e+00 -3.2497e+00 +3.5526e+00 +2.3755e+00 +3.9137e+00 -1.9426e+00
41596 +1.300616646e+00 +1.300616646e+00 +1.169806166e+02 +1.156800000e+02 +2.1284e+00 -9.8664e-01 +2.3039e-01 +3.1112e+00 +3.5943e+00 -3.2497e+00 +3.5526e+00 +2.3593e+00 +3.9137e+00 -1.9426e+00
43983 +5.735863371e-01 +5.735863371e-01 +1.162535863e+02 +1.156800000e+02 +2.1749e+00 -9.8664e-01 +2.3039e-01 +3.0821e+00 +3.5943e+00 -3.2497e+00 +3.5526e+00 +2.3593e+00 +3.9137e+00 -1.9426e+00
45250 +3.961990735e-01 +3.961990735e-01 +1.160761991e+02 +1.156800000e+02 +2.1749e+00 -9.8664e-01 +2.3039e-01 +3.0821e+00 +3.5943e+00 -3.2497e+00 +3.5526e+00 +2.3593e+00 +3.9240e+00 -1.9426e+00
79208 +2.330824514e-01 +2.330824514e-01 +1.159130825e+02 +1.156800000e+02 +2.1749e+00 -9.8664e-01 +2.3039e-01 +3.0853e+00 +3.5943e+00 -3.2497e+00 +3.5599e+00 +2.3593e+00 +3.9240e+00 -1.9460e+00
88703 +1.517885449e-01 +1.517885449e-01 +1.158317885e+02 +1.156800000e+02 +2.1749e+00 -9.8664e-01 +2.3347e-01 +3.0853e+00 +3.5943e+00 -3.2497e+00 +3.5606e+00 +2.3593e+00 +3.9240e+00 -1.9497e+00
119906 +6.089198924e-02 +6.089198924e-02 +1.157408920e+02 +1.156800000e+02 +2.1749e+00 -9.8664e-01 +2.3531e-01 +3.0853e+00 +3.6033e+00 -3.2465e+00 +3.5601e+00 +2.3593e+00 +3.9240e+00 -1.9515e+00
120670 +3.505855188e-02 +3.505855188e-02 +1.157150586e+02 +1.156800000e+02 +2.1749e+00 -9.8664e-01 +2.4437e-01 +3.0853e+00 +3.6033e+00 -3.2465e+00 +3.5601e+00 +2.3593e+00 +3.9240e+00 -1.9515e+00
151723 +2.352975049e-02 +2.352975049e-02 +1.157035298e+02 +1.156800000e+02 +2.1749e+00 -9.8664e-01 +2.4437e-01 +3.0853e+00 +3.6033e+00 -3.2465e+00 +3.5601e+00 +2.3558e+00 +3.9240e+00 -1.9515e+00
152908 +1.550657301e-02 +1.550657301e-02 +1.156955066e+02 +1.156800000e+02 +2.1749e+00 -9.8664e-01 +2.4437e-01 +3.0853e+00 +3.6033e+00 -3.2424e+00 +3.5601e+00 +2.3558e+00 +3.9240e+00 -1.9515e+00
156851 +9.012332053e-03 +9.012332053e-03 +1.156890123e+02 +1.156800000e+02 +2.1749e+00 -9.8199e-01 +2.4437e-01 +3.0861e+00 +3.6033e+00 -3.2424e+00 +3.5606e+00 +2.3558e+00 +3.9240e+00 -1.9515e+00
190426 +6.155559186e-03 +6.155559186e-03 +1.156861556e+02 +1.156800000e+02 +2.1749e+00 -9.8199e-01 +2.4437e-01 +3.0887e+00 +3.6033e+00 -3.2424e+00 +3.5606e+00 +2.3558e+00 +3.9240e+00 -1.9515e+00
346476 +3.354814783e-03 +3.354814783e-03 +1.156833548e+02 +1.156800000e+02 +2.1776e+00 -9.8199e-01 +2.4437e-01 +3.0887e+00 +3.6033e+00 -3.2424e+00 +3.5606e+00 +2.3558e+00 +3.9240e+00 -1.9515e+00
348309 +2.225127475e-03 +2.225127475e-03 +1.156822251e+02 +1.156800000e+02 +2.1776e+00 -9.8311e-01 +2.4437e-01 +3.0887e+00 +3.6033e+00 -3.2424e+00 +3.5606e+00 +2.3558e+00 +3.9248e+00 -1.9515e+00
515596 +1.163929196e-03 +1.163929196e-03 +1.156811639e+02 +1.156800000e+02 +2.1776e+00 -9.8311e-01 +2.4437e-01 +3.0888e+00 +3.6037e+00 -3.2431e+00 +3.5606e+00 +2.3558e+00 +3.9248e+00 -1.9515e+00
578223 +5.668429164e-04 +5.668429164e-04 +1.156805668e+02 +1.156800000e+02 +2.1776e+00 -9.8311e-01 +2.4461e-01 +3.0888e+00 +3.6043e+00 -3.2431e+00 +3.5606e+00 +2.3558e+00 +3.9248e+00 -1.9510e+00
768718 +3.534297057e-04 +3.534297057e-04 +1.156803534e+02 +1.156800000e+02 +2.1784e+00 -9.8311e-01 +2.4461e-01 +3.0888e+00 +3.6048e+00 -3.2431e+00 +3.5606e+00 +2.3558e+00 +3.9248e+00 -1.9510e+00
% function evaluation | noise-free fitness - Fopt (-3.710000000000e+00) | best noise-free fitness - Fopt | measured fitness | best measured fitness | x1 | x2...
1 +5.014869054e+03 +5.014869054e+03 +5.011159054e+03 -3.710000000e+00 +4.8763e+00 +3.0753e+00 +3.0604e+00 -2.0908e-01 -4.8375e+00 -1.2155e+00 +3.0773e+00 +9.8011e-02 -4.4756e-01 -1.4771e+00
186 +2.855452800e+02 +2.855452800e+02 +2.818352800e+02 -3.710000000e+00 +3.3202e+00 -4.7492e+00 +2.0076e+00 -1.4596e+00 -1.9570e+00 +4.3382e+00 -7.4501e-01 -2.5655e+00 +3.5148e-01 +9.4667e-01
382 +2.336700929e+02 +2.336700929e+02 +2.299600929e+02 -3.710000000e+00 +3.5332e+00 -1.3363e+00 -2.9738e+00 +3.1326e+00 -1.9570e+00 +4.3382e+00 -7.4501e-01 -2.5655e+00 +3.5148e-01 +9.4667e-01
1342 +1.501152936e+02 +1.501152936e+02 +1.464052936e+02 -3.710000000e+00 +2.7187e+00 -4.7998e+00 -8.7945e-01 +3.2391e+00 +2.0352e+00 +3.8361e+00 -2.0897e+00 -8.6424e-01 +2.4775e+00 +4.0227e-01
2495 +9.369087628e+01 +9.369087628e+01 +8.998087628e+01 -3.710000000e+00 +2.4016e+00 -1.4542e+00 +1.7068e+00 +3.2391e+00 +2.0352e+00 +4.9251e+00 -7.4501e-01 -2.3608e+00 +2.3470e+00 +1.1479e-01
3457 +5.545922801e+01 +5.545922801e+01 +5.174922801e+01 -3.710000000e+00 +3.1311e+00 +1.8520e-01 +1.7068e+00 +4.6654e+00 +2.3961e+00 +3.8361e+00 +1.3649e-01 -1.6115e+00 +2.3470e+00 +9.4667e-01
4036 +3.752219388e+01 +3.752219388e+01 +3.381219388e+01 -3.710000000e+00 +2.1255e+00 -1.4542e+00 +1.7068e+00 +3.2391e+00 +2.0352e+00 +3.6062e+00 +1.3649e-01 -1.6115e+00 +2.3470e+00 +9.4667e-01
4609 +2.406172627e+01 +2.406172627e+01 +2.035172627e+01 -3.710000000e+00 +1.1125e+00 -3.2269e+00 +1.7068e+00 +3.2391e+00 +2.0352e+00 +4.2131e+00 +1.3649e-01 -2.3608e+00 +2.2999e+00 +9.4667e-01
6128 +1.574168299e+01 +1.574168299e+01 +1.203168299e+01 -3.710000000e+00 +2.1255e+00 -3.2269e+00 +1.7068e+00 +4.6654e+00 +2.0352e+00 +3.6062e+00 +1.3649e-01 -1.5614e+00 +2.2999e+00 +6.6892e-01
7840 +9.873310600e+00 +9.873310600e+00 +6.163310600e+00 -3.710000000e+00 +2.1255e+00 -3.2269e+00 +1.7068e+00 +4.6654e+00 +2.5481e+00 +3.6958e+00 +1.3649e-01 -1.9903e+00 +2.2999e+00 +6.6892e-01
18801 +5.763759503e+00 +5.763759503e+00 +2.053759503e+00 -3.710000000e+00 +3.0043e+00 -1.3738e+00 +1.7665e+00 +3.9153e+00 +3.1341e+00 +3.6503e+00 -3.0811e-01 -2.0073e+00 +2.3294e+00 +6.7859e-01
39790 +3.071248888e+00 +3.071248888e+00 -6.387511121e-01 -3.710000000e+00 +3.0982e+00 -1.3510e+00 +1.7665e+00 +3.9153e+00 +3.1341e+00 +3.6642e+00 -3.0811e-01 -2.0073e+00 +2.3294e+00 +6.7859e-01
43499 +2.454263173e+00 +2.454263173e+00 -1.255736827e+00 -3.710000000e+00 +3.1213e+00 -1.3738e+00 +1.7665e+00 +3.9153e+00 +3.1480e+00 +3.6642e+00 -3.0811e-01 -1.9870e+00 +2.3299e+00 +6.7859e-01
45514 +1.469641130e+00 +1.469641130e+00 -2.240358870e+00 -3.710000000e+00 +3.1213e+00 -2.3102e+00 +1.7665e+00 +3.9153e+00 +3.1480e+00 +3.6642e+00 -3.0811e-01 -1.9870e+00 +2.3307e+00 +6.7859e-01
46439 +6.316587155e-01 +6.316587155e-01 -3.078341284e+00 -3.710000000e+00 +3.1213e+00 -2.3102e+00 +1.7665e+00 +3.9153e+00 +3.1480e+00 +3.6642e+00 +1.4395e-01 -1.9870e+00 +2.3299e+00 +6.7859e-01
46627 +5.648690082e-01 +5.648690082e-01 -3.145130992e+00 -3.710000000e+00 +3.1213e+00 -2.3102e+00 +1.7665e+00 +3.9153e+00 +3.1480e+00 +3.6642e+00 +1.4395e-01 -1.9870e+00 +2.3299e+00 +6.7426e-01
98135 +3.018599466e-01 +3.018599466e-01 -3.408140053e+00 -3.710000000e+00 +3.1076e+00 -2.3098e+00 +1.7828e+00 +3.9212e+00 +3.1521e+00 +3.6689e+00 +1.5679e-01 -1.9903e+00 +2.3249e+00 +6.7346e-01
103675 +2.461751631e-01 +2.461751631e-01 -3.463824837e+00 -3.710000000e+00 +3.1211e+00 -2.3042e+00 +1.7828e+00 +3.9196e+00 +3.1521e+00 +3.6689e+00 +1.5679e-01 -1.9903e+00 +2.3249e+00 +6.7346e-01
143094 +1.050195123e-01 +1.050195123e-01 -3.604980488e+00 -3.710000000e+00 +3.1179e+00 -2.3042e+00 +1.7828e+00 +3.9153e+00 +3.1521e+00 +3.6689e+00 +1.5679e-01 -1.9903e+00 +2.3299e+00 +6.7426e-01
143638 +9.348362738e-02 +9.348362738e-02 -3.616516373e+00 -3.710000000e+00 +3.1179e+00 -2.2953e+00 +1.7781e+00 +3.9153e+00 +3.1504e+00 +3.6734e+00 +1.5679e-01 -1.9903e+00 +2.3299e+00 +6.7426e-01
147888 +6.175984013e-02 +6.175984013e-02 -3.648240160e+00 -3.710000000e+00 +3.1179e+00 -2.2953e+00 +1.7828e+00 +3.9102e+00 +3.1521e+00 +3.6734e+00 +1.5679e-01 -1.9903e+00 +2.3299e+00 +6.7346e-01
169746 +3.871705485e-02 +3.871705485e-02 -3.671282945e+00 -3.710000000e+00 +3.1150e+00 -2.2898e+00 +1.7816e+00 +3.9129e+00 +3.1480e+00 +3.6721e+00 +1.5836e-01 -1.9903e+00 +2.3346e+00 +6.7346e-01
174992 +2.207496581e-02 +2.207496581e-02 -3.687925034e+00 -3.710000000e+00 +3.1196e+00 -2.3017e+00 +1.7828e+00 +3.9103e+00 +3.1521e+00 +3.6721e+00 +1.5679e-01 -1.9903e+00 +2.3351e+00 +6.7346e-01
214892 +1.570028472e-02 +1.570028472e-02 -3.694299715e+00 -3.710000000e+00 +3.1196e+00 -2.2999e+00 +1.7828e+00 +3.9103e+00 +3.1521e+00 +3.6721e+00 +1.5694e-01 -1.9903e+00 +2.3351e+00 +6.7282e-01
217319 +8.321697963e-03 +8.321697963e-03 -3.701678302e+00 -3.710000000e+00 +3.1187e+00 -2.2953e+00 +1.7828e+00 +3.9102e+00 +3.1521e+00 +3.6721e+00 +1.5836e-01 -1.9903e+00 +2.3346e+00 +6.7346e-01
283136 +5.389961271e-03 +5.389961271e-03 -3.704610039e+00 -3.710000000e+00 +3.1196e+00 -2.2941e+00 +1.7828e+00 +3.9103e+00 +3.1521e+00 +3.6721e+00 +1.5852e-01 -1.9903e+00 +2.3351e+00 +6.7282e-01
315940 +3.217336849e-03 +3.217336849e-03 -3.706782663e+00 -3.710000000e+00 +3.1196e+00 -2.2945e+00 +1.7828e+00 +3.9103e+00 +3.1521e+00 +3.6721e+00 +1.5836e-01 -1.9931e+00 +2.3351e+00 +6.7145e-01
350712 +1.873600120e-03 +1.873600120e-03 -3.708126400e+00 -3.710000000e+00 +3.1196e+00 -2.2945e+00 +1.7828e+00 +3.9103e+00 +3.1521e+00 +3.6721e+00 +1.5836e-01 -1.9912e+00 +2.3352e+00 +6.7214e-01
420095 +1.495514968e-03 +1.495514968e-03 -3.708504485e+00 -3.710000000e+00 +3.1196e+00 -2.2953e+00 +1.7828e+00 +3.9102e+00 +3.1521e+00 +3.6721e+00 +1.5836e-01 -1.9926e+00 +2.3352e+00 +6.7214e-01
497701 +9.831544644e-04 +9.831544644e-04 -3.709016846e+00 -3.710000000e+00 +3.1196e+00 -2.2953e+00 +1.7828e+00 +3.9103e+00 +3.1521e+00 +3.6721e+00 +1.5852e-01 -1.9923e+00 +2.3352e+00 +6.7214e-01
498878 +6.294749803e-04 +6.294749803e-04 -3.709370525e+00 -3.710000000e+00 +3.1196e+00 -2.2953e+00 +1.7828e+00 +3.9103e+00 +3.1521e+00 +3.6721e+00 +1.5891e-01 -1.9923e+00 +2.3352e+00 +6.7214e-01
578133 +3.847425578e-04 +3.847425578e-04 -3.709615257e+00 -3.710000000e+00 +3.1196e+00 -2.2953e+00 +1.7828e+00 +3.9103e+00 +3.1528e+00 +3.6721e+00 +1.5891e-01 -1.9923e+00 +2.3352e+00 +6.7214e-01
919504 +2.216303132e-04 +2.216303132e-04 -3.709778370e+00 -3.710000000e+00 +3.1196e+00 -2.2953e+00 +1.7829e+00 +3.9105e+00 +3.1528e+00 +3.6721e+00 +1.5891e-01 -1.9918e+00 +2.3352e+00 +6.7214e-01
% function evaluation | noise-free fitness - Fopt (1.321800000000e+02) | best noise-free fitness - Fopt | measured fitness | best measured fitness | x1 | x2...
1 +3.601500271e+03 +3.601500271e+03 +3.733680271e+03 +1.321800000e+02 -2.5033e-01 -4.1436e+00 +1.5717e+00 -3.1427e+00 -4.6069e+00 -4.0762e+00 +4.7494e+00 -2.1107e+00 -2.3333e+00 +6.2070e-01
194 +2.295512593e+02 +2.295512593e+02 +3.617312593e+02 +1.321800000e+02 +1.5600e+00 +3.4837e-01 -2.4415e+00 -1.9883e+00 +1.8643e+00 +1.3446e+00 +1.6072e+00 +1.9812e+00 -8.6218e-01 +1.5208e+00
1346 +1.459597420e+02 +1.459597420e+02 +2.781397420e+02 +1.321800000e+02 +2.6970e+00 +1.4369e+00 -5.5591e-01 -2.8998e+00 +1.8643e+00 +1.3446e+00 +1.6072e+00 -7.2360e-01 +6.8120e-01 +2.1186e+00
1922 +9.051036677e+01 +9.051036677e+01 +2.226903668e+02 +1.321800000e+02 +6.9308e-01 +1.4369e+00 +1.9977e+00 -2.7478e+00 +1.8660e+00 +1.3446e+00 +2.2561e+00 +1.1379e+00 +4.6418e-01 +1.0145e+00
2689 +4.177270119e+01 +4.177270119e+01 +1.739527012e+02 +1.321800000e+02 +1.7654e+00 +1.4369e+00 +2.5372e+00 -2.6995e+00 +1.8643e+00 -5.0824e-01 +1.7693e+00 -3.6906e-01 +8.7685e-01 +5.0346e-01
3275 +3.042956713e+01 +3.042956713e+01 +1.626095671e+02 +1.321800000e+02 +2.6970e+00 +1.4369e+00 +2.7505e+00 -2.7478e+00 +2.4789e+00 -1.5106e+00 +1.7693e+00 -3.6906e-01 +6.0968e-01 +1.0145e+00
4433 +2.426138744e+01 +2.426138744e+01 +1.564413874e+02 +1.321800000e+02 +1.7654e+00 +1.4369e+00 +2.0644e+00 -2.6995e+00 +2.4789e+00 -1.5106e+00 +2.2553e+00 -3.6906e-01 +6.0968e-01 +7.4255e-01
5987 +1.571957267e+01 +1.571957267e+01 +1.478995727e+02 +1.321800000e+02 +1.7654e+00 +1.4369e+00 +3.3879e+00 -1.9965e+00 +2.4789e+00 -5.0824e-01 +2.2561e+00 +1.1987e-01 +6.0968e-01 +7.4255e-01
7539 +9.643944617e+00 +9.643944617e+00 +1.418239446e+02 +1.321800000e+02 +2.7841e+00 +1.4369e+00 +2.6335e+00 -1.9991e+00 +2.4789e+00 -1.0247e+00 +2.2561e+00 +1.1987e-01 +6.0968e-01 +7.4255e-01
17711 +5.853665759e+00 +5.853665759e+00 +1.380336658e+02 +1.321800000e+02 +3.7466e+00 -1.2137e-01 +3.4356e+00 -1.9626e+00 +2.4875e+00 -1.0403e+00 +2.2701e+00 +9.2951e-02 +5.7155e-01 +4.0332e-01
42101 +3.786718571e+00 +3.786718571e+00 +1.359667186e+02 +1.321800000e+02 +2.7500e+00 +1.4757e+00 +3.4646e+00 -1.3183e+00 +2.4923e+00 -1.0583e+00 +2.2644e+00 +9.7090e-02 +9.1542e-01 +9.3869e-02
56958 +2.408185491e+00 +2.408185491e+00 +1.345881855e+02 +1.321800000e+02 +2.7661e+00 +1.4644e+00 +3.4458e+00 -1.9728e+00 +2.4789e+00 -1.0562e+00 +2.2672e+00 +9.5515e-02 +5.7392e-01 +4.0716e-01
65237 +1.417280003e+00 +1.417280003e+00 +1.335972800e+02 +1.321800000e+02 +3.7524e+00 +1.4758e+00 +3.4166e+00 -1.9577e+00 +2.4789e+00 -1.0465e+00 +2.2561e+00 +9.9972e-02 +9.2897e-01 +4.0880e-01
65617 +9.507172255e-01 +9.507172255e-01 +1.331307172e+02 +1.321800000e+02 +3.7524e+00 +1.4758e+00 +3.4332e+00 -1.9577e+00 +2.4789e+00 -1.0465e+00 +2.2561e+00 +9.9972e-02 +9.2897e-01 +4.0880e-01
86511 +5.782790464e-01 +5.782790464e-01 +1.327582790e+02 +1.321800000e+02 +3.7479e+00 +1.4757e+00 +3.4581e+00 -1.9767e+00 +2.4921e+00 -1.0583e+00 +2.2644e+00 +9.7090e-02 +9.2717e-01 +4.2267e-01
86709 +2.434420445e-01 +2.434420445e-01 +1.324234420e+02 +1.321800000e+02 +3.7479e+00 +1.4757e+00 +3.4581e+00 -1.9767e+00 +2.4921e+00 -1.0583e+00 +2.2644e+00 +9.7090e-02 +9.2717e-01 +4.1405e-01
110374 +1.377519896e-01 +1.377519896e-01 +1.323177520e+02 +1.321800000e+02 +3.7635e+00 +1.4757e+00 +3.4572e+00 -1.9626e+00 +2.4923e+00 -1.0579e+00 +2.2701e+00 +9.2951e-02 +9.2673e-01 +4.0332e-01
111538 +8.619950908e-02 +8.619950908e-02 +1.322661995e+02 +1.321800000e+02 +3.7635e+00 +1.4757e+00 +3.4572e+00 -1.9626e+00 +2.4923e+00 -1.0579e+00 +2.2701e+00 +9.2951e-02 +9.2673e-01 +4.1116e-01
142607 +5.602554110e-02 +5.602554110e-02 +1.322360255e+02 +1.321800000e+02 +3.7635e+00 +1.4757e+00 +3.4572e+00 -1.9626e+00 +2.4923e+00 -1.0579e+00 +2.2701e+00 +9.7090e-02 +9.2673e-01 +4.1116e-01
156463 +3.831234729e-02 +3.831234729e-02 +1.322183123e+02 +1.321800000e+02 +3.7600e+00 +1.4830e+00 +3.4581e+00 -1.9677e+00 +2.4921e+00 -1.0562e+00 +2.2686e+00 +9.7090e-02 +9.2717e-01 +4.0880e-01
228364 +2.408597316e-02 +2.408597316e-02 +1.322040860e+02 +1.321800000e+02 +3.7639e+00 +1.4830e+00 +3.4581e+00 -1.9677e+00 +2.4921e+00 -1.0562e+00 +2.2697e+00 +9.7612e-02 +9.2717e-01 +4.0880e-01
255817 +1.224890202e-02 +1.224890202e-02 +1.321922489e+02 +1.321800000e+02 +3.7639e+00 +1.4824e+00 +3.4581e+00 -1.9626e+00 +2.4921e+00 -1.0562e+00 +2.2738e+00 +9.7612e-02 +9.2717e-01 +4.0880e-01
336510 +8.588315529e-03 +8.588315529e-03 +1.321885883e+02 +1.321800000e+02 +3.7600e+00 +1.4830e+00 +3.4607e+00 -1.9677e+00 +2.4921e+00 -1.0562e+00 +2.2723e+00 +9.7612e-02 +9.2717e-01 +4.0880e-01
346794 +5.241942419e-03 +5.241942419e-03 +1.321852419e+02 +1.321800000e+02 +3.7639e+00 +1.4830e+00 +3.4591e+00 -1.9646e+00 +2.4921e+00 -1.0561e+00 +2.2723e+00 +9.7612e-02 +9.2717e-01 +4.0880e-01
440524 +3.887652845e-03 +3.887652845e-03 +1.321838877e+02 +1.321800000e+02 +3.7642e+00 +1.4830e+00 +3.4612e+00 -1.9654e+00 +2.4921e+00 -1.0562e+00 +2.2723e+00 +9.7612e-02 +9.2717e-01 +4.0880e-01
559405 +1.069794590e-03 +1.069794590e-03 +1.321810698e+02 +1.321800000e+02 +3.7639e+00 +1.4824e+00 +3.4607e+00 -1.9660e+00 +2.4921e+00 -1.0561e+00 +2.2732e+00 +9.7612e-02 +9.2755e-01 +4.0880e-01
701715 +9.624934843e-04 +9.624934843e-04 +1.321809625e+02 +1.321800000e+02 +3.7639e+00 +1.4824e+00 +3.4612e+00 -1.9654e+00 +2.4921e+00 -1.0561e+00 +2.2731e+00 +9.7612e-02 +9.2755e-01 +4.0880e-01
854815 +5.661161612e-04 +5.661161612e-04 +1.321805661e+02 +1.321800000e+02 +3.7639e+00 +1.4824e+00 +3.4612e+00 -1.9654e+00 +2.4915e+00 -1.0561e+00 +2.2731e+00 +9.7612e-02 +9.2790e-01 +4.0880e-01
% function evaluation | noise-free fitness - Fopt (-4.174000000000e+01) | best noise-free fitness - Fopt | measured fitness | best measured fitness | x1 | x2...
1 +1.863318514e+03 +1.863318514e+03 +1.821578514e+03 -4.174000000e+01 -1.9830e+00 +4.0756e+00 -3.8964e+00 +6.2187e-01 +2.8086e+00 -6.2715e-01 -6.4929e-01 +4.7327e+00 -1.7562e+00 -4.9499e+00
190 +2.710003449e+02 +2.710003449e+02 +2.292603449e+02 -4.174000000e+01 -1.4311e+00 -7.7623e-01 -6.2968e-01 -1.8223e+00 -9.7893e-01 +4.7354e+00 +2.7066e+00 -2.7267e+00 +7.0527e-01 +3.4844e+00
370 +2.389351288e+02 +2.389351288e+02 +1.971951288e+02 -4.174000000e+01 +1.3754e+00 +3.0411e+00 -6.2968e-01 -1.8223e+00 -9.7893e-01 +4.8006e-01 +2.8196e+00 -2.7267e+00 +7.0527e-01 +2.4117e+00
1111 +1.498574497e+02 +1.498574497e+02 +1.081174497e+02 -4.174000000e+01 +1.3754e+00 -3.0081e-01 -2.1445e+00 +3.2075e+00 -9.7893e-01 +2.0943e+00 +2.8196e+00 -2.8611e+00 +7.0527e-01 +3.3183e+00
2407 +9.938978403e+01 +9.938978403e+01 +5.764978403e+01 -4.174000000e+01 +1.1433e+00 -2.0658e+00 -3.0346e+00 +3.0249e+00 +9.1077e-01 +4.8006e-01 +2.4243e+00 -2.8611e+00 +7.0527e-01 +2.6392e+00
3334 +5.803398190e+01 +5.803398190e+01 +1.629398190e+01 -4.174000000e+01 +1.1433e+00 -1.8143e+00 -2.1372e+00 +3.0249e+00 +9.1077e-01 +4.8006e-01 +2.8196e+00 -2.1786e+00 +1.7318e+00 +2.7645e+00
3881 +3.757794038e+01 +3.757794038e+01 -4.162059624e+00 -4.174000000e+01 +1.1433e+00 -1.8143e+00 -2.1372e+00 +3.0249e+00 +9.1077e-01 +4.8006e-01 +2.9656e+00 -2.8611e+00 +1.0616e+00 +3.4844e+00
4988 +2.407160859e+01 +2.407160859e+01 -1.766839141e+01 -4.174000000e+01 +1.1433e+00 -1.8143e+00 -6.2968e-01 +3.0249e+00 +9.1077e-01 +4.8006e-01 +2.9656e+00 -2.1786e+00 +1.0616e+00 +3.4844e+00
6831 +1.481547929e+01 +1.481547929e+01 -2.692452071e+01 -4.174000000e+01 +2.0670e+00 -1.8027e+00 -6.2968e-01 +3.0249e+00 +9.1077e-01 +5.2954e-01 +2.9656e+00 -2.0880e+00 +1.8061e+00 +3.4844e+00
8876 +9.919951357e+00 +9.919951357e+00 -3.182004864e+01 -4.174000000e+01 +2.0670e+00 -1.8143e+00 -6.2968e-01 +3.6997e+00 +8.1067e-01 +5.2954e-01 +2.9656e+00 -1.2920e+00 +1.8061e+00 +3.4844e+00
18123 +5.926386601e+00 +5.926386601e+00 -3.581361340e+01 -4.174000000e+01 +3.1244e+00 -1.8534e+00 +1.0245e-01 +2.9622e+00 +8.4530e-01 +5.2474e-01 +2.9752e+00 -2.1236e+00 +1.8669e+00 +3.1431e+00
38566 +3.681393949e+00 +3.681393949e+00 -3.805860605e+01 -4.174000000e+01 +3.0891e+00 -1.8143e+00 +1.3404e-01 +3.6997e+00 +8.1067e-01 +5.2954e-01 +2.9656e+00 -1.2920e+00 +1.8061e+00 +3.4492e+00
42834 +2.462997705e+00 +2.462997705e+00 -3.927700229e+01 -4.174000000e+01 +3.1001e+00 -1.8143e+00 +1.3404e-01 +3.6997e+00 +1.4494e+00 +5.4208e-01 +2.9656e+00 -1.6979e+00 +1.8061e+00 +3.4492e+00
74168 +1.242270957e+00 +1.242270957e+00 -4.049772904e+01 -4.174000000e+01 +3.1288e+00 -1.8457e+00 +1.3254e-01 +3.6997e+00 +1.4627e+00 +5.2954e-01 +2.9752e+00 -1.2920e+00 +1.8215e+00 +3.4583e+00
84083 +5.959872332e-01 +5.959872332e-01 -4.114401277e+01 -4.174000000e+01 +3.1080e+00 -1.8143e+00 +1.3404e-01 +3.7120e+00 +1.4595e+00 +5.4208e-01 +2.9656e+00 -1.7272e+00 +1.8264e+00 +3.4622e+00
111711 +3.962756772e-01 +3.962756772e-01 -4.134372432e+01 -4.174000000e+01 +3.1288e+00 -1.8242e+00 +1.3254e-01 +3.7126e+00 +1.4730e+00 +5.2954e-01 +2.9752e+00 -1.7056e+00 +1.8251e+00 +3.4583e+00
112486 +1.820772509e-01 +1.820772509e-01 -4.155792275e+01 -4.174000000e+01 +3.1288e+00 -1.8457e+00 +1.3254e-01 +3.7126e+00 +1.4730e+00 +5.2954e-01 +2.9752e+00 -1.7256e+00 +1.8215e+00 +3.4583e+00
112677 +1.479801334e-01 +1.479801334e-01 -4.159201987e+01 -4.174000000e+01 +3.1288e+00 -1.8457e+00 +1.3254e-01 +3.7126e+00 +1.4730e+00 +5.2954e-01 +2.9752e+00 -1.7256e+00 +1.8243e+00 +3.4583e+00
140458 +9.385763839e-02 +9.385763839e-02 -4.164614236e+01 -4.174000000e+01 +3.1288e+00 -1.8313e+00 +1.3254e-01 +3.7094e+00 +1.4688e+00 +5.3717e-01 +2.9752e+00 -1.7234e+00 +1.8232e+00 +3.4583e+00
152252 +6.309341395e-02 +6.309341395e-02 -4.167690659e+01 -4.174000000e+01 +3.1288e+00 -1.8443e+00 +1.3404e-01 +3.7078e+00 +1.4723e+00 +5.3388e-01 +2.9752e+00 -1.7234e+00 +1.8256e+00 +3.4583e+00
185193 +3.978255597e-02 +3.978255597e-02 -4.170021744e+01 -4.174000000e+01 +3.1288e+00 -1.8373e+00 +1.3404e-01 +3.7078e+00 +1.4723e+00 +5.3488e-01 +2.9752e+00 -1.7201e+00 +1.8256e+00 +3.4583e+00
220334 +1.695634439e-02 +1.695634439e-02 -4.172304366e+01 -4.174000000e+01 +3.1300e+00 -1.8333e+00 +1.3254e-01 +3.7094e+00 +1.4730e+00 +5.3488e-01 +2.9772e+00 -1.7201e+00 +1.8280e+00 +3.4583e+00
259016 +9.616667856e-03 +9.616667856e-03 -4.173038333e+01 -4.174000000e+01 +3.1300e+00 -1.8333e+00 +1.3490e-01 +3.7094e+00 +1.4730e+00 +5.3488e-01 +2.9772e+00 -1.7201e+00 +1.8280e+00 +3.4583e+00
310663 +6.118366081e-03 +6.118366081e-03 -4.173388163e+01 -4.174000000e+01 +3.1288e+00 -1.8316e+00 +1.3609e-01 +3.7078e+00 +1.4730e+00 +5.3621e-01 +2.9772e+00 -1.7220e+00 +1.8284e+00 +3.4575e+00
345974 +3.373280283e-03 +3.373280283e-03 -4.173662672e+01 -4.174000000e+01 +3.1300e+00 -1.8333e+00 +1.3609e-01 +3.7078e+00 +1.4730e+00 +5.3621e-01 +2.9774e+00 -1.7220e+00 +1.8284e+00 +3.4575e+00
457814 +2.410540636e-03 +2.410540636e-03 -4.173758946e+01 -4.174000000e+01 +3.1300e+00 -1.8352e+00 +1.3609e-01 +3.7094e+00 +1.4730e+00 +5.3621e-01 +2.9779e+00 -1.7220e+00 +1.8284e+00 +3.4575e+00
549957 +1.568875694e-03 +1.568875694e-03 -4.173843112e+01 -4.174000000e+01 +3.1301e+00 -1.8336e+00 +1.3672e-01 +3.7094e+00 +1.4730e+00 +5.3621e-01 +2.9779e+00 -1.7215e+00 +1.8284e+00 +3.4575e+00
595861 +9.284019681e-04 +9.284019681e-04 -4.173907160e+01 -4.174000000e+01 +3.1301e+00 -1.8336e+00 +1.3737e-01 +3.7089e+00 +1.4730e+00 +5.3593e-01 +2.9779e+00 -1.7215e+00 +1.8287e+00 +3.4575e+00
748298 +5.884318663e-04 +5.884318663e-04 -4.173941157e+01 -4.174000000e+01 +3.1311e+00 -1.8348e+00 +1.3737e-01 +3.7089e+00 +1.4730e+00 +5.3593e-01 +2.9779e+00 -1.7216e+00 +1.8288e+00 +3.4575e+00
852529 +2.840450050e-04 +2.840450050e-04 -4.173971595e+01 -4.174000000e+01 +3.1311e+00 -1.8348e+00 +1.3737e-01 +3.7089e+00 +1.4730e+00 +5.3593e-01 +2.9784e+00 -1.7216e+00 +1.8288e+00 +3.4575e+00
% function evaluation | noise-free fitness - Fopt (-4.948600000000e+02) | best noise-free fitness - Fopt | measured fitness | best measured fitness | x1 | x2...
1 +3.774846671e+02 +3.774846671e+02 -1.173753329e+02 -4.948600000e+02 +1.8934e+00 -4.3476e+00 -2.9572e+00 +1.9903e+00 -5.0693e-01 +6.9179e-01 -9.1729e-01 +2.2021e+00 +2.0163e-01 +2.2870e+00
189 +2.465320647e+02 +2.465320647e+02 -2.483279353e+02 -4.948600000e+02 +7.6271e-01 +1.0653e+00 +1.9537e+00 -4.7659e+00 +1.8969e+00 +5.9447e-01 +1.8382e+00 -1.5785e+00 -2.7168e-01 +2.7121e+00
1119 +1.299993764e+02 +1.299993764e+02 -3.648606236e+02 -4.948600000e+02 -1.1272e+00 +2.4496e+00 +2.8903e+00 -1.7978e+00 +5.9174e-01 -2.8163e+00 +1.8382e+00 -1.5785e+00 -2.7168e-01 +3.4654e+00
1676 +9.445986727e+01 +9.445986727e+01 -4.004001327e+02 -4.948600000e+02 +7.6271e-01 -4.0266e+00 +2.5714e+00 -5.4267e-01 +1.4583e+00 -1.1710e+00 +7.6425e-01 +5.1324e-01 +6.8778e-01 +4.1458e+00
2610 +5.931778822e+01 +5.931778822e+01 -4.355422118e+02 -4.948600000e+02 +2.7230e+00 +7.4255e-01 +2.8903e+00 -1.7978e+00 +2.4464e+00 -2.9238e+00 +1.6783e+00 +5.1324e-01 +6.8631e-01 +3.8356e+00
3363 +3.558060778e+01 +3.558060778e+01 -4.592793922e+02 -4.948600000e+02 +2.7230e+00 +7.4255e-01 +2.8903e+00 -5.4267e-01 +2.4464e+00 -2.7173e+00 +1.6783e+00 +5.1324e-01 +6.8631e-01 +3.8620e+00
3935 +2.134133614e+01 +2.134133614e+01 -4.735186639e+02 -4.948600000e+02 +2.7230e+00 +7.4255e-01 +3.0418e+00 -5.4267e-01 +2.4081e+00 -3.8215e+00 +1.6783e+00 +2.8782e-01 +6.8631e-01 +3.9095e+00
4496 +1.537538802e+01 +1.537538802e+01 -4.794846120e+02 -4.948600000e+02 +2.7653e+00 +7.4255e-01 +3.0475e+00 -5.4267e-01 +2.4081e+00 -3.8215e+00 +1.6783e+00 +2.8782e-01 +6.8631e-01 +3.2037e+00
7691 +9.825639179e+00 +9.825639179e+00 -4.850343608e+02 -4.948600000e+02 +2.7230e+00 -2.0434e-01 +2.9857e+00 -5.4267e-01 +2.4081e+00 -3.2062e+00 +1.6783e+00 -1.9047e-01 +6.8631e-01 +3.8356e+00
36339 +6.050977639e+00 +6.050977639e+00 -4.888090224e+02 -4.948600000e+02 +2.7810e+00 -2.0723e+00 +3.7990e+00 +2.1395e-01 +3.0288e+00 -2.7074e+00 +1.6761e+00 -1.5603e-01 +1.0610e+00 +3.8460e+00
42632 +3.978985344e+00 +3.978985344e+00 -4.908810147e+02 -4.948600000e+02 +2.7557e+00 -1.0775e+00 +3.8222e+00 +2.2792e-01 +3.0073e+00 -3.2254e+00 +1.2255e+00 -1.6349e-01 +7.0334e-01 +3.5281e+00
53563 +2.243057763e+00 +2.243057763e+00 -4.926169422e+02 -4.948600000e+02 +2.7653e+00 -2.0434e-01 +3.8065e+00 +2.6036e-01 +3.0513e+00 -3.2342e+00 +1.6818e+00 -1.5818e-01 +1.0602e+00 +3.5267e+00
68374 +9.964389696e-01 +9.964389696e-01 -4.938635610e+02 -4.948600000e+02 +2.7750e+00 -1.0942e+00 +3.7990e+00 +2.1395e-01 +3.0288e+00 -3.2257e+00 +1.6761e+00 -1.5603e-01 +1.0553e+00 +3.5168e+00
73286 +5.361782726e-01 +5.361782726e-01 -4.943238217e+02 -4.948600000e+02 +2.7750e+00 -1.0942e+00 +3.8199e+00 +2.1395e-01 +3.0432e+00 -3.2257e+00 +1.6761e+00 -1.6372e-01 +1.0553e+00 +3.5223e+00
105022 +3.483020661e-01 +3.483020661e-01 -4.945116979e+02 -4.948600000e+02 +2.7750e+00 -1.1113e+00 +3.8199e+00 +2.1395e-01 +3.0432e+00 -3.2257e+00 +1.6761e+00 -1.6372e-01 +1.0553e+00 +3.5223e+00
110973 +2.387928638e-01 +2.387928638e-01 -4.946212071e+02 -4.948600000e+02 +2.7750e+00 -1.1182e+00 +3.8199e+00 +2.2485e-01 +3.0475e+00 -3.2257e+00 +1.6761e+00 -1.6372e-01 +1.0553e+00 +3.5223e+00
126734 +1.544462964e-01 +1.544462964e-01 -4.947055537e+02 -4.948600000e+02 +2.7653e+00 -1.1312e+00 +3.8222e+00 +2.2653e-01 +3.0443e+00 -3.2254e+00 +1.6818e+00 -1.6349e-01 +1.0602e+00 +3.5267e+00
157143 +8.529652253e-02 +8.529652253e-02 -4.947747035e+02 -4.948600000e+02 +2.7691e+00 -1.1144e+00 +3.8222e+00 +2.2653e-01 +3.0443e+00 -3.2254e+00 +1.6844e+00 -1.6349e-01 +1.0602e+00 +3.5232e+00
157699 +6.286238674e-02 +6.286238674e-02 -4.947971376e+02 -4.948600000e+02 +2.7691e+00 -1.1144e+00 +3.8222e+00 +2.2653e-01 +3.0443e+00 -3.2254e+00 +1.6870e+00 -1.6349e-01 +1.0602e+00 +3.5232e+00
162750 +3.644348247e-02 +3.644348247e-02 -4.948235565e+02 -4.948600000e+02 +2.7691e+00 -1.1268e+00 +3.8222e+00 +2.2653e-01 +3.0443e+00 -3.2295e+00 +1.6875e+00 -1.6349e-01 +1.0602e+00 +3.5232e+00
260011 +2.039923915e-02 +2.039923915e-02 -4.948396008e+02 -4.948600000e+02 +2.7737e+00 -1.1269e+00 +3.8222e+00 +2.2792e-01 +3.0474e+00 -3.2295e+00 +1.6870e+00 -1.6349e-01 +1.0602e+00 +3.5212e+00
317702 +1.580551436e-02 +1.580551436e-02 -4.948441945e+02 -4.948600000e+02 +2.7737e+00 -1.1261e+00 +3.8222e+00 +2.2653e-01 +3.0443e+00 -3.2295e+00 +1.6892e+00 -1.6349e-01 +1.0586e+00 +3.5215e+00
368305 +9.940943853e-03 +9.940943853e-03 -4.948500591e+02 -4.948600000e+02 +2.7743e+00 -1.1268e+00 +3.8222e+00 +2.2653e-01 +3.0478e+00 -3.2295e+00 +1.6890e+00 -1.6199e-01 +1.0582e+00 +3.5212e+00
399368 +3.560111769e-03 +3.560111769e-03 -4.948564399e+02 -4.948600000e+02 +2.7737e+00 -1.1236e+00 +3.8222e+00 +2.2653e-01 +3.0466e+00 -3.2295e+00 +1.6892e+00 -1.6349e-01 +1.0596e+00 +3.5215e+00
427807 +1.463405439e-03 +1.463405439e-03 -4.948585366e+02 -4.948600000e+02 +2.7737e+00 -1.1236e+00 +3.8222e+00 +2.2653e-01 +3.0475e+00 -3.2284e+00 +1.6892e+00 -1.6178e-01 +1.0596e+00 +3.5215e+00
584700 +9.799792534e-04 +9.799792534e-04 -4.948590200e+02 -4.948600000e+02 +2.7737e+00 -1.1230e+00 +3.8222e+00 +2.2653e-01 +3.0478e+00 -3.2284e+00 +1.6890e+00 -1.6239e-01 +1.0596e+00 +3.5215e+00
669028 +4.833526206e-04 +4.833526206e-04 -4.948595166e+02 -4.948600000e+02 +2.7743e+00 -1.1230e+00 +3.8223e+00 +2.2653e-01 +3.0478e+00 -3.2284e+00 +1.6895e+00 -1.6239e-01 +1.0596e+00 +3.5215e+00
% function evaluation | noise-free fitness - Fopt (3.484000000000e+02) | best noise-free fitness - Fopt | measured fitness | best measured fitness | x1 | x2...
1 +8.076796950e+02 +8.076796950e+02 +1.156079695e+03 +3.484000000e+02 -2.9625e+00 -2.5978e+00 +1.8231e+00 +4.7058e+00 -2.7329e+00 +2.5947e+00 -3.8843e+00 -1.6569e+00 +8.0000e-01 -1.8602e+00
200 +2.607299886e+02 +2.607299886e+02 +6.091299886e+02 +3.484000000e+02 -4.9371e+00 +1.3913e+00 -3.1281e+00 -8.7101e-01 +3.3626e-01 +2.7133e+00 +1.2504e+00 -1.1786e+00 +1.8875e+00 +2.4955e+00
400 +2.024960476e+02 +2.024960476e+02 +5.508960476e+02 +3.484000000e+02 +1.0547e+00 +1.8611e+00 +1.9138e+00 -4.1858e+00 -4.5355e-01 +1.6420e+00 +2.1397e+00 -2.3633e+00 +3.3327e+00 +3.1887e+00
999 +1.563771961e+02 +1.563771961e+02 +5.047771961e+02 +3.484000000e+02 +2.0748e+00 +3.9788e+00 -2.5379e-01 -4.7690e+00 +3.2428e+00 +3.4606e+00 +1.9785e+00 +1.5271e+00 +3.1972e+00 +1.0756e+00
2591 +8.379657626e+01 +8.379657626e+01 +4.321965763e+02 +3.484000000e+02 +2.4204e+00 +6.9493e-01 +5.7920e-02 -2.1855e+00 +3.2129e+00 +3.7284e+00 +1.9785e+00 +7.3456e-02 +3.1972e+00 +2.5433e+00
2987 +6.270361577e+01 +6.270361577e+01 +4.111036158e+02 +3.484000000e+02 +2.4204e+00 +6.9493e-01 +5.7920e-02 -2.1855e+00 +3.2129e+00 +3.5488e+00 +1.9785e+00 +7.3456e-02 +3.1972e+00 +2.5783e+00
3982 +3.475051319e+01 +3.475051319e+01 +3.831505132e+02 +3.484000000e+02 +9.9595e-01 +6.9493e-01 +1.3782e+00 -4.3143e+00 +3.2129e+00 +2.4589e+00 +1.9785e+00 +7.3456e-02 +3.6348e+00 +3.1887e+00
4779 +2.141520504e+01 +2.141520504e+01 +3.698152050e+02 +3.484000000e+02 +1.0547e+00 +6.9493e-01 +1.3782e+00 -4.3143e+00 +3.5960e+00 +3.4606e+00 +1.9785e+00 +7.3456e-02 +3.3327e+00 +3.1887e+00
5374 +1.232733445e+01 +1.232733445e+01 +3.607273345e+02 +3.484000000e+02 +9.9595e-01 +5.4313e-01 +1.3782e+00 -2.1855e+00 +3.5960e+00 +3.0758e+00 +1.9785e+00 +1.4312e-01 +3.6348e+00 +2.5928e+00
5573 +8.841711268e+00 +8.841711268e+00 +3.572417113e+02 +3.484000000e+02 +1.9720e+00 +5.4313e-01 +1.3782e+00 -4.3143e+00 +3.5960e+00 +4.0711e+00 +1.9785e+00 +7.3456e-02 +3.6348e+00 +2.5783e+00
6771 +6.221392131e+00 +6.221392131e+00 +3.546213921e+02 +3.484000000e+02 +9.9595e-01 +5.2652e-01 +1.3782e+00 -4.3143e+00 +3.5960e+00 +3.5488e+00 +1.9785e+00 +1.4312e-01 +3.6348e+00 +2.5928e+00
7367 +2.875119432e+00 +2.875119432e+00 +3.512751194e+02 +3.484000000e+02 +1.9720e+00 +5.9106e-01 +1.3782e+00 -3.5741e+00 +3.5960e+00 +3.5488e+00 +1.9785e+00 -2.8159e-01 +3.6348e+00 +2.5783e+00
8356 +2.047175838e+00 +2.047175838e+00 +3.504471758e+02 +3.484000000e+02 +1.9720e+00 +5.9106e-01 +1.3782e+00 -3.5741e+00 +3.5960e+00 +3.5488e+00 +1.9785e+00 -2.9860e-01 +3.6348e+00 +2.5928e+00
41953 +1.101169760e+00 +1.101169760e+00 +3.495011698e+02 +3.484000000e+02 +1.9720e+00 +5.9384e-01 +1.3877e+00 -3.5466e+00 +3.5960e+00 +3.5488e+00 +1.9802e+00 -3.0091e-01 +3.6348e+00 +2.5928e+00
43422 +9.887579694e-01 +9.887579694e-01 +3.493887580e+02 +3.484000000e+02 +1.9720e+00 +5.9384e-01 +1.3877e+00 -3.5392e+00 +3.5960e+00 +3.5488e+00 +1.9802e+00 -3.0747e-01 +3.6348e+00 +2.5928e+00
45216 +5.553707297e-01 +5.553707297e-01 +3.489553707e+02 +3.484000000e+02 +1.9933e+00 +5.9384e-01 +1.3877e+00 -3.5393e+00 +3.5960e+00 +3.5273e+00 +1.9802e+00 -3.0747e-01 +3.6348e+00 +2.5928e+00
103072 +3.939447200e-01 +3.939447200e-01 +3.487939447e+02 +3.484000000e+02 +2.0057e+00 +5.9384e-01 +1.3877e+00 -3.5231e+00 +3.5990e+00 +3.5257e+00 +1.9785e+00 -3.0317e-01 +3.6402e+00 +2.5928e+00
121388 +1.858694260e-01 +1.858694260e-01 +3.485858694e+02 +3.484000000e+02 +1.9933e+00 +5.9384e-01 +1.3877e+00 -3.5297e+00 +3.6070e+00 +3.5305e+00 +1.9924e+00 -3.0747e-01 +3.6348e+00 +2.5928e+00
123132 +1.528288367e-01 +1.528288367e-01 +3.485528288e+02 +3.484000000e+02 +1.9982e+00 +5.9384e-01 +1.3877e+00 -3.5297e+00 +3.6070e+00 +3.5305e+00 +1.9924e+00 -3.0747e-01 +3.6348e+00 +2.5850e+00
156871 +9.862586345e-02 +9.862586345e-02 +3.484986259e+02 +3.484000000e+02 +1.9982e+00 +5.9384e-01 +1.3858e+00 -3.5285e+00 +3.6094e+00 +3.5305e+00 +1.9924e+00 -3.0747e-01 +3.6374e+00 +2.5854e+00
166716 +5.894254103e-02 +5.894254103e-02 +3.484589425e+02 +3.484000000e+02 +2.0090e+00 +5.9384e-01 +1.3838e+00 -3.5312e+00 +3.6086e+00 +3.5294e+00 +1.9922e+00 -3.0317e-01 +3.6400e+00 +2.5854e+00
227488 +3.559946910e-02 +3.559946910e-02 +3.484355995e+02 +3.484000000e+02 +2.0020e+00 +5.9737e-01 +1.3858e+00 -3.5285e+00 +3.6094e+00 +3.5305e+00 +1.9924e+00 -3.0621e-01 +3.6402e+00 +2.5865e+00
233110 +2.444254420e-02 +2.444254420e-02 +3.484244425e+02 +3.484000000e+02 +2.0057e+00 +5.9737e-01 +1.3858e+00 -3.5285e+00 +3.6094e+00 +3.5305e+00 +1.9937e+00 -3.0621e-01 +3.6402e+00 +2.5865e+00
304828 +1.552918556e-02 +1.552918556e-02 +3.484155292e+02 +3.484000000e+02 +2.0072e+00 +5.9737e-01 +1.3858e+00 -3.5259e+00 +3.6094e+00 +3.5305e+00 +1.9924e+00 -3.0621e-01 +3.6402e+00 +2.5893e+00
435792 +5.915455716e-03 +5.915455716e-03 +3.484059155e+02 +3.484000000e+02 +2.0101e+00 +5.9737e-01 +1.3868e+00 -3.5259e+00 +3.6094e+00 +3.5305e+00 +1.9939e+00 -3.0516e-01 +3.6402e+00 +2.5891e+00
440870 +3.495295699e-03 +3.495295699e-03 +3.484034953e+02 +3.484000000e+02 +2.0101e+00 +5.9737e-01 +1.3868e+00 -3.5259e+00 +3.6094e+00 +3.5340e+00 +1.9939e+00 -3.0516e-01 +3.6402e+00 +2.5891e+00
454633 +2.126559565e-03 +2.126559565e-03 +3.484021266e+02 +3.484000000e+02 +2.0110e+00 +5.9674e-01 +1.3871e+00 -3.5259e+00 +3.6094e+00 +3.5322e+00 +1.9941e+00 -3.0473e-01 +3.6402e+00 +2.5893e+00
562910 +1.279128388e-03 +1.279128388e-03 +3.484012791e+02 +3.484000000e+02 +2.0110e+00 +5.9674e-01 +1.3871e+00 -3.5259e+00 +3.6094e+00 +3.5322e+00 +1.9941e+00 -3.0473e-01 +3.6408e+00 +2.5887e+00
705064 +6.175598348e-04 +6.175598348e-04 +3.484006176e+02 +3.484000000e+02 +2.0110e+00 +5.9674e-01 +1.3871e+00 -3.5269e+00 +3.6094e+00 +3.5322e+00 +1.9941e+00 -3.0473e-01 +3.6408e+00 +2.5887e+00
787627 +3.959940178e-04 +3.959940178e-04 +3.484003960e+02 +3.484000000e+02 +2.0110e+00 +5.9674e-01 +1.3871e+00 -3.5269e+00 +3.6094e+00 +3.5331e+00 +1.9941e+00 -3.0473e-01 +3.6408e+00 +2.5887e+00
% function evaluation | noise-free fitness - Fopt (3.770000000000e+00) | best noise-free fitness - Fopt | measured fitness | best measured fitness | x1 | x2...
1 +8.744878114e+02 +8.744878114e+02 +8.782578114e+02 +3.770000000e+00 +3.3355e-01 -2.1737e+00 -3.9368e+00 +4.2912e+00 +4.6707e+00 -3.2612e+00 +1.1992e+00 +1.3614e+00 +1.6705e+00 -1.4358e+00
196 +1.983233818e+02 +1.983233818e+02 +2.020933818e+02 +3.770000000e+00 +1.6452e+00 -1.8847e+00 -4.4244e-01 +1.0656e+00 +3.3838e+00 -1.1076e+00 +7.6686e-01 +3.6954e+00 +3.6835e+00 -5.9816e-01
784 +1.558105022e+02 +1.558105022e+02 +1.595805022e+02 +3.770000000e+00 +1.6452e+00 -1.8847e+00 +1.7015e+00 +1.0656e+00 +3.3838e+00 -1.1076e+00 +1.9908e+00 +2.7042e+00 +3.6835e+00 -5.9816e-01
1941 +7.669358567e+01 +7.669358567e+01 +8.046358567e+01 +3.770000000e+00 +3.0493e+00 -2.1407e+00 +8.6071e-01 +4.5174e+00 +3.3838e+00 +1.4961e+00 +1.1975e+00 +8.6462e-01 +3.6835e+00 -5.9816e-01
2336 +6.223896222e+01 +6.223896222e+01 +6.600896222e+01 +3.770000000e+00 +2.0843e+00 -2.1407e+00 +8.6071e-01 +4.4526e+00 +3.4229e+00 +2.5148e+00 +8.4690e-01 +5.5213e-01 +2.9741e+00 -5.9816e-01
3316 +3.197463753e+01 +3.197463753e+01 +3.574463753e+01 +3.770000000e+00 +2.8017e+00 -2.1407e+00 +2.9559e+00 +1.5708e+00 +3.3838e+00 +2.5748e+00 +1.6467e+00 +5.5213e-01 +3.6835e+00 -5.9816e-01
4295 +2.094558090e+01 +2.094558090e+01 +2.471558090e+01 +3.770000000e+00 +2.0843e+00 -2.1407e+00 +2.3499e+00 +1.5708e+00 +3.3838e+00 +2.5748e+00 +1.6467e+00 +1.4241e+00 +3.6835e+00 -5.9816e-01
5078 +1.560814128e+01 +1.560814128e+01 +1.937814128e+01 +3.770000000e+00 +3.0493e+00 -2.0513e+00 +2.3499e+00 +1.5708e+00 +3.3838e+00 +2.5748e+00 +1.6467e+00 +1.3952e+00 +3.6835e+00 -5.9816e-01
7037 +9.677682796e+00 +9.677682796e+00 +1.344768280e+01 +3.770000000e+00 +2.9385e+00 -2.0513e+00 +2.3499e+00 +1.5708e+00 +3.3838e+00 +3.0771e+00 +1.6467e+00 +1.4241e+00 +3.6835e+00 -5.9816e-01
8204 +5.675536382e+00 +5.675536382e+00 +9.445536382e+00 +3.770000000e+00 +2.9385e+00 -2.0513e+00 +2.3499e+00 +2.0372e+00 +3.3874e+00 +3.0470e+00 +1.6467e+00 +1.3952e+00 +3.6835e+00 -5.9816e-01
46415 +3.558833200e+00 +3.558833200e+00 +7.328833200e+00 +3.770000000e+00 +2.8956e+00 -2.0247e+00 +3.1672e+00 +2.7840e+00 +3.3903e+00 +3.0591e+00 +2.0964e+00 +1.3811e+00 +3.3750e+00 -6.0031e-01
49935 +2.448499335e+00 +2.448499335e+00 +6.218499335e+00 +3.770000000e+00 +2.9385e+00 -2.0513e+00 +3.1523e+00 +2.0682e+00 +3.4074e+00 +3.0771e+00 +1.6467e+00 +1.3952e+00 +3.7029e+00 -6.0990e-01
50731 +1.473989794e+00 +1.473989794e+00 +5.243989794e+00 +3.770000000e+00 +2.9385e+00 -2.0513e+00 +3.1523e+00 +2.7595e+00 +3.4074e+00 +3.0771e+00 +2.0866e+00 +1.3952e+00 +3.7029e+00 -6.0990e-01
57851 +8.063654710e-01 +8.063654710e-01 +4.576365471e+00 +3.770000000e+00 +2.9385e+00 -2.0324e+00 +3.1523e+00 +2.7759e+00 +3.4074e+00 +3.0770e+00 +2.0866e+00 +1.3952e+00 +3.7029e+00 -6.2640e-01
88155 +2.961108314e-01 +2.961108314e-01 +4.066110831e+00 +3.770000000e+00 +2.9385e+00 -2.0334e+00 +3.1523e+00 +2.8083e+00 +3.4074e+00 +3.0609e+00 +2.0866e+00 +1.3952e+00 +3.7029e+00 -6.2640e-01
91955 +2.457945446e-01 +2.457945446e-01 +4.015794545e+00 +3.770000000e+00 +2.9385e+00 -2.0334e+00 +3.1523e+00 +2.8083e+00 +3.4074e+00 +3.0609e+00 +2.0866e+00 +1.3952e+00 +3.7029e+00 -6.1278e-01
94991 +1.472912966e-01 +1.472912966e-01 +3.917291297e+00 +3.770000000e+00 +2.9414e+00 -2.0334e+00 +3.1523e+00 +2.8083e+00 +3.4074e+00 +3.0609e+00 +2.0866e+00 +1.3952e+00 +3.7062e+00 -6.1906e-01
129026 +9.576768684e-02 +9.576768684e-02 +3.865767687e+00 +3.770000000e+00 +2.9414e+00 -2.0433e+00 +3.1600e+00 +2.8083e+00 +3.4097e+00 +3.0609e+00 +2.0866e+00 +1.3952e+00 +3.7062e+00 -6.1906e-01
152885 +5.339166305e-02 +5.339166305e-02 +3.823391663e+00 +3.770000000e+00 +2.9385e+00 -2.0409e+00 +3.1564e+00 +2.8067e+00 +3.4087e+00 +3.0641e+00 +2.0927e+00 +1.3952e+00 +3.7067e+00 -6.2091e-01
186030 +3.977107065e-02 +3.977107065e-02 +3.809771071e+00 +3.770000000e+00 +2.9385e+00 -2.0409e+00 +3.1592e+00 +2.8067e+00 +3.4087e+00 +3.0641e+00 +2.0927e+00 +1.3917e+00 +3.7067e+00 -6.2091e-01
198776 +2.442840605e-02 +2.442840605e-02 +3.794428406e+00 +3.770000000e+00 +2.9414e+00 -2.0406e+00 +3.1634e+00 +2.8083e+00 +3.4097e+00 +3.0609e+00 +2.0939e+00 +1.3952e+00 +3.7073e+00 -6.1906e-01
207740 +8.733291153e-03 +8.733291153e-03 +3.778733291e+00 +3.770000000e+00 +2.9414e+00 -2.0406e+00 +3.1634e+00 +2.8037e+00 +3.4097e+00 +3.0645e+00 +2.0939e+00 +1.3919e+00 +3.7074e+00 -6.1906e-01
278682 +5.864280090e-03 +5.864280090e-03 +3.775864280e+00 +3.770000000e+00 +2.9414e+00 -2.0406e+00 +3.1634e+00 +2.8067e+00 +3.4108e+00 +3.0641e+00 +2.0939e+00 +1.3919e+00 +3.7074e+00 -6.1906e-01
379259 +3.665452246e-03 +3.665452246e-03 +3.773665452e+00 +3.770000000e+00 +2.9414e+00 -2.0406e+00 +3.1634e+00 +2.8044e+00 +3.4108e+00 +3.0641e+00 +2.0939e+00 +1.3930e+00 +3.7078e+00 -6.1856e-01
545523 +2.192140098e-03 +2.192140098e-03 +3.772192140e+00 +3.770000000e+00 +2.9414e+00 -2.0399e+00 +3.1634e+00 +2.8058e+00 +3.4112e+00 +3.0641e+00 +2.0944e+00 +1.3919e+00 +3.7079e+00 -6.1808e-01
667599 +1.058109665e-03 +1.058109665e-03 +3.771058110e+00 +3.770000000e+00 +2.9414e+00 -2.0392e+00 +3.1638e+00 +2.8058e+00 +3.4120e+00 +3.0641e+00 +2.0949e+00 +1.3919e+00 +3.7079e+00 -6.1818e-01
801431 +9.761393883e-04 +9.761393883e-04 +3.770976139e+00 +3.770000000e+00 +2.9414e+00 -2.0399e+00 +3.1638e+00 +2.8058e+00 +3.4116e+00 +3.0641e+00 +2.0944e+00 +1.3930e+00 +3.7079e+00 -6.1818e-01
811761 +1.432444643e-04 +1.432444643e-04 +3.770143244e+00 +3.770000000e+00 +2.9414e+00 -2.0392e+00 +3.1640e+00 +2.8058e+00 +3.4120e+00 +3.0641e+00 +2.0951e+00 +1.3930e+00 +3.7079e+00 -6.1856e-01
% function evaluation | noise-free fitness - Fopt (3.770000000000e+01) | best noise-free fitness - Fopt | measured fitness | best measured fitness | x1 | x2...
1 +7.685467681e+02 +7.685467681e+02 +8.062467681e+02 +3.770000000e+01 -1.2852e+00 +2.8211e+00 -2.9986e+00 +4.2019e+00 -2.6683e+00 -1.1381e+00 +2.5158e+00 +1.8853e+00 +3.9826e+00 +3.4386e+00
172 +2.628129057e+02 +2.628129057e+02 +3.005129057e+02 +3.770000000e+01 -3.0755e+00 -2.3069e+00 +2.0190e+00 +2.1867e-01 +1.1647e+00 +1.6915e+00 +3.6030e+00 -9.2721e-01 +1.0486e+00 -8.9938e-01
530 +2.389134480e+02 +2.389134480e+02 +2.766134480e+02 +3.770000000e+01 -1.1563e+00 -4.1722e+00 -7.1507e-01 -1.1630e+00 -6.9314e-01 +2.2777e+00 +2.5612e+00 -1.7306e+00 +1.8534e+00 -1.6751e+00
1415 +1.264965256e+02 +1.264965256e+02 +1.641965256e+02 +3.770000000e+01 +1.2931e+00 -1.9945e+00 +9.2756e-01 -2.3868e+00 -3.2204e-01 +4.7293e+00 +3.3610e+00 -3.2751e+00 +2.8755e+00 -1.4917e-02
2096 +8.807614742e+01 +8.807614742e+01 +1.257761474e+02 +3.770000000e+01 -2.7086e-01 -2.5620e+00 -5.2015e-01 -3.4534e+00 +1.6890e+00 +2.7496e+00 +2.7761e+00 -3.2751e+00 +2.8755e+00 -6.7245e-01
2812 +6.177884764e+01 +6.177884764e+01 +9.947884764e+01 +3.770000000e+01 +1.2931e+00 -2.3347e+00 -5.2015e-01 -3.4534e+00 +1.6890e+00 +4.7293e+00 +3.3610e+00 -3.2751e+00 +3.8622e+00 -1.4917e-02
4222 +3.151734904e+01 +3.151734904e+01 +6.921734904e+01 +3.770000000e+01 +1.1216e+00 -2.3347e+00 +2.8446e+00 -3.4534e+00 +1.6890e+00 +3.6521e+00 +3.3610e+00 -3.2751e+00 +3.8622e+00 -1.2821e+00
4912 +2.507035530e+01 +2.507035530e+01 +6.277035530e+01 +3.770000000e+01 +1.1216e+00 -2.3347e+00 +2.7713e+00 -3.4534e+00 +1.6890e+00 +3.2204e+00 +3.3610e+00 -3.7084e+00 +3.8622e+00 -1.2821e+00
6322 +1.526736736e+01 +1.526736736e+01 +5.296736736e+01 +3.770000000e+01 +1.1216e+00 -2.3347e+00 +1.8209e+00 -2.9192e+00 +1.6890e+00 +3.6951e+00 +3.3610e+00 -3.7084e+00 +3.8622e+00 -6.7245e-01
8437 +9.327976684e+00 +9.327976684e+00 +4.702797668e+01 +3.770000000e+01 +1.1108e+00 -2.3347e+00 +1.8209e+00 -3.5378e+00 +1.6890e+00 +3.6951e+00 +3.3610e+00 -3.3113e+00 +3.8959e+00 -6.7245e-01
38528 +5.697473426e+00 +5.697473426e+00 +4.339747343e+01 +3.770000000e+01 +1.1108e+00 -2.3347e+00 +2.6010e+00 -3.5378e+00 +1.6890e+00 +3.1534e+00 +3.3610e+00 -3.3113e+00 +3.8959e+00 -6.0202e-01
44316 +2.936567041e+00 +2.936567041e+00 +4.063656704e+01 +3.770000000e+01 +1.1108e+00 -2.3347e+00 +2.6010e+00 -3.5416e+00 +1.7483e+00 +3.1534e+00 +2.9564e+00 -3.3113e+00 +3.8959e+00 -6.2196e-01
56060 +2.140541213e+00 +2.140541213e+00 +3.984054121e+01 +3.770000000e+01 +1.1037e+00 -2.3347e+00 +1.7992e+00 -3.5677e+00 +2.3712e+00 +3.1534e+00 +3.3890e+00 -3.3113e+00 +3.9017e+00 -6.2108e-01
57690 +1.473849960e+00 +1.473849960e+00 +3.917384996e+01 +3.770000000e+01 +1.1108e+00 -2.3347e+00 +2.5627e+00 -3.5677e+00 +2.3712e+00 +3.1534e+00 +3.3890e+00 -3.3113e+00 +3.9017e+00 -6.3296e-01
62618 +6.433823018e-01 +6.433823018e-01 +3.834338230e+01 +3.770000000e+01 +1.1108e+00 -2.3347e+00 +2.6052e+00 -3.5677e+00 +2.3712e+00 +3.1534e+00 +3.3890e+00 -3.3113e+00 +3.9017e+00 -6.3296e-01
75084 +5.989939232e-01 +5.989939232e-01 +3.829899392e+01 +3.770000000e+01 +1.1108e+00 -2.3347e+00 +2.6010e+00 -3.5571e+00 +2.3712e+00 +3.1755e+00 +3.3863e+00 -3.3113e+00 +3.9017e+00 -6.4494e-01
76615 +2.826884273e-01 +2.826884273e-01 +3.798268843e+01 +3.770000000e+01 +1.1108e+00 -2.3347e+00 +2.6010e+00 -3.5571e+00 +2.3712e+00 +3.1755e+00 +3.4036e+00 -3.3113e+00 +3.9017e+00 -6.4494e-01
78536 +2.455086630e-01 +2.455086630e-01 +3.794550866e+01 +3.770000000e+01 +1.1108e+00 -2.3347e+00 +2.6010e+00 -3.5571e+00 +2.3712e+00 +3.1755e+00 +3.4036e+00 -3.3150e+00 +3.8959e+00 -6.2994e-01
81392 +1.542257310e-01 +1.542257310e-01 +3.785422573e+01 +3.770000000e+01 +1.1108e+00 -2.3347e+00 +2.6010e+00 -3.5571e+00 +2.3712e+00 +3.1657e+00 +3.4036e+00 -3.3150e+00 +3.9017e+00 -6.2994e-01
154841 +9.884524412e-02 +9.884524412e-02 +3.779884524e+01 +3.770000000e+01 +1.1108e+00 -2.3441e+00 +2.6010e+00 -3.5473e+00 +2.3712e+00 +3.1755e+00 +3.4044e+00 -3.3194e+00 +3.9017e+00 -6.3297e-01
193904 +4.447833171e-02 +4.447833171e-02 +3.774447833e+01 +3.770000000e+01 +1.1108e+00 -2.3406e+00 +2.6111e+00 -3.5473e+00 +2.3712e+00 +3.1755e+00 +3.4036e+00 -3.3194e+00 +3.9017e+00 -6.3629e-01
194449 +3.497928102e-02 +3.497928102e-02 +3.773497928e+01 +3.770000000e+01 +1.1108e+00 -2.3406e+00 +2.6111e+00 -3.5473e+00 +2.3712e+00 +3.1639e+00 +3.4036e+00 -3.3158e+00 +3.9017e+00 -6.3629e-01
237469 +1.301314850e-02 +1.301314850e-02 +3.771301315e+01 +3.770000000e+01 +1.1108e+00 -2.3406e+00 +2.6111e+00 -3.5473e+00 +2.3712e+00 +3.1676e+00 +3.4036e+00 -3.3194e+00 +3.9023e+00 -6.3629e-01
240373 +9.981303485e-03 +9.981303485e-03 +3.770998130e+01 +3.770000000e+01 +1.1108e+00 -2.3406e+00 +2.6111e+00 -3.5482e+00 +2.3712e+00 +3.1676e+00 +3.4044e+00 -3.3194e+00 +3.9023e+00 -6.3629e-01
335970 +6.146962989e-03 +6.146962989e-03 +3.770614696e+01 +3.770000000e+01 +1.1120e+00 -2.3393e+00 +2.6112e+00 -3.5492e+00 +2.3712e+00 +3.1695e+00 +3.4043e+00 -3.3162e+00 +3.9029e+00 -6.3653e-01
363992 +3.712791610e-03 +3.712791610e-03 +3.770371279e+01 +3.770000000e+01 +1.1121e+00 -2.3393e+00 +2.6112e+00 -3.5505e+00 +2.3713e+00 +3.1697e+00 +3.4043e+00 -3.3173e+00 +3.9029e+00 -6.3600e-01
431802 +2.409370012e-03 +2.409370012e-03 +3.770240937e+01 +3.770000000e+01 +1.1136e+00 -2.3406e+00 +2.6111e+00 -3.5490e+00 +2.3727e+00 +3.1696e+00 +3.4044e+00 -3.3180e+00 +3.9023e+00 -6.3629e-01
475718 +1.533528880e-03 +1.533528880e-03 +3.770153353e+01 +3.770000000e+01 +1.1135e+00 -2.3406e+00 +2.6116e+00 -3.5500e+00 +2.3727e+00 +3.1687e+00 +3.4047e+00 -3.3180e+00 +3.9023e+00 -6.3583e-01
540285 +6.733016434e-04 +6.733016434e-04 +3.770067330e+01 +3.770000000e+01 +1.1135e+00 -2.3406e+00 +2.6116e+00 -3.5490e+00 +2.3727e+00 +3.1687e+00 +3.4047e+00 -3.3180e+00 +3.9029e+00 -6.3583e-01
540874 +5.951189029e-04 +5.951189029e-04 +3.770059512e+01 +3.770000000e+01 +1.1135e+00 -2.3406e+00 +2.6116e+00 -3.5492e+00 +2.3727e+00 +3.1687e+00 +3.4047e+00 -3.3180e+00 +3.9029e+00 -6.3583e-01
679844 +3.899494321e-04 +3.899494321e-04 +3.770038995e+01 +3.770000000e+01 +1.1135e+00 -2.3406e+00 +2.6116e+00 -3.5496e+00 +2.3727e+00 +3.1687e+00 +3.4047e+00 -3.3173e+00 +3.9029e+00 -6.3583e-01
744623 +1.800134866e-04 +1.800134866e-04 +3.770018001e+01 +3.770000000e+01 +1.1135e+00 -2.3406e+00 +2.6116e+00 -3.5496e+00 +2.3727e+00 +3.1687e+00 +3.4047e+00 -3.3173e+00 +3.9031e+00 -6.3600e-01
% function evaluation | noise-free fitness - Fopt (6.956900000000e+02) | best noise-free fitness - Fopt | measured fitness | best measured fitness | x1 | x2...
1 +1.433410138e+03 +1.433410138e+03 +2.129100138e+03 +6.956900000e+02 -4.8358e+00 +2.5266e+00 +5.9252e-01 +3.6263e+00 -3.8274e+00 -4.6609e+00 +4.1575e+00 +4.6668e+00 +1.7424e+00 +1.8516e+00
186 +3.416222452e+02 +3.416222452e+02 +1.037312245e+03 +6.956900000e+02 -3.3961e-01 -4.5886e+00 -2.2061e+00 +3.5641e+00 -1.7497e+00 -2.7955e+00 +1.8144e+00 +1.5114e+00 -3.4746e+00 -1.1795e+00
378 +2.231086470e+02 +2.231086470e+02 +9.187986470e+02 +6.956900000e+02 +1.1630e+00 -4.2780e+00 +4.1902e+00 +2.6868e+00 -4.8050e-01 -3.8122e+00 +2.1162e+00 +1.3508e+00 -1.5087e+00 -1.6877e+00
1328 +1.477849164e+02 +1.477849164e+02 +8.434749164e+02 +6.956900000e+02 +4.8492e-01 -2.3746e+00 -1.9798e+00 +3.5641e+00 -7.9504e-01 -2.7955e+00 +3.3082e+00 -4.5014e-01 +9.3174e-01 -1.0705e+00
2462 +9.428563053e+01 +9.428563053e+01 +7.899756305e+02 +6.956900000e+02 +4.8492e-01 -4.9010e+00 +1.6913e+00 +3.5641e+00 -7.9504e-01 -2.7955e+00 +1.8144e+00 +1.3508e+00 +2.1122e-01 -1.1795e+00
2836 +6.151932817e+01 +6.151932817e+01 +7.572093282e+02 +6.956900000e+02 +3.1715e+00 -4.9010e+00 +1.6913e+00 +3.5641e+00 -3.7216e-01 -2.7955e+00 +2.7563e+00 +1.5114e+00 +2.1122e-01 -1.0705e+00
3600 +3.963500627e+01 +3.963500627e+01 +7.353250063e+02 +6.956900000e+02 +3.1715e+00 -4.9010e+00 +1.8308e+00 +3.5641e+00 -3.2266e-01 -2.7955e+00 +2.6342e+00 +1.5114e+00 +2.1122e-01 -1.0705e+00
5113 +2.447842565e+01 +2.447842565e+01 +7.201684256e+02 +6.956900000e+02 +3.1715e+00 -4.1200e+00 +2.5106e+00 +3.5641e+00 -3.2266e-01 -2.7955e+00 +2.6275e+00 +1.5114e+00 +6.5749e-01 -1.0705e+00
6996 +1.564759700e+01 +1.564759700e+01 +7.113375970e+02 +6.956900000e+02 +3.2847e+00 -4.1200e+00 +2.5106e+00 +3.5641e+00 -3.2266e-01 -2.7955e+00 +2.6342e+00 +1.0305e+00 +6.5749e-01 -1.0705e+00
25571 +9.916034489e+00 +9.916034489e+00 +7.056060345e+02 +6.956900000e+02 +2.2944e+00 -3.3170e+00 +3.3703e+00 +4.2254e+00 -3.6241e-01 -3.8266e+00 +2.6291e+00 +1.4746e+00 +1.0036e+00 -7.9721e-01
28205 +6.106779852e+00 +6.106779852e+00 +7.017967799e+02 +6.956900000e+02 +2.2944e+00 -3.3170e+00 +3.3550e+00 +4.2254e+00 +2.7404e-01 -3.8266e+00 +2.6291e+00 +1.4746e+00 +1.0251e+00 -7.6629e-01
45920 +3.813780352e+00 +3.813780352e+00 +6.995037804e+02 +6.956900000e+02 +3.2606e+00 -3.2390e+00 +3.3640e+00 +3.5641e+00 +2.8063e-01 -3.7999e+00 +3.0634e+00 +1.0305e+00 +1.0150e+00 -4.8129e-01
49437 +2.271637010e+00 +2.271637010e+00 +6.979616370e+02 +6.956900000e+02 +3.2588e+00 -3.2390e+00 +3.3415e+00 +3.6315e+00 +2.7404e-01 -3.8266e+00 +2.6342e+00 +1.0305e+00 +1.0251e+00 -7.6629e-01
50903 +1.561321978e+00 +1.561321978e+00 +6.972513220e+02 +6.956900000e+02 +3.2588e+00 -3.2390e+00 +3.3639e+00 +3.6297e+00 +2.7404e-01 -3.8266e+00 +3.0463e+00 +1.0305e+00 +1.0355e+00 -7.6629e-01
102524 +7.111068598e-01 +7.111068598e-01 +6.964011069e+02 +6.956900000e+02 +3.2588e+00 -3.2390e+00 +3.3639e+00 +3.6297e+00 +2.7612e-01 -3.8146e+00 +3.0687e+00 +1.0305e+00 +1.0355e+00 -7.6629e-01
102921 +4.328143437e-01 +4.328143437e-01 +6.961228143e+02 +6.956900000e+02 +3.2784e+00 -3.2390e+00 +3.3639e+00 +3.6297e+00 +2.7404e-01 -3.8146e+00 +3.0687e+00 +1.0331e+00 +1.0355e+00 -7.8163e-01
103299 +3.705364561e-01 +3.705364561e-01 +6.960605365e+02 +6.956900000e+02 +3.2784e+00 -3.2390e+00 +3.3639e+00 +3.6297e+00 +2.7612e-01 -3.8146e+00 +3.0687e+00 +1.0305e+00 +1.0355e+00 -7.8163e-01
107576 +2.464985371e-01 +2.464985371e-01 +6.959364985e+02 +6.956900000e+02 +3.2784e+00 -3.2623e+00 +3.3639e+00 +3.6297e+00 +2.7612e-01 -3.8146e+00 +3.0762e+00 +1.0305e+00 +1.0355e+00 -7.8163e-01
130833 +1.351235440e-01 +1.351235440e-01 +6.958251235e+02 +6.956900000e+02 +3.2784e+00 -3.2623e+00 +3.3639e+00 +3.6144e+00 +2.8063e-01 -3.8146e+00 +3.0762e+00 +1.0305e+00 +1.0355e+00 -7.8163e-01
166557 +8.302941641e-02 +8.302941641e-02 +6.957730294e+02 +6.956900000e+02 +3.2747e+00 -3.2557e+00 +3.3639e+00 +3.6094e+00 +2.8516e-01 -3.8197e+00 +3.0760e+00 +1.0305e+00 +1.0355e+00 -7.7875e-01
166947 +5.377045323e-02 +5.377045323e-02 +6.957437705e+02 +6.956900000e+02 +3.2747e+00 -3.2557e+00 +3.3639e+00 +3.6197e+00 +2.8516e-01 -3.8197e+00 +3.0760e+00 +1.0305e+00 +1.0355e+00 -7.7875e-01
168110 +3.700137061e-02 +3.700137061e-02 +6.957270014e+02 +6.956900000e+02 +3.2825e+00 -3.2557e+00 +3.3639e+00 +3.6199e+00 +2.8516e-01 -3.8197e+00 +3.0760e+00 +1.0305e+00 +1.0355e+00 -7.7875e-01
170788 +2.482642518e-02 +2.482642518e-02 +6.957148264e+02 +6.956900000e+02 +3.2825e+00 -3.2557e+00 +3.3639e+00 +3.6197e+00 +2.8516e-01 -3.8197e+00 +3.0760e+00 +1.0281e+00 +1.0355e+00 -7.7786e-01
281417 +4.453579710e-03 +4.453579710e-03 +6.956944536e+02 +6.956900000e+02 +3.2848e+00 -3.2578e+00 +3.3658e+00 +3.6197e+00 +2.8959e-01 -3.8197e+00 +3.0760e+00 +1.0281e+00 +1.0366e+00 -7.7786e-01
288804 +3.396388134e-03 +3.396388134e-03 +6.956933964e+02 +6.956900000e+02 +3.2848e+00 -3.2578e+00 +3.3658e+00 +3.6197e+00 +2.8959e-01 -3.8197e+00 +3.0760e+00 +1.0270e+00 +1.0366e+00 -7.7786e-01
457432 +1.691924691e-03 +1.691924691e-03 +6.956916919e+02 +6.956900000e+02 +3.2848e+00 -3.2582e+00 +3.3658e+00 +3.6175e+00 +2.8959e-01 -3.8197e+00 +3.0760e+00 +1.0277e+00 +1.0374e+00 -7.7754e-01
457799 +1.388411295e-03 +1.388411295e-03 +6.956913884e+02 +6.956900000e+02 +3.2848e+00 -3.2582e+00 +3.3658e+00 +3.6183e+00 +2.8959e-01 -3.8197e+00 +3.0760e+00 +1.0277e+00 +1.0374e+00 -7.7754e-01
532603 +5.834822734e-04 +5.834822734e-04 +6.956905835e+02 +6.956900000e+02 +3.2848e+00 -3.2582e+00 +3.3654e+00 +3.6183e+00 +2.8959e-01 -3.8197e+00 +3.0760e+00 +1.0277e+00 +1.0375e+00 -7.7754e-01
562453 +3.712766237e-04 +3.712766237e-04 +6.956903713e+02 +6.956900000e+02 +3.2848e+00 -3.2582e+00 +3.3654e+00 +3.6183e+00 +2.8959e-01 -3.8187e+00 +3.0760e+00 +1.0274e+00 +1.0374e+00 -7.7773e-01
799850 +1.133580101e-04 +1.133580101e-04 +6.956901134e+02 +6.956900000e+02 +3.2848e+00 -3.2582e+00 +3.3654e+00 +3.6183e+00 +2.8959e-01 -3.8194e+00 +3.0760e+00 +1.0273e+00 +1.0375e+00 -7.7754e-01
% function evaluation | noise-free fitness - Fopt (-1.180300000000e+02) | best noise-free fitness - Fopt | measured fitness | best measured fitness | x1 | x2...
1 +1.205663757e+03 +1.205663757e+03 +1.087633757e+03 -1.180300000e+02 +3.3119e+00 -4.9973e+00 -1.7220e+00 -1.4956e+00 +3.7496e+00 -4.0399e+00 -6.0314e-02 -3.6819e+00 -2.3754e+00 +3.9596e+00
198 +3.158102936e+02 +3.158102936e+02 +1.977802936e+02 -1.180300000e+02 +3.8140e-01 +2.9311e+00 -2.6044e+00 -3.3314e+00 -3.7140e-01 -3.4535e+00 +1.9911e+00 -5.6480e-01 -1.0633e+00 +3.1205e+00
393 +2.208003510e+02 +2.208003510e+02 +1.027703510e+02 -1.180300000e+02 -1.9664e-01 +1.5853e+00 -2.0378e+00 -1.1115e+00 +1.1357e+00 -3.5433e+00 +3.8016e+00 -8.0763e-01 +1.1363e+00 +3.9339e+00
982 +1.355191849e+02 +1.355191849e+02 +1.748918489e+01 -1.180300000e+02 -1.9664e-01 +3.5903e+00 -1.9148e+00 -3.3314e+00 +3.1413e+00 -2.0789e+00 +2.6618e+00 +1.0791e+00 +1.5251e+00 +2.7808e+00
1958 +7.673254247e+01 +7.673254247e+01 -4.129745753e+01 -1.180300000e+02 +1.0791e+00 +3.6650e+00 -2.0378e+00 -6.8177e-01 +2.1351e+00 -1.8085e+00 +3.3308e+00 +3.6155e-01 +1.7630e+00 +2.3553e+00
2352 +5.782982399e+01 +5.782982399e+01 -6.020017601e+01 -1.180300000e+02 +1.0791e+00 +4.1212e+00 -1.2146e+00 -3.3314e+00 +3.1613e+00 -3.2715e+00 +3.4879e+00 +1.0791e+00 +1.7630e+00 +8.2605e-01
3528 +3.421674830e+01 +3.421674830e+01 -8.381325170e+01 -1.180300000e+02 +1.2774e+00 +3.5903e+00 -1.2146e+00 -2.6065e+00 +3.1613e+00 -1.8085e+00 +3.2576e+00 +1.0791e+00 +1.7630e+00 +2.1155e+00
4511 +2.484495890e+01 +2.484495890e+01 -9.318504110e+01 -1.180300000e+02 +9.6149e-01 +3.5903e+00 -1.2146e+00 -2.6065e+00 +3.1613e+00 -1.8085e+00 +3.8016e+00 +2.7139e-01 +1.7630e+00 +2.1274e+00
5875 +1.381754489e+01 +1.381754489e+01 -1.042124551e+02 -1.180300000e+02 +9.6149e-01 +3.5201e+00 -4.6518e-01 -2.3633e+00 +3.1413e+00 -1.8085e+00 +3.3807e+00 +6.7367e-01 +1.7630e+00 +1.8673e+00
7834 +9.991584302e+00 +9.991584302e+00 -1.080384157e+02 -1.180300000e+02 +1.0066e+00 +3.5903e+00 -4.6518e-01 -3.1411e+00 +3.1413e+00 -1.7925e+00 +3.3807e+00 +6.7649e-01 +1.7630e+00 +1.5756e+00
9782 +6.190203615e+00 +6.190203615e+00 -1.118397964e+02 -1.180300000e+02 +1.0066e+00 +3.5903e+00 +2.7052e-01 -3.1411e+00 +3.1613e+00 -1.8085e+00 +3.3807e+00 +6.7367e-01 +2.1579e+00 +1.8729e+00
39435 +3.835502542e+00 +3.835502542e+00 -1.141944975e+02 -1.180300000e+02 +1.0264e+00 +3.5903e+00 +2.8395e-01 -3.1411e+00 +3.1364e+00 -1.8335e+00 +3.8403e+00 +6.7367e-01 +2.1048e+00 +1.5424e+00
40812 +2.182458371e+00 +2.182458371e+00 -1.158475416e+02 -1.180300000e+02 +1.0684e+00 +3.5903e+00 +2.7052e-01 -3.1411e+00 +3.1613e+00 -1.8335e+00 +3.8403e+00 +6.7367e-01 +2.1102e+00 +1.5424e+00
46698 +1.516906262e+00 +1.516906262e+00 -1.165130937e+02 -1.180300000e+02 +1.0684e+00 +3.5903e+00 +2.7052e-01 -3.1411e+00 +3.1489e+00 -1.8335e+00 +3.8591e+00 +6.7367e-01 +2.1102e+00 +1.5578e+00
79854 +7.429119536e-01 +7.429119536e-01 -1.172870880e+02 -1.180300000e+02 +1.0684e+00 +3.5725e+00 +2.7052e-01 -3.1469e+00 +3.7733e+00 -1.8335e+00 +3.8591e+00 +6.7367e-01 +2.1102e+00 +1.5558e+00
83292 +3.484327326e-01 +3.484327326e-01 -1.176815673e+02 -1.180300000e+02 +1.0684e+00 +3.5675e+00 +2.7052e-01 -3.1469e+00 +3.7902e+00 -1.8335e+00 +3.8591e+00 +6.7367e-01 +2.1102e+00 +1.5558e+00
114978 +1.790093429e-01 +1.790093429e-01 -1.178509907e+02 -1.180300000e+02 +1.0684e+00 +3.5675e+00 +2.7052e-01 -3.1469e+00 +3.8004e+00 -1.8335e+00 +3.8591e+00 +6.7367e-01 +2.1175e+00 +1.5558e+00
116422 +7.130288598e-02 +7.130288598e-02 -1.179586971e+02 -1.180300000e+02 +1.0782e+00 +3.5675e+00 +2.7052e-01 -3.1469e+00 +3.8004e+00 -1.8335e+00 +3.8591e+00 +6.5999e-01 +2.1175e+00 +1.5558e+00
117882 +5.013763310e-02 +5.013763310e-02 -1.179798624e+02 -1.180300000e+02 +1.0782e+00 +3.5675e+00 +2.7896e-01 -3.1469e+00 +3.8004e+00 -1.8335e+00 +3.8591e+00 +6.5999e-01 +2.1175e+00 +1.5558e+00
154173 +3.409968253e-02 +3.409968253e-02 -1.179959003e+02 -1.180300000e+02 +1.0782e+00 +3.5675e+00 +2.7896e-01 -3.1469e+00 +3.8004e+00 -1.8284e+00 +3.8591e+00 +6.6100e-01 +2.1175e+00 +1.5558e+00
198389 +1.493824536e-02 +1.493824536e-02 -1.180150618e+02 -1.180300000e+02 +1.0782e+00 +3.5640e+00 +2.7896e-01 -3.1512e+00 +3.8006e+00 -1.8284e+00 +3.8591e+00 +6.6391e-01 +2.1178e+00 +1.5534e+00
273782 +9.558646746e-03 +9.558646746e-03 -1.180204414e+02 -1.180300000e+02 +1.0782e+00 +3.5640e+00 +2.7896e-01 -3.1512e+00 +3.8004e+00 -1.8322e+00 +3.8611e+00 +6.6464e-01 +2.1178e+00 +1.5534e+00
291802 +2.399535180e-03 +2.399535180e-03 -1.180276005e+02 -1.180300000e+02 +1.0782e+00 +3.5659e+00 +2.7896e-01 -3.1503e+00 +3.8004e+00 -1.8306e+00 +3.8610e+00 +6.6434e-01 +2.1188e+00 +1.5538e+00
455294 +1.135092569e-03 +1.135092569e-03 -1.180288649e+02 -1.180300000e+02 +1.0782e+00 +3.5659e+00 +2.7896e-01 -3.1503e+00 +3.8006e+00 -1.8306e+00 +3.8613e+00 +6.6434e-01 +2.1188e+00 +1.5543e+00
572717 +6.206252007e-04 +6.206252007e-04 -1.180293794e+02 -1.180300000e+02 +1.0782e+00 +3.5656e+00 +2.7896e-01 -3.1503e+00 +3.8009e+00 -1.8306e+00 +3.8613e+00 +6.6434e-01 +2.1190e+00 +1.5545e+00
% function evaluation | noise-free fitness - Fopt (4.816000000000e+01) | best noise-free fitness - Fopt | measured fitness | best measured fitness | x1 | x2...
1 +5.597424939e+03 +5.597424939e+03 +5.645584939e+03 +4.816000000e+01 +3.6844e-01 -2.3461e+00 +9.2391e-02 +1.1133e+00 +4.0309e+00 -4.4475e+00 -3.3222e+00 -7.1473e-01 +2.7208e+00 -2.6562e+00
187 +2.680095887e+02 +2.680095887e+02 +3.161695887e+02 +4.816000000e+01 -3.7720e+00 +8.4530e-01 -1.3276e+00 +3.9676e-01 +1.7421e+00 +2.0722e+00 +2.8936e+00 -2.1090e-01 +9.4119e-01 +6.3856e-01
545 +2.386662711e+02 +2.386662711e+02 +2.868262711e+02 +4.816000000e+01 -4.6599e+00 -6.1119e-01 -2.1006e-01 -3.9939e-01 +1.4087e+00 -1.6527e+00 +1.6973e+00 -2.1090e-01 -1.5886e+00 +1.5247e+00
1621 +1.430710505e+02 +1.430710505e+02 +1.912310505e+02 +4.816000000e+01 +9.5286e-01 +1.5764e+00 +2.3931e-01 -9.0508e-03 +1.4087e+00 +3.4310e+00 +1.6973e+00 -2.1893e+00 +3.1152e-01 +4.1086e-01
2152 +9.533926192e+01 +9.533926192e+01 +1.434992619e+02 +4.816000000e+01 +2.4484e-01 -2.5540e+00 +1.8703e-01 -3.9939e-01 +1.1223e+00 +3.0480e-01 +2.3660e+00 -2.7459e+00 +3.1152e-01 +2.0198e-01
3243 +6.255767345e+01 +6.255767345e+01 +1.107176735e+02 +4.816000000e+01 +2.6847e-01 -2.4410e+00 +2.7783e+00 -3.9939e-01 +1.1906e+00 +3.4310e+00 +1.4920e+00 -2.1090e-01 -6.8700e-01 +1.3942e+00
3963 +3.909403249e+01 +3.909403249e+01 +8.725403249e+01 +4.816000000e+01 +2.6847e-01 +8.9644e-02 +2.7783e+00 -3.9939e-01 +1.1906e+00 +2.3317e+00 +2.3660e+00 -1.1379e+00 +3.1152e-01 +7.8315e-01
5721 +2.279633924e+01 +2.279633924e+01 +7.095633924e+01 +4.816000000e+01 +2.6847e-01 -7.8794e-01 +2.7783e+00 -1.4968e+00 +1.1906e+00 +1.2511e+00 +2.3660e+00 -6.6380e-01 +3.1152e-01 +8.5011e-01
7274 +1.444917808e+01 +1.444917808e+01 +6.260917808e+01 +4.816000000e+01 +2.4484e-01 -7.8794e-01 +2.7584e+00 -1.6212e+00 +1.2038e+00 +1.2511e+00 +2.3660e+00 -6.6380e-01 +6.1334e-01 +8.3486e-01
7963 +9.834783815e+00 +9.834783815e+00 +5.799478381e+01 +4.816000000e+01 +2.6847e-01 -7.8794e-01 +2.6787e+00 -1.5390e+00 +1.1906e+00 +1.2511e+00 +2.3660e+00 -6.6380e-01 +6.1334e-01 +8.1995e-01
24365 +5.793485187e+00 +5.793485187e+00 +5.395348519e+01 +4.816000000e+01 +1.2105e+00 -8.0719e-01 +2.6868e+00 -2.3435e+00 +1.8284e+00 +1.7692e+00 +2.7725e+00 -6.7807e-01 +5.9933e-01 +8.1759e-01
26652 +3.885687727e+00 +3.885687727e+00 +5.204568773e+01 +4.816000000e+01 +1.2105e+00 -7.7925e-01 +2.6552e+00 -1.5735e+00 +1.8284e+00 +1.7692e+00 +2.7725e+00 -6.7807e-01 +5.9933e-01 +8.1759e-01
46687 +2.502570640e+00 +2.502570640e+00 +5.066257064e+01 +4.816000000e+01 +1.2918e+00 -7.7925e-01 +2.6552e+00 -1.5735e+00 +1.8284e+00 +1.7692e+00 +2.7812e+00 -6.7807e-01 +5.9933e-01 +8.1759e-01
50244 +1.566325062e+00 +1.566325062e+00 +4.972632506e+01 +4.816000000e+01 +1.2918e+00 -7.3058e-01 +3.4423e+00 -1.5910e+00 +1.8284e+00 +1.7279e+00 +2.7725e+00 -6.7807e-01 +6.1334e-01 +8.1759e-01
81377 +7.119755586e-01 +7.119755586e-01 +4.887197556e+01 +4.816000000e+01 +1.2884e+00 -7.7191e-01 +3.4790e+00 -1.5835e+00 +1.8298e+00 +1.7448e+00 +2.7606e+00 -7.0203e-01 +6.0676e-01 +8.1615e-01
85565 +2.632077086e-01 +2.632077086e-01 +4.842320771e+01 +4.816000000e+01 +1.2918e+00 -7.5793e-01 +3.4737e+00 -1.5773e+00 +1.8284e+00 +1.7424e+00 +2.7812e+00 -6.9999e-01 +6.1334e-01 +8.1759e-01
87361 +2.462154051e-01 +2.462154051e-01 +4.840621541e+01 +4.816000000e+01 +1.2918e+00 -7.5793e-01 +3.4753e+00 -1.5773e+00 +1.8284e+00 +1.7424e+00 +2.7812e+00 -6.9999e-01 +6.1334e-01 +8.1759e-01
99659 +1.102188724e-01 +1.102188724e-01 +4.827021887e+01 +4.816000000e+01 +1.2970e+00 -7.5793e-01 +3.4912e+00 -1.5773e+00 +1.8284e+00 +1.7424e+00 +2.7812e+00 -6.9516e-01 +6.1334e-01 +8.1759e-01
115771 +9.637509350e-02 +9.637509350e-02 +4.825637509e+01 +4.816000000e+01 +1.2918e+00 -7.5793e-01 +3.4895e+00 -1.5835e+00 +1.8335e+00 +1.7420e+00 +2.7812e+00 -6.9317e-01 +6.1334e-01 +8.1615e-01
144894 +4.176290472e-02 +4.176290472e-02 +4.820176290e+01 +4.816000000e+01 +1.2970e+00 -7.5793e-01 +3.4912e+00 -1.5824e+00 +1.8334e+00 +1.7424e+00 +2.7812e+00 -6.9512e-01 +6.1130e-01 +8.1759e-01
177223 +3.844164765e-02 +3.844164765e-02 +4.819844165e+01 +4.816000000e+01 +1.3008e+00 -7.5793e-01 +3.4912e+00 -1.5824e+00 +1.8334e+00 +1.7424e+00 +2.7812e+00 -6.9512e-01 +6.1130e-01 +8.1759e-01
258089 +2.136417152e-02 +2.136417152e-02 +4.818136417e+01 +4.816000000e+01 +1.3008e+00 -7.4918e-01 +3.4912e+00 -1.5804e+00 +1.8334e+00 +1.7424e+00 +2.7812e+00 -6.9388e-01 +6.1260e-01 +8.1615e-01
294829 +1.226867811e-02 +1.226867811e-02 +4.817226868e+01 +4.816000000e+01 +1.3008e+00 -7.4918e-01 +3.4912e+00 -1.5804e+00 +1.8334e+00 +1.7424e+00 +2.7811e+00 -6.9388e-01 +6.1260e-01 +8.1615e-01
323197 +7.049559863e-03 +7.049559863e-03 +4.816704956e+01 +4.816000000e+01 +1.2979e+00 -7.5073e-01 +3.4912e+00 -1.5804e+00 +1.8341e+00 +1.7424e+00 +2.7792e+00 -6.9470e-01 +6.1279e-01 +8.1615e-01
356281 +5.232481380e-03 +5.232481380e-03 +4.816523248e+01 +4.816000000e+01 +1.3008e+00 -7.5073e-01 +3.4912e+00 -1.5804e+00 +1.8341e+00 +1.7424e+00 +2.7792e+00 -6.9470e-01 +6.1279e-01 +8.1739e-01
402416 +3.680138511e-03 +3.680138511e-03 +4.816368014e+01 +4.816000000e+01 +1.3008e+00 -7.5073e-01 +3.4912e+00 -1.5804e+00 +1.8351e+00 +1.7424e+00 +2.7792e+00 -6.9470e-01 +6.1279e-01 +8.1739e-01
457709 +1.515171375e-03 +1.515171375e-03 +4.816151517e+01 +4.816000000e+01 +1.3008e+00 -7.5073e-01 +3.4912e+00 -1.5805e+00 +1.8360e+00 +1.7424e+00 +2.7800e+00 -6.9470e-01 +6.1279e-01 +8.1739e-01
459480 +4.195244684e-04 +4.195244684e-04 +4.816041952e+01 +4.816000000e+01 +1.3008e+00 -7.5014e-01 +3.4912e+00 -1.5805e+00 +1.8357e+00 +1.7424e+00 +2.7805e+00 -6.9470e-01 +6.1260e-01 +8.1659e-01
495850 +3.647340555e-04 +3.647340555e-04 +4.816036473e+01 +4.816000000e+01 +1.3008e+00 -7.5014e-01 +3.4912e+00 -1.5805e+00 +1.8357e+00 +1.7424e+00 +2.7805e+00 -6.9470e-01 +6.1279e-01 +8.1659e-01
750305 +2.093791536e-04 +2.093791536e-04 +4.816020938e+01 +4.816000000e+01 +1.3008e+00 -7.5048e-01 +3.4912e+00 -1.5805e+00 +1.8357e+00 +1.7424e+00 +2.7807e+00 -6.9470e-01 +6.1279e-01 +8.1679e-01
% function evaluation | noise-free fitness - Fopt (8.384000000000e+01) | best noise-free fitness - Fopt | measured fitness | best measured fitness | x1 | x2...
1 +1.120799006e+03 +1.120799006e+03 +1.204639006e+03 +8.384000000e+01 +2.8079e+00 -4.6692e+00 +4.2551e-01 +3.5369e+00 -9.9633e-01 -7.2098e-01 +1.9545e+00 +4.1257e+00 +9.5508e-01 +7.7113e-01
189 +2.307599467e+02 +2.307599467e+02 +3.145999467e+02 +8.384000000e+01 -3.9916e+00 +3.8113e+00 +1.4108e+00 -2.3833e+00 +1.4668e+00 +5.2348e-01 -3.3414e+00 -1.5059e+00 +2.5501e-01 -2.3254e+00
1315 +1.545113526e+02 +1.545113526e+02 +2.383513526e+02 +8.384000000e+01 -4.3869e+00 +4.2060e+00 +1.4108e+00 -2.6329e+00 +1.6091e+00 +4.6390e-01 +1.8456e-01 -1.9614e+00 -2.0465e-01 -1.3809e+00
2235 +9.114114684e+01 +9.114114684e+01 +1.749811468e+02 +8.384000000e+01 -1.1038e+00 +3.5931e+00 +1.4108e+00 +6.0111e-01 +6.1503e-01 +8.7512e-01 -7.8515e-01 -1.2796e+00 +1.3387e+00 -2.5402e+00
2791 +5.948561105e+01 +5.948561105e+01 +1.433256110e+02 +8.384000000e+01 +2.0061e-02 +3.4175e+00 -7.8151e-02 +6.0111e-01 +7.0088e-01 +8.7512e-01 +4.0934e-01 -2.4410e+00 +3.8103e-01 -1.2568e+00
3520 +3.768823185e+01 +3.768823185e+01 +1.215282319e+02 +8.384000000e+01 -4.1393e-01 +3.4175e+00 +1.4108e+00 +6.0111e-01 +1.6091e+00 +1.0047e+00 -3.3935e-01 -2.8550e+00 +1.3387e+00 -1.8727e+00
4825 +2.277638271e+01 +2.277638271e+01 +1.066163827e+02 +8.384000000e+01 -3.4791e-01 +3.5931e+00 +1.4108e+00 +6.0111e-01 +8.8638e-01 +8.7512e-01 +5.0729e-01 -2.3704e+00 +1.3387e+00 -2.2734e+00
5945 +1.560280416e+01 +1.560280416e+01 +9.944280416e+01 +8.384000000e+01 +6.8790e-01 +3.5931e+00 +1.4108e+00 +6.0111e-01 +8.8638e-01 +9.3871e-01 +5.0729e-01 -1.9614e+00 +1.3387e+00 -2.2734e+00
7631 +9.600519451e+00 +9.600519451e+00 +9.344051945e+01 +8.384000000e+01 +6.8790e-01 +3.5931e+00 +1.4108e+00 +6.0111e-01 +8.8638e-01 +9.3871e-01 +5.0729e-01 -1.9614e+00 +1.4305e+00 -1.6190e+00
8368 +6.145767596e+00 +6.145767596e+00 +8.998576760e+01 +8.384000000e+01 +6.8790e-01 +3.4729e+00 +1.4108e+00 +6.0111e-01 +8.6802e-01 +9.3871e-01 +5.0729e-01 -1.9614e+00 +1.4305e+00 -1.5909e+00
37565 +3.104026520e+00 +3.104026520e+00 +8.694402652e+01 +8.384000000e+01 +6.8790e-01 +3.5199e+00 +1.4108e+00 -6.1701e-02 +1.4598e+00 +9.3871e-01 +5.0729e-01 -1.9614e+00 +1.3865e+00 -1.5909e+00
40495 +2.386394459e+00 +2.386394459e+00 +8.622639446e+01 +8.384000000e+01 +6.8790e-01 +3.5199e+00 +1.4108e+00 -6.1701e-02 +1.4598e+00 +9.3871e-01 +9.4360e-01 -1.9614e+00 +1.3865e+00 -1.5909e+00
49870 +1.345890001e+00 +1.345890001e+00 +8.518589000e+01 +8.384000000e+01 +1.6352e+00 +3.5199e+00 +1.4108e+00 -6.1701e-02 +1.4598e+00 +9.3871e-01 +9.6247e-01 -1.9614e+00 +1.3865e+00 -1.5909e+00
81971 +5.904742105e-01 +5.904742105e-01 +8.443047421e+01 +8.384000000e+01 +1.6442e+00 +3.5154e+00 +1.4108e+00 -3.8873e-02 +1.4644e+00 +9.6059e-01 +9.5168e-01 -1.9850e+00 +1.3865e+00 -1.5909e+00
107987 +2.949835737e-01 +2.949835737e-01 +8.413498357e+01 +8.384000000e+01 +1.6612e+00 +3.4979e+00 +1.4108e+00 -5.7766e-02 +1.4733e+00 +9.4446e-01 +9.6007e-01 -1.9776e+00 +1.3865e+00 -1.5919e+00
119954 +2.206448484e-01 +2.206448484e-01 +8.406064485e+01 +8.384000000e+01 +1.6556e+00 +3.4979e+00 +1.4108e+00 -4.1421e-02 +1.4746e+00 +9.6059e-01 +9.5168e-01 -1.9805e+00 +1.3913e+00 -1.5909e+00
136871 +1.537796731e-01 +1.537796731e-01 +8.399377967e+01 +8.384000000e+01 +1.6591e+00 +3.4988e+00 +1.4158e+00 -4.5531e-02 +1.4812e+00 +9.5638e-01 +9.5260e-01 -1.9764e+00 +1.3865e+00 -1.5909e+00
153322 +6.841457944e-02 +6.841457944e-02 +8.390841458e+01 +8.384000000e+01 +1.6622e+00 +3.4979e+00 +1.4108e+00 -4.1421e-02 +1.4809e+00 +9.5085e-01 +9.6007e-01 -1.9782e+00 +1.3913e+00 -1.5909e+00
156518 +5.899656296e-02 +5.899656296e-02 +8.389899656e+01 +8.384000000e+01 +1.6622e+00 +3.4979e+00 +1.4108e+00 -4.1421e-02 +1.4809e+00 +9.5085e-01 +9.6007e-01 -1.9773e+00 +1.3913e+00 -1.5909e+00
186708 +3.287871766e-02 +3.287871766e-02 +8.387287872e+01 +8.384000000e+01 +1.6643e+00 +3.5009e+00 +1.4146e+00 -4.2168e-02 +1.4799e+00 +9.5321e-01 +9.6007e-01 -1.9761e+00 +1.3923e+00 -1.5919e+00
187644 +2.332708573e-02 +2.332708573e-02 +8.386332709e+01 +8.384000000e+01 +1.6643e+00 +3.5009e+00 +1.4146e+00 -4.2168e-02 +1.4799e+00 +9.5321e-01 +9.6007e-01 -1.9761e+00 +1.3923e+00 -1.5931e+00
251113 +1.562738155e-02 +1.562738155e-02 +8.385562738e+01 +8.384000000e+01 +1.6627e+00 +3.5045e+00 +1.4158e+00 -4.1285e-02 +1.4812e+00 +9.5448e-01 +9.6007e-01 -1.9746e+00 +1.3912e+00 -1.5919e+00
317263 +5.989118701e-03 +5.989118701e-03 +8.384598912e+01 +8.384000000e+01 +1.6627e+00 +3.5045e+00 +1.4158e+00 -4.1285e-02 +1.4812e+00 +9.5448e-01 +9.6007e-01 -1.9746e+00 +1.3913e+00 -1.5957e+00
326524 +3.133153399e-03 +3.133153399e-03 +8.384313315e+01 +8.384000000e+01 +1.6627e+00 +3.5045e+00 +1.4158e+00 -4.1421e-02 +1.4812e+00 +9.5347e-01 +9.6007e-01 -1.9746e+00 +1.3913e+00 -1.5937e+00
428949 +2.358811508e-03 +2.358811508e-03 +8.384235881e+01 +8.384000000e+01 +1.6627e+00 +3.5035e+00 +1.4158e+00 -4.1421e-02 +1.4812e+00 +9.5347e-01 +9.6007e-01 -1.9746e+00 +1.3913e+00 -1.5938e+00
652995 +1.345977304e-03 +1.345977304e-03 +8.384134598e+01 +8.384000000e+01 +1.6631e+00 +3.5035e+00 +1.4158e+00 -4.1787e-02 +1.4816e+00 +9.5347e-01 +9.6086e-01 -1.9746e+00 +1.3913e+00 -1.5946e+00
701527 +9.299527881e-04 +9.299527881e-04 +8.384092995e+01 +8.384000000e+01 +1.6627e+00 +3.5040e+00 +1.4158e+00 -4.1421e-02 +1.4815e+00 +9.5398e-01 +9.6081e-01 -1.9745e+00 +1.3918e+00 -1.5941e+00
710460 +3.530595370e-04 +3.530595370e-04 +8.384035306e+01 +8.384000000e+01 +1.6640e+00 +3.5035e+00 +1.4158e+00 -4.1421e-02 +1.4815e+00 +9.5347e-01 +9.6081e-01 -1.9745e+00 +1.3918e+00 -1.5941e+00
% function evaluation | noise-free fitness - Fopt (1.536000000000e+01) | best noise-free fitness - Fopt | measured fitness | best measured fitness | x1 | x2...
1 +6.906352933e+03 +6.906352933e+03 +6.921712933e+03 +1.536000000e+01 -2.0156e+00 +1.5625e+00 -4.1297e+00 +4.2577e+00 +2.1807e+00 +1.8438e+00 +2.9979e+00 +2.7739e+00 +4.5656e+00 -3.2678e+00
186 +2.676800375e+02 +2.676800375e+02 +2.830400375e+02 +1.536000000e+01 -5.4246e-01 +2.4324e-01 -4.9348e+00 -4.2018e-01 +2.0758e+00 -3.9319e+00 +1.7955e-01 +4.5984e-01 +1.3999e+00 -2.7148e+00
368 +2.071270751e+02 +2.071270751e+02 +2.224870751e+02 +1.536000000e+01 +7.3341e-01 -2.1657e-01 -7.8210e-01 -2.7383e+00 +2.6535e+00 -1.4057e-01 +1.7044e+00 -1.0031e-01 +1.2741e-01 -1.7991e+00
1078 +1.383753906e+02 +1.383753906e+02 +1.537353906e+02 +1.536000000e+01 +1.5663e+00 +8.8452e-01 -6.9113e-01 -4.2018e-01 +2.0758e+00 -4.7643e+00 +1.8877e+00 -3.5529e+00 +1.2289e+00 -2.7806e+00
2310 +9.439267029e+01 +9.439267029e+01 +1.097526703e+02 +1.536000000e+01 +1.5663e+00 +2.3052e+00 +2.1798e+00 -2.7383e+00 +2.0758e+00 -1.6432e+00 +2.0627e+00 -3.1218e+00 +1.7715e+00 -2.7806e+00
2846 +5.497260817e+01 +5.497260817e+01 +7.033260817e+01 +1.536000000e+01 +1.7407e+00 +1.9745e+00 +2.1798e+00 -1.8513e+00 +2.6535e+00 -2.7153e+00 +2.0627e+00 -2.9766e+00 +9.6996e-01 -2.7806e+00
3904 +3.954125588e+01 +3.954125588e+01 +5.490125588e+01 +1.536000000e+01 +7.3104e-01 +1.7504e+00 +2.1798e+00 -2.7383e+00 +2.0758e+00 -2.7153e+00 +2.0627e+00 -1.6668e+00 +9.6996e-01 -2.7806e+00
5149 +2.442183459e+01 +2.442183459e+01 +3.978183459e+01 +1.536000000e+01 +1.7407e+00 +1.5771e+00 +2.1798e+00 -1.8513e+00 +2.0758e+00 -2.7153e+00 +2.0627e+00 -1.6668e+00 +9.6996e-01 -2.7806e+00
7981 +1.557286600e+01 +1.557286600e+01 +3.093286600e+01 +1.536000000e+01 +1.7407e+00 +1.5771e+00 +2.2442e+00 -2.6247e+00 +2.1811e+00 -2.7153e+00 +2.0627e+00 -1.6668e+00 +1.3585e+00 -2.8634e+00
37127 +8.920885020e+00 +8.920885020e+00 +2.428088502e+01 +1.536000000e+01 +7.8226e-01 +1.5771e+00 +2.1798e+00 -2.5163e+00 +2.1565e+00 -3.2245e+00 +2.5539e+00 -2.4525e+00 +1.7071e+00 -2.8413e+00
38295 +5.961301723e+00 +5.961301723e+00 +2.132130172e+01 +1.536000000e+01 +1.7407e+00 +7.2209e-01 +3.0753e+00 -2.5163e+00 +2.1565e+00 -3.2245e+00 +2.5539e+00 -2.4525e+00 +1.7071e+00 -2.8413e+00
42585 +3.653497279e+00 +3.653497279e+00 +1.901349728e+01 +1.536000000e+01 +1.7407e+00 +1.6480e+00 +3.0753e+00 -2.5440e+00 +2.7812e+00 -3.2245e+00 +2.5539e+00 -2.4525e+00 +1.7071e+00 -2.8413e+00
45713 +2.450835667e+00 +2.450835667e+00 +1.781083567e+01 +1.536000000e+01 +1.7629e+00 +1.6480e+00 +3.0753e+00 -2.5440e+00 +2.7812e+00 -3.2243e+00 +2.5793e+00 -2.4525e+00 +1.7157e+00 -2.8413e+00
63158 +1.517748968e+00 +1.517748968e+00 +1.687774897e+01 +1.536000000e+01 +1.7490e+00 +1.6581e+00 +3.0709e+00 -2.5687e+00 +2.7856e+00 -3.2174e+00 +2.5545e+00 -2.0703e+00 +1.7114e+00 -2.8356e+00
78348 +8.586585806e-01 +8.586585806e-01 +1.621865858e+01 +1.536000000e+01 +1.7629e+00 +1.6480e+00 +3.0418e+00 -2.5440e+00 +2.7812e+00 -3.2243e+00 +2.5793e+00 -2.0648e+00 +1.7157e+00 -2.8413e+00
81613 +6.191956967e-01 +6.191956967e-01 +1.597919570e+01 +1.536000000e+01 +1.7629e+00 +1.6480e+00 +3.0528e+00 -2.5440e+00 +2.7812e+00 -3.2161e+00 +2.5793e+00 -2.0535e+00 +1.7157e+00 -2.8270e+00
114550 +3.658966420e-01 +3.658966420e-01 +1.572589664e+01 +1.536000000e+01 +1.7629e+00 +1.6480e+00 +3.0680e+00 -2.5440e+00 +2.7812e+00 -3.2161e+00 +2.5793e+00 -2.0661e+00 +1.7157e+00 -2.8270e+00
119538 +2.077657364e-01 +2.077657364e-01 +1.556776574e+01 +1.536000000e+01 +1.7629e+00 +1.6480e+00 +3.0680e+00 -2.5440e+00 +2.7812e+00 -3.2161e+00 +2.5793e+00 -2.0661e+00 +1.7227e+00 -2.8270e+00
131033 +1.565609271e-01 +1.565609271e-01 +1.551656093e+01 +1.536000000e+01 +1.7698e+00 +1.6401e+00 +3.0619e+00 -2.5440e+00 +2.7901e+00 -3.2229e+00 +2.5793e+00 -2.0629e+00 +1.7206e+00 -2.8267e+00
149992 +6.493891645e-02 +6.493891645e-02 +1.542493892e+01 +1.536000000e+01 +1.7629e+00 +1.6480e+00 +3.0680e+00 -2.5440e+00 +2.7901e+00 -3.2161e+00 +2.5793e+00 -2.0661e+00 +1.7271e+00 -2.8270e+00
150961 +6.003815999e-02 +6.003815999e-02 +1.542003816e+01 +1.536000000e+01 +1.7658e+00 +1.6480e+00 +3.0680e+00 -2.5440e+00 +2.7901e+00 -3.2161e+00 +2.5793e+00 -2.0661e+00 +1.7271e+00 -2.8270e+00
152924 +3.267724005e-02 +3.267724005e-02 +1.539267724e+01 +1.536000000e+01 +1.7698e+00 +1.6401e+00 +3.0693e+00 -2.5440e+00 +2.7956e+00 -3.2161e+00 +2.5793e+00 -2.0661e+00 +1.7271e+00 -2.8270e+00
159580 +2.466954531e-02 +2.466954531e-02 +1.538466955e+01 +1.536000000e+01 +1.7698e+00 +1.6401e+00 +3.0693e+00 -2.5440e+00 +2.7956e+00 -3.2161e+00 +2.5793e+00 -2.0661e+00 +1.7271e+00 -2.8279e+00
233983 +1.462091335e-02 +1.462091335e-02 +1.537462091e+01 +1.536000000e+01 +1.7698e+00 +1.6401e+00 +3.0693e+00 -2.5466e+00 +2.7956e+00 -3.2161e+00 +2.5793e+00 -2.0661e+00 +1.7271e+00 -2.8317e+00
234363 +7.807094728e-03 +7.807094728e-03 +1.536780709e+01 +1.536000000e+01 +1.7698e+00 +1.6438e+00 +3.0687e+00 -2.5440e+00 +2.7955e+00 -3.2174e+00 +2.5793e+00 -2.0661e+00 +1.7271e+00 -2.8313e+00
234545 +5.850290012e-03 +5.850290012e-03 +1.536585029e+01 +1.536000000e+01 +1.7698e+00 +1.6438e+00 +3.0687e+00 -2.5440e+00 +2.7955e+00 -3.2174e+00 +2.5793e+00 -2.0646e+00 +1.7271e+00 -2.8313e+00
335446 +3.561887873e-03 +3.561887873e-03 +1.536356189e+01 +1.536000000e+01 +1.7685e+00 +1.6431e+00 +3.0700e+00 -2.5466e+00 +2.7956e+00 -3.2174e+00 +2.5793e+00 -2.0649e+00 +1.7271e+00 -2.8313e+00
400743 +2.119236720e-03 +2.119236720e-03 +1.536211924e+01 +1.536000000e+01 +1.7694e+00 +1.6424e+00 +3.0705e+00 -2.5463e+00 +2.7960e+00 -3.2183e+00 +2.5799e+00 -2.0649e+00 +1.7271e+00 -2.8313e+00
477247 +1.102068441e-03 +1.102068441e-03 +1.536110207e+01 +1.536000000e+01 +1.7694e+00 +1.6432e+00 +3.0705e+00 -2.5463e+00 +2.7960e+00 -3.2183e+00 +2.5799e+00 -2.0649e+00 +1.7271e+00 -2.8298e+00
606803 +9.172367567e-04 +9.172367567e-04 +1.536091724e+01 +1.536000000e+01 +1.7694e+00 +1.6432e+00 +3.0705e+00 -2.5454e+00 +2.7960e+00 -3.2183e+00 +2.5799e+00 -2.0649e+00 +1.7271e+00 -2.8298e+00
696522 +6.107982903e-04 +6.107982903e-04 +1.536061080e+01 +1.536000000e+01 +1.7694e+00 +1.6432e+00 +3.0700e+00 -2.5462e+00 +2.7960e+00 -3.2181e+00 +2.5799e+00 -2.0649e+00 +1.7271e+00 -2.8308e+00
741494 +3.501920414e-04 +3.501920414e-04 +1.536035019e+01 +1.536000000e+01 +1.7694e+00 +1.6432e+00 +3.0700e+00 -2.5462e+00 +2.7960e+00 -3.2183e+00 +2.5799e+00 -2.0649e+00 +1.7271e+00 -2.8302e+00
795524 +2.108390087e-04 +2.108390087e-04 +1.536021084e+01 +1.536000000e+01 +1.7694e+00 +1.6432e+00 +3.0700e+00 -2.5454e+00 +2.7960e+00 -3.2183e+00 +2.5799e+00 -2.0649e+00 +1.7271e+00 -2.8302e+00
