% function evaluation | noise-free fitness - Fopt (-2.098800000000e+02) | best noise-free fitness - Fopt | measured fitness | best measured fitness | x1 | x2...
1 +8.586369793e+06 +8.586369793e+06 +8.586159913e+06 -2.098800000e+02 -4.8642e+00 -2.5546e+00
96 +3.332204417e+04 +3.332204417e+04 +3.311216417e+04 -2.098800000e+02 +3.2817e+00 +2.7374e-01
385 +2.461846728e+02 +2.461846728e+02 +3.630467278e+01 -2.098800000e+02 -4.1648e+00 +4.6280e-01
1538 +2.038876257e+00 +2.038876257e+00 -2.078411237e+02 -2.098800000e+02 +1.7218e+00 +4.4942e-01
32444 +4.996085896e-01 +4.996085896e-01 -2.093803914e+02 -2.098800000e+02 +1.2086e+00 +4.4728e-01
167758 +3.249658531e-01 +3.249658531e-01 -2.095550341e+02 -2.098800000e+02 +1.2068e+00 +4.4857e-01
173479 +3.109175000e-02 +3.109175000e-02 -2.098489083e+02 -2.098800000e+02 +1.2079e+00 +4.4782e-01
% function evaluation | noise-free fitness - Fopt (-9.209000000000e+01) | best noise-free fitness - Fopt | measured fitness | best measured fitness | x1 | x2...
1 +3.865731090e+07 +3.865731090e+07 +3.865721881e+07 -9.209000000e+01 -3.1040e+00 -3.9841e+00
88 +1.372600501e+04 +1.372600501e+04 +1.363391501e+04 -9.209000000e+01 +2.1415e+00 +2.5059e+00
444 +4.594430331e+03 +4.594430331e+03 +4.502340331e+03 -9.209000000e+01 -1.3698e+00 +2.5470e+00
539 +2.933897671e+03 +2.933897671e+03 +2.841807671e+03 -9.209000000e+01 -1.2237e+00 +2.5673e+00
802 +1.551078723e+03 +1.551078723e+03 +1.458988723e+03 -9.209000000e+01 -4.8893e+00 +2.5851e+00
974 +1.706182051e+02 +1.706182051e+02 +7.852820511e+01 -9.209000000e+01 +8.2032e-01 +2.6345e+00
2686 +1.111907337e+02 +1.111907337e+02 +1.910073375e+01 -9.209000000e+01 +8.7415e-01 +2.6107e+00
2774 +3.530247813e+01 +3.530247813e+01 -5.678752187e+01 -9.209000000e+01 +6.5741e-01 +2.6279e+00
10807 +1.151487989e+01 +1.151487989e+01 -8.057512011e+01 -9.209000000e+01 +7.2712e-01 +2.6251e+00
18117 +6.530028824e+00 +6.530028824e+00 -8.555997118e+01 -9.209000000e+01 +7.0819e-01 +2.6241e+00
18399 +6.872567245e-01 +6.872567245e-01 -9.140274328e+01 -9.209000000e+01 +7.0819e-01 +2.6224e+00
105136 +1.990378141e-02 +1.990378141e-02 -9.207009622e+01 -9.209000000e+01 +7.2545e-01 +2.6215e+00
% function evaluation | noise-free fitness - Fopt (-8.789000000000e+01) | best noise-free fitness - Fopt | measured fitness | best measured fitness | x1 | x2...
1 +3.296845754e+07 +3.296845754e+07 +3.296836965e+07 -8.789000000e+01 +4.1820e+00 -2.4170e+00
94 +6.948124195e+01 +6.948124195e+01 -1.840875805e+01 -8.789000000e+01 +7.1878e-01 +3.6537e+00
1520 +6.646716370e+00 +6.646716370e+00 -8.124328363e+01 -8.789000000e+01 +1.5555e-01 +3.6483e+00
9448 +1.936034474e+00 +1.936034474e+00 -8.595396553e+01 -8.789000000e+01 +2.3796e-01 +3.6442e+00
33212 +1.253317508e+00 +1.253317508e+00 -8.663668249e+01 -8.789000000e+01 +2.3796e-01 +3.6445e+00
94808 +1.766074895e-01 +1.766074895e-01 -8.771339251e+01 -8.789000000e+01 +2.3997e-01 +3.6452e+00
97002 +3.243614494e-02 +3.243614494e-02 -8.785756386e+01 -8.789000000e+01 +2.3897e-01 +3.6454e+00
% function evaluation | noise-free fitness - Fopt (3.201900000000e+02) | best noise-free fitness - Fopt | measured fitness | best measured fitness | x1 | x2...
1 +4.398241166e+07 +4.398241166e+07 +4.398273185e+07 +3.201900000e+02 -4.1534e+00 +4.0751e+00
92 +5.705430353e+02 +5.705430353e+02 +8.907330353e+02 +3.201900000e+02 -1.5313e-01 -2.3849e+00
1192 +6.210325481e+01 +6.210325481e+01 +3.822932548e+02 +3.201900000e+02 -4.6836e-01 -2.3531e+00
9406 +2.749123176e+01 +2.749123176e+01 +3.476812318e+02 +3.201900000e+02 -1.3073e+00 -2.3656e+00
33717 +1.183557862e-05 +1.183557862e-05 +3.201900118e+02 +3.201900000e+02 -4.3014e-01 -2.3608e+00
75013 +5.366562220e-06 +5.366562220e-06 +3.201900054e+02 +3.201900000e+02 -4.3242e-01 -2.3608e+00
% function evaluation | noise-free fitness - Fopt (-1.042400000000e+02) | best noise-free fitness - Fopt | measured fitness | best measured fitness | x1 | x2...
1 +2.346266276e+07 +2.346266276e+07 +2.346255852e+07 -1.042400000e+02 +3.2124e+00 +9.6925e-01
88 +6.165224053e+03 +6.165224053e+03 +6.060984053e+03 -1.042400000e+02 +2.4330e+00 -3.8385e+00
1657 +5.550766093e+02 +5.550766093e+02 +4.508366093e+02 -1.042400000e+02 +4.8220e-01 -3.8974e+00
1843 +1.958148539e+02 +1.958148539e+02 +9.157485392e+01 -1.042400000e+02 +4.8220e-01 -3.9338e+00
2402 +3.376660092e+01 +3.376660092e+01 -7.047339908e+01 -1.042400000e+02 +4.8220e-01 -3.9138e+00
4630 +1.511674767e+01 +1.511674767e+01 -8.912325233e+01 -1.042400000e+02 -1.9296e+00 -3.9231e+00
17164 +4.400689082e-01 +4.400689082e-01 -1.037999311e+02 -1.042400000e+02 +4.0033e-01 -3.9207e+00
38795 +3.062872347e-02 +3.062872347e-02 -1.042093713e+02 -1.042400000e+02 +3.9306e-01 -3.9198e+00
81857 +6.696990525e-03 +6.696990525e-03 -1.042333030e+02 -1.042400000e+02 +3.9530e-01 -3.9199e+00
% function evaluation | noise-free fitness - Fopt (-1.000000000000e+03) | best noise-free fitness - Fopt | measured fitness | best measured fitness | x1 | x2...
1 +1.296990906e+05 +1.296990906e+05 +1.286990906e+05 -1.000000000e+03 +4.8474e+00 -3.9913e+00
93 +2.091967816e+02 +2.091967816e+02 -7.908032184e+02 -1.000000000e+03 +3.0904e-01 -3.6555e+00
3510 +1.064088348e+02 +1.064088348e+02 -8.935911652e+02 -1.000000000e+03 -2.4640e+00 -3.6523e+00
4393 +3.155174659e-02 +3.155174659e-02 -9.999684483e+02 -1.000000000e+03 -2.4936e+00 -3.6418e+00
% function evaluation | noise-free fitness - Fopt (-3.629000000000e+01) | best noise-free fitness - Fopt | measured fitness | best measured fitness | x1 | x2...
1 +3.616160214e+02 +3.616160214e+02 +3.253260214e+02 -3.629000000e+01 +4.7772e+00 -3.1229e+00
97 +1.548826045e+04 +1.548826045e+04 +1.545197045e+04 -3.629000000e+01 +1.7058e+00 -3.2635e+00
767 +3.796615525e+03 +3.796615525e+03 +3.760325525e+03 -3.629000000e+01 +3.8328e+00 -3.2089e+00
1444 +8.773727420e+00 +8.773727420e+00 -2.751627258e+01 -3.629000000e+01 +3.1678e+00 -3.1453e+00
14038 +1.483539082e-01 +1.483539082e-01 -3.614164609e+01 -3.629000000e+01 +2.7860e+00 -3.1420e+00
% function evaluation | noise-free fitness - Fopt (-4.840000000000e+01) | best noise-free fitness - Fopt | measured fitness | best measured fitness | x1 | x2...
1 +3.909864883e+07 +3.909864883e+07 +3.909860043e+07 -4.840000000e+01 -1.8504e+00 +3.2230e+00
94 +1.349903124e+02 +1.349903124e+02 +8.659031236e+01 -4.840000000e+01 +2.6198e+00 -2.9142e+00
777 +2.809123143e+01 +2.809123143e+01 -2.030876857e+01 -4.840000000e+01 +6.6553e-01 -2.9201e+00
1069 +1.772839690e+01 +1.772839690e+01 -3.067160310e+01 -4.840000000e+01 +3.0411e-01 -2.9295e+00
9385 +8.274224104e+00 +8.274224104e+00 -4.012577590e+01 -4.840000000e+01 +4.1952e-01 -2.9285e+00
16673 +5.017898575e-01 +5.017898575e-01 -4.789821014e+01 -4.840000000e+01 +4.4920e-01 -2.9249e+00
62006 +2.408822295e-01 +2.408822295e-01 -4.815911777e+01 -4.840000000e+01 +4.4340e-01 -2.9260e+00
125410 +2.063148611e-02 +2.063148611e-02 -4.837936851e+01 -4.840000000e+01 +4.4340e-01 -2.9255e+00
% function evaluation | noise-free fitness - Fopt (1.000000000000e+03) | best noise-free fitness - Fopt | measured fitness | best measured fitness | x1 | x2...
1 +4.056827295e+07 +4.056827295e+07 +4.056927295e+07 +1.000000000e+03 -9.9097e-01 +3.2494e+00
90 +7.659549122e+02 +7.659549122e+02 +1.765954912e+03 +1.000000000e+03 +1.9311e+00 -3.0142e+00
2669 +3.035083866e+02 +3.035083866e+02 +1.303508387e+03 +1.000000000e+03 -3.4202e+00 -3.0043e+00
4623 +1.374298847e+00 +1.374298847e+00 +1.001374299e+03 +1.000000000e+03 -4.3145e+00 -2.9881e+00
10527 +4.488051928e-01 +4.488051928e-01 +1.000448805e+03 +1.000000000e+03 -3.4202e+00 -2.9879e+00
50340 +2.745007424e-04 +2.745007424e-04 +1.000000275e+03 +1.000000000e+03 -3.4318e+00 -2.9872e+00
% function evaluation | noise-free fitness - Fopt (3.261100000000e+02) | best noise-free fitness - Fopt | measured fitness | best measured fitness | x1 | x2...
1 +2.820675348e+07 +2.820675348e+07 +2.820707959e+07 +3.261100000e+02 +4.5116e+00 -3.0820e+00
90 +3.997828301e+01 +3.997828301e+01 +3.660882830e+02 +3.261100000e+02 -1.2947e+00 +2.4382e+00
185 +3.801432571e+01 +3.801432571e+01 +3.641243257e+02 +3.261100000e+02 -1.5894e+00 +2.4382e+00
3453 +2.099385085e+01 +2.099385085e+01 +3.471038509e+02 +3.261100000e+02 -3.5468e+00 +2.4482e+00
8460 +9.221144758e+00 +9.221144758e+00 +3.353311448e+02 +3.261100000e+02 -3.5067e+00 +2.4410e+00
12026 +1.741183060e+00 +1.741183060e+00 +3.278511831e+02 +3.261100000e+02 -3.5412e+00 +2.4454e+00
27133 +5.587101033e-01 +5.587101033e-01 +3.266687101e+02 +3.261100000e+02 -3.5412e+00 +2.4432e+00
167250 +1.154941938e-02 +1.154941938e-02 +3.261215494e+02 +3.261100000e+02 -3.5347e+00 +2.4441e+00
% function evaluation | noise-free fitness - Fopt (-4.682000000000e+01) | best noise-free fitness - Fopt | measured fitness | best measured fitness | x1 | x2...
1 +1.698227321e+07 +1.698227321e+07 +1.698222639e+07 -4.682000000e+01 -9.4021e-02 -3.6075e+00
91 +1.662242350e+03 +1.662242350e+03 +1.615422350e+03 -4.682000000e+01 +6.3882e-01 +5.4474e-01
2063 +8.983778092e+02 +8.983778092e+02 +8.515578092e+02 -4.682000000e+01 +1.1232e+00 +5.3342e-01
3464 +4.105991547e+02 +4.105991547e+02 +3.637791547e+02 -4.682000000e+01 +1.1232e+00 +4.8287e-01
3644 +2.519816563e+02 +2.519816563e+02 +2.051616563e+02 -4.682000000e+01 +1.1232e+00 +4.8768e-01
4444 +5.544688450e+01 +5.544688450e+01 +8.626884503e+00 -4.682000000e+01 -1.8931e+00 +5.1016e-01
6894 +2.854378431e+01 +2.854378431e+01 -1.827621569e+01 -4.682000000e+01 +1.1862e+00 +5.0876e-01
9153 +1.530078480e+01 +1.530078480e+01 -3.151921520e+01 -4.682000000e+01 +1.1862e+00 +5.0699e-01
13519 +4.224104255e-01 +4.224104255e-01 -4.639758957e+01 -4.682000000e+01 +1.1868e+00 +5.0256e-01
56941 +3.988511105e-02 +3.988511105e-02 -4.678011489e+01 -4.682000000e+01 +1.1877e+00 +5.0338e-01
57031 +5.365632719e-04 +5.365632719e-04 -4.681946344e+01 -4.682000000e+01 +1.1877e+00 +5.0322e-01
% function evaluation | noise-free fitness - Fopt (-5.563000000000e+01) | best noise-free fitness - Fopt | measured fitness | best measured fitness | x1 | x2...
1 +3.715262799e+05 +3.715262799e+05 +3.714706499e+05 -5.563000000e+01 +9.4014e-01 -2.4104e-01
98 +1.206422891e+04 +1.206422891e+04 +1.200859891e+04 -5.563000000e+01 +3.7702e-01 +3.1207e-01
583 +9.238818650e+02 +9.238818650e+02 +8.682518650e+02 -5.563000000e+01 +1.0492e+00 +3.9277e-01
3029 +4.176428373e+01 +4.176428373e+01 -1.386571627e+01 -5.563000000e+01 +1.8965e+00 +4.1564e-01
4987 +1.830874671e+01 +1.830874671e+01 -3.732125329e+01 -5.563000000e+01 +2.6009e+00 +4.2637e-01
46605 +4.546247111e+00 +4.546247111e+00 -5.108375289e+01 -5.563000000e+01 +1.8699e+00 +4.2017e-01
55976 +3.604166820e+00 +3.604166820e+00 -5.202583318e+01 -5.563000000e+01 +1.8699e+00 +4.2425e-01
60659 +2.714579054e-01 +2.714579054e-01 -5.535854209e+01 -5.563000000e+01 +1.8697e+00 +4.2193e-01
% function evaluation | noise-free fitness - Fopt (3.460000000000e+01) | best noise-free fitness - Fopt | measured fitness | best measured fitness | x1 | x2...
1 +9.872860760e+06 +9.872860760e+06 +9.872895360e+06 +3.460000000e+01 -1.7806e+00 +4.6903e+00
94 +5.515600745e+03 +5.515600745e+03 +5.550200745e+03 +3.460000000e+01 +3.5548e+00 +1.3752e+00
875 +9.695822356e+02 +9.695822356e+02 +1.004182236e+03 +3.460000000e+01 +2.6769e+00 +1.4905e+00
2803 +1.924620814e+00 +1.924620814e+00 +3.652462081e+01 +3.460000000e+01 +2.5529e+00 +1.4554e+00
30840 +2.024899890e-01 +2.024899890e-01 +3.480248999e+01 +3.460000000e+01 +2.5529e+00 +1.4573e+00
80139 +1.262418444e-04 +1.262418444e-04 +3.460012624e+01 +3.460000000e+01 +2.5534e+00 +1.4568e+00
% function evaluation | noise-free fitness - Fopt (8.816000000000e+01) | best noise-free fitness - Fopt | measured fitness | best measured fitness | x1 | x2...
1 +4.749799707e+05 +4.749799707e+05 +4.750681307e+05 +8.816000000e+01 +2.5205e+00 +4.4944e+00
98 +7.922713043e+01 +7.922713043e+01 +1.673871304e+02 +8.816000000e+01 -1.0535e-01 +3.8337e+00
9598 +8.472640349e+00 +8.472640349e+00 +9.663264035e+01 +8.816000000e+01 -5.4737e-01 +3.8403e+00
13224 +5.974565690e+00 +5.974565690e+00 +9.413456569e+01 +8.816000000e+01 -5.4737e-01 +3.8454e+00
18200 +1.681753200e+00 +1.681753200e+00 +8.984175320e+01 +8.816000000e+01 -5.1320e-01 +3.8446e+00
41931 +2.042592459e-01 +2.042592459e-01 +8.836425925e+01 +8.816000000e+01 -5.1320e-01 +3.8437e+00
56306 +1.393210328e-01 +1.393210328e-01 +8.829932103e+01 +8.816000000e+01 -5.1320e-01 +3.8436e+00
63365 +3.615693646e-03 +3.615693646e-03 +8.816361569e+01 +8.816000000e+01 -5.1320e-01 +3.8433e+00
% function evaluation | noise-free fitness - Fopt (-1.866200000000e+02) | best noise-free fitness - Fopt | measured fitness | best measured fitness | x1 | x2...
1 +2.185579788e+07 +2.185579788e+07 +2.185561126e+07 -1.866200000e+02 +4.0847e+00 +1.9467e+00
87 +1.172352059e+04 +1.172352059e+04 +1.153690059e+04 -1.866200000e+02 +3.8338e-01 -2.6513e+00
540 +2.082958318e+03 +2.082958318e+03 +1.896338318e+03 -1.866200000e+02 -4.5591e+00 -2.7943e+00
636 +1.529141094e+03 +1.529141094e+03 +1.342521094e+03 -1.866200000e+02 +1.3172e+00 -2.7886e+00
3315 +7.131623911e+02 +7.131623911e+02 +5.265423911e+02 -1.866200000e+02 +2.0992e+00 -2.7786e+00
3411 +5.535271169e+02 +5.535271169e+02 +3.669071169e+02 -1.866200000e+02 +2.0593e+00 -2.7757e+00
4147 +9.751424177e+01 +9.751424177e+01 -8.910575823e+01 -1.866200000e+02 +2.0593e+00 -2.7422e+00
7988 +3.474279760e+01 +3.474279760e+01 -1.518772024e+02 -1.866200000e+02 +2.0309e+00 -2.7578e+00
13668 +4.972006819e-01 +4.972006819e-01 -1.861227993e+02 -1.866200000e+02 +2.0593e+00 -2.7527e+00
101655 +1.218810572e-01 +1.218810572e-01 -1.864981189e+02 -1.866200000e+02 +2.0458e+00 -2.7517e+00
148181 +3.803851617e-03 +3.803851617e-03 -1.866161961e+02 -1.866200000e+02 +2.0458e+00 -2.7521e+00
