% function evaluation | noise-free fitness - Fopt (-2.098800000000e+02) | best noise-free fitness - Fopt | measured fitness | best measured fitness | x1 | x2...
1 +8.958499465e+06 +8.958499465e+06 +8.958289585e+06 -2.098800000e+02 -2.0560e+00 +8.3359e-01 +4.4225e+00 -3.7791e+00 -1.1032e+00
95 +2.655821439e+04 +2.655821439e+04 +2.634833439e+04 -2.098800000e+02 -3.9662e+00 +8.2289e-01 +3.4145e+00 +2.9623e+00 +1.9018e+00
384 +1.762660965e+04 +1.762660965e+04 +1.741672965e+04 -2.098800000e+02 -3.9662e+00 +8.2289e-01 +3.4145e+00 +2.7046e+00 +1.9018e+00
675 +1.496654344e+04 +1.496654344e+04 +1.475666344e+04 -2.098800000e+02 +3.4115e+00 -4.0929e+00 +3.6246e+00 +2.3245e+00 +1.9018e+00
1624 +3.117251499e+02 +3.117251499e+02 +1.018451499e+02 -2.098800000e+02 -3.9662e+00 +8.2289e-01 +3.0728e+00 +2.3511e+00 +1.7878e+00
1817 +8.909069136e+01 +8.909069136e+01 -1.207893086e+02 -2.098800000e+02 +4.8372e+00 +8.2289e-01 +3.4145e+00 +2.3511e+00 +1.7878e+00
2579 +3.754907863e+01 +3.754907863e+01 -1.723309214e+02 -2.098800000e+02 +4.8372e+00 +8.2289e-01 +3.6246e+00 +2.4057e+00 +1.7878e+00
3993 +2.458839837e+01 +2.458839837e+01 -1.852916016e+02 -2.098800000e+02 +3.2037e+00 +4.5265e-01 +3.6246e+00 +2.4057e+00 +1.7878e+00
7112 +1.462927191e+01 +1.462927191e+01 -1.952507281e+02 -2.098800000e+02 -1.6149e+00 +2.7244e-01 +3.4729e+00 +2.3848e+00 +1.7863e+00
7505 +8.325312598e+00 +8.325312598e+00 -2.015546874e+02 -2.098800000e+02 -1.1421e+00 +2.7244e-01 +3.5187e+00 +2.3848e+00 +1.7863e+00
8371 +5.960250166e+00 +5.960250166e+00 -2.039197498e+02 -2.098800000e+02 -3.6071e-01 +2.7244e-01 +3.5187e+00 +2.3848e+00 +1.7863e+00
8861 +2.994989194e+00 +2.994989194e+00 -2.068850108e+02 -2.098800000e+02 +1.2107e-01 +2.7244e-01 +3.5440e+00 +2.3848e+00 +1.7863e+00
9256 +2.447884156e+00 +2.447884156e+00 -2.074321158e+02 -2.098800000e+02 +1.2107e-01 +5.8090e-01 +3.5440e+00 +2.3848e+00 +1.7863e+00
19476 +6.405630294e-01 +6.405630294e-01 -2.092394370e+02 -2.098800000e+02 +1.1502e+00 +4.0541e-01 +3.5564e+00 +2.3848e+00 +1.7863e+00
19667 +5.966750412e-01 +5.966750412e-01 -2.092833250e+02 -2.098800000e+02 +1.3093e+00 +4.2797e-01 +3.5564e+00 +2.3848e+00 +1.7863e+00
29161 +2.030925868e-01 +2.030925868e-01 -2.096769074e+02 -2.098800000e+02 +1.2092e+00 +4.1903e-01 +3.5440e+00 +2.3848e+00 +1.7856e+00
302778 +4.337696415e-02 +4.337696415e-02 -2.098366230e+02 -2.098800000e+02 +1.2071e+00 +4.4800e-01 +3.5557e+00 +2.3859e+00 +1.7858e+00
359037 +3.306415091e-02 +3.306415091e-02 -2.098469358e+02 -2.098800000e+02 +1.2071e+00 +4.4800e-01 +3.5545e+00 +2.3864e+00 +1.7858e+00
432325 +9.245427231e-05 +9.245427231e-05 -2.098799075e+02 -2.098800000e+02 +1.2072e+00 +4.4800e-01 +3.5545e+00 +2.3864e+00 +1.7856e+00
% function evaluation | noise-free fitness - Fopt (-9.209000000000e+01) | best noise-free fitness - Fopt | measured fitness | best measured fitness | x1 | x2...
1 +7.439980822e+06 +7.439980822e+06 +7.439888732e+06 -9.209000000e+01 +1.0945e+00 +2.1439e+00 -4.6832e+00 -3.8436e+00 +2.4693e+00
99 +1.574153037e+04 +1.574153037e+04 +1.564944037e+04 -9.209000000e+01 -2.6350e+00 -4.5656e+00 +1.1209e+00 -2.0548e+00 -1.9415e-02
295 +8.644576127e+03 +8.644576127e+03 +8.552486127e+03 -9.209000000e+01 -3.5250e+00 +1.6497e+00 +2.2270e+00 -2.0548e+00 -1.6169e-01
395 +6.116592182e+03 +6.116592182e+03 +6.024502182e+03 -9.209000000e+01 -3.5250e+00 -1.1868e+00 -1.1876e+00 -2.0548e+00 -1.6169e-01
787 +3.480121881e+03 +3.480121881e+03 +3.388031881e+03 -9.209000000e+01 -2.6350e+00 +1.0128e+00 -5.1097e-01 -1.6498e+00 -1.6169e-01
883 +2.120866007e+03 +2.120866007e+03 +2.028776007e+03 -9.209000000e+01 -3.0588e+00 +4.6692e+00 -5.1097e-01 -2.0548e+00 -1.1969e-01
981 +1.462442295e+03 +1.462442295e+03 +1.370352295e+03 -9.209000000e+01 -3.0588e+00 +4.6692e+00 -5.1097e-01 -1.6498e+00 -1.1969e-01
1477 +8.288626200e+02 +8.288626200e+02 +7.367726200e+02 -9.209000000e+01 -3.0588e+00 -1.1868e+00 +5.8172e-01 -1.7657e+00 -1.1969e-01
1577 +2.803014851e+02 +2.803014851e+02 +1.882114851e+02 -9.209000000e+01 +5.2662e-01 +1.6497e+00 +5.8172e-01 -1.8064e+00 -1.1969e-01
1676 +2.229624516e+02 +2.229624516e+02 +1.308724516e+02 -9.209000000e+01 +5.2662e-01 +1.0128e+00 -2.4177e-01 -1.8064e+00 -1.1969e-01
1776 +1.573427711e+02 +1.573427711e+02 +6.525277109e+01 -9.209000000e+01 +5.2662e-01 +1.6497e+00 -2.4177e-01 -1.8064e+00 -1.1969e-01
2163 +7.439205816e+01 +7.439205816e+01 -1.769794184e+01 -9.209000000e+01 -3.8063e-01 +1.6497e+00 -7.8303e-02 -1.8064e+00 -1.1969e-01
2455 +5.103842554e+01 +5.103842554e+01 -4.105157446e+01 -9.209000000e+01 -3.5250e+00 +1.7805e+00 +6.0671e-02 -1.8064e+00 -1.1969e-01
2653 +3.791538453e+01 +3.791538453e+01 -5.417461547e+01 -9.209000000e+01 +5.2662e-01 +2.2494e+00 +2.4039e-01 -1.8064e+00 -1.1969e-01
3039 +1.436899010e+01 +1.436899010e+01 -7.772100990e+01 -9.209000000e+01 +5.2662e-01 +2.8508e+00 +1.0893e-01 -1.8064e+00 -1.1969e-01
28343 +9.529746166e+00 +9.529746166e+00 -8.256025383e+01 -9.209000000e+01 +8.1484e-01 +2.6177e+00 +1.0893e-01 -1.8429e+00 -1.1969e-01
33154 +3.213064805e+00 +3.213064805e+00 -8.887693519e+01 -9.209000000e+01 +8.1484e-01 +2.7829e+00 +1.0893e-01 -1.8346e+00 -1.1969e-01
33246 +2.426161078e+00 +2.426161078e+00 -8.966383892e+01 -9.209000000e+01 +8.1484e-01 +2.6337e+00 +1.0893e-01 -1.8346e+00 -1.1969e-01
33624 +1.464637143e+00 +1.464637143e+00 -9.062536286e+01 -9.209000000e+01 +8.1484e-01 +2.6337e+00 +1.0893e-01 -1.8212e+00 -1.1969e-01
38300 +6.382182830e-01 +6.382182830e-01 -9.145178172e+01 -9.209000000e+01 +7.3780e-01 +2.6249e+00 +8.4881e-02 -1.8230e+00 -1.1969e-01
49023 +6.052548291e-01 +6.052548291e-01 -9.148474517e+01 -9.209000000e+01 +7.0430e-01 +2.6177e+00 +1.0893e-01 -1.8263e+00 -1.1969e-01
70336 +3.231075143e-01 +3.231075143e-01 -9.176689249e+01 -9.209000000e+01 +7.3015e-01 +2.6249e+00 +8.4881e-02 -1.8263e+00 -1.1969e-01
165390 +1.065173349e-02 +1.065173349e-02 -9.207934827e+01 -9.209000000e+01 +7.2571e-01 +2.6212e+00 +9.0096e-02 -1.8263e+00 -1.1930e-01
% function evaluation | noise-free fitness - Fopt (-8.789000000000e+01) | best noise-free fitness - Fopt | measured fitness | best measured fitness | x1 | x2...
1 +2.628889642e+07 +2.628889642e+07 +2.628880853e+07 -8.789000000e+01 +2.7076e+00 -2.3010e+00 -2.6322e+00 +1.2185e+00 +2.0759e+00
95 +1.557530622e+05 +1.557530622e+05 +1.556651722e+05 -8.789000000e+01 +2.7990e+00 -1.2308e+00 -4.8654e+00 -6.5674e-01 -3.3220e+00
185 +9.282195731e+04 +9.282195731e+04 +9.273406731e+04 -8.789000000e+01 +3.6290e+00 -3.3456e+00 -4.8654e+00 -1.9482e+00 -3.3220e+00
374 +3.831757813e+04 +3.831757813e+04 +3.822968813e+04 -8.789000000e+01 +3.6741e+00 -2.6961e+00 -4.8654e+00 -1.9482e+00 -3.0333e+00
465 +8.777734555e+03 +8.777734555e+03 +8.689844555e+03 -8.789000000e+01 -3.6590e+00 -3.9302e+00 +3.2832e+00 -2.0778e+00 -3.0333e+00
647 +5.954331240e+03 +5.954331240e+03 +5.866441240e+03 -8.789000000e+01 -3.5191e+00 -5.3311e-01 +2.4281e+00 -1.9482e+00 -3.0333e+00
2356 +3.947863052e+03 +3.947863052e+03 +3.859973052e+03 -8.789000000e+01 -1.2250e+00 +3.6742e+00 +1.7432e+00 -1.9482e+00 -3.0333e+00
4320 +1.631262092e+03 +1.631262092e+03 +1.543372092e+03 -8.789000000e+01 -2.4669e-01 +3.6742e+00 +1.7432e+00 -2.2207e+00 -3.0479e+00
4411 +1.401673661e+03 +1.401673661e+03 +1.313783661e+03 -8.789000000e+01 -2.4669e-01 +3.6742e+00 +1.3558e+00 -2.2207e+00 -3.0479e+00
4509 +9.681459749e+02 +9.681459749e+02 +8.802559749e+02 -8.789000000e+01 -5.5453e-01 +3.6742e+00 +1.7786e+00 -2.2207e+00 -3.0651e+00
7371 +2.488794532e+02 +2.488794532e+02 +1.609894532e+02 -8.789000000e+01 +7.3558e-01 +3.9773e+00 +1.0470e+00 -2.1623e+00 -3.0934e+00
7742 +1.380494097e+02 +1.380494097e+02 +5.015940966e+01 -8.789000000e+01 +7.3558e-01 +3.9773e+00 +1.0470e+00 -2.1491e+00 -3.0882e+00
9151 +9.488569062e+01 +9.488569062e+01 +6.995690624e+00 -8.789000000e+01 +7.3558e-01 +3.9773e+00 +1.1310e+00 -2.0708e+00 -3.0882e+00
17578 +4.500065680e+01 +4.500065680e+01 -4.288934320e+01 -8.789000000e+01 +3.3523e-01 +2.7970e+00 +1.3380e+00 -2.1295e+00 -3.0845e+00
17676 +2.489809707e+01 +2.489809707e+01 -6.299190293e+01 -8.789000000e+01 +3.3523e-01 +3.6355e+00 +1.3380e+00 -2.1295e+00 -3.0845e+00
27375 +1.252804146e+01 +1.252804146e+01 -7.536195854e+01 -8.789000000e+01 +2.4469e-01 +3.6355e+00 +1.2597e+00 -2.0930e+00 -3.0845e+00
37024 +4.744723259e+00 +4.744723259e+00 -8.314527674e+01 -8.789000000e+01 +2.6776e-01 +3.6400e+00 +1.2455e+00 -2.1133e+00 -3.0845e+00
42327 +8.313502336e-01 +8.313502336e-01 -8.705864977e+01 -8.789000000e+01 +2.4469e-01 +3.6355e+00 +1.2597e+00 -2.1052e+00 -3.0825e+00
63027 +2.992758029e-01 +2.992758029e-01 -8.759072420e+01 -8.789000000e+01 +2.3488e-01 +3.6435e+00 +1.2460e+00 -2.1064e+00 -3.0825e+00
68889 +6.670973802e-02 +6.670973802e-02 -8.782329026e+01 -8.789000000e+01 +2.3488e-01 +3.6435e+00 +1.2486e+00 -2.1084e+00 -3.0825e+00
92568 +4.046058792e-02 +4.046058792e-02 -8.784953941e+01 -8.789000000e+01 +2.3488e-01 +3.6435e+00 +1.2486e+00 -2.1105e+00 -3.0825e+00
118991 +3.037502460e-02 +3.037502460e-02 -8.785962498e+01 -8.789000000e+01 +2.3734e-01 +3.6463e+00 +1.2486e+00 -2.1102e+00 -3.0825e+00
225069 +2.014906731e-02 +2.014906731e-02 -8.786985093e+01 -8.789000000e+01 +2.3734e-01 +3.6463e+00 +1.2491e+00 -2.1099e+00 -3.0825e+00
% function evaluation | noise-free fitness - Fopt (3.201900000000e+02) | best noise-free fitness - Fopt | measured fitness | best measured fitness | x1 | x2...
1 +3.867481783e+06 +3.867481783e+06 +3.867801973e+06 +3.201900000e+02 +2.3049e+00 +3.7888e-01 -5.2287e-01 +1.0863e+00 -1.5013e+00
86 +4.183484725e+04 +4.183484725e+04 +4.215503725e+04 +3.201900000e+02 -4.5196e+00 -1.9455e-02 +3.3674e+00 -1.7578e+00 -3.5873e+00
266 +9.511675306e+03 +9.511675306e+03 +9.831865306e+03 +3.201900000e+02 +2.4300e+00 +4.7101e+00 +3.3766e+00 -1.0317e+00 -3.5241e+00
518 +5.323270828e+03 +5.323270828e+03 +5.643460828e+03 +3.201900000e+02 +2.4300e+00 -6.2621e-01 +3.2401e-01 -1.0317e+00 -3.5241e+00
953 +2.565056577e+03 +2.565056577e+03 +2.885246577e+03 +3.201900000e+02 -3.4917e+00 -1.9455e-02 +3.2401e-01 -1.0317e+00 -3.4615e+00
1201 +1.272154765e+03 +1.272154765e+03 +1.592344765e+03 +3.201900000e+02 -3.3464e+00 -6.2621e-01 +1.6527e+00 -1.0317e+00 -3.4615e+00
1555 +2.320876236e+02 +2.320876236e+02 +5.522776236e+02 +3.201900000e+02 -4.7821e+00 -6.2621e-01 +1.6527e+00 -8.5360e-01 -3.4615e+00
2010 +1.528535822e+02 +1.528535822e+02 +4.730435822e+02 +3.201900000e+02 -4.7801e-02 -7.2178e-01 +1.3972e+00 -8.7650e-01 -3.4615e+00
2183 +9.355874742e+01 +9.355874742e+01 +4.137487474e+02 +3.201900000e+02 -4.7801e-02 -3.2633e+00 +1.3972e+00 -8.5360e-01 -3.4615e+00
9280 +1.323162925e+00 +1.323162925e+00 +3.215131629e+02 +3.201900000e+02 -5.1165e-02 -2.2685e+00 +1.3926e+00 -8.5354e-01 -3.4700e+00
31300 +7.308062117e-02 +7.308062117e-02 +3.202630806e+02 +3.201900000e+02 -4.2760e-01 -2.3792e+00 +1.4014e+00 -8.5804e-01 -3.4698e+00
57087 +6.225726222e-02 +6.225726222e-02 +3.202522573e+02 +3.201900000e+02 -4.3740e-01 -2.3572e+00 +1.4016e+00 -8.5804e-01 -3.4698e+00
124023 +1.002683811e-02 +1.002683811e-02 +3.202000268e+02 +3.201900000e+02 -4.3364e-01 -2.3602e+00 +1.4016e+00 -8.5804e-01 -3.4696e+00
154879 +6.497627803e-03 +6.497627803e-03 +3.201964976e+02 +3.201900000e+02 -4.3364e-01 -2.3602e+00 +1.4016e+00 -8.5794e-01 -3.4696e+00
213269 +6.295024773e-03 +6.295024773e-03 +3.201962950e+02 +3.201900000e+02 -4.3364e-01 -2.3602e+00 +1.4016e+00 -8.5794e-01 -3.4696e+00
356102 +4.865891059e-04 +4.865891059e-04 +3.201904866e+02 +3.201900000e+02 -4.3285e-01 -2.3602e+00 +1.4027e+00 -8.5764e-01 -3.4696e+00
383391 +1.866735868e-04 +1.866735868e-04 +3.201901867e+02 +3.201900000e+02 -4.3285e-01 -2.3602e+00 +1.4031e+00 -8.5764e-01 -3.4696e+00
% function evaluation | noise-free fitness - Fopt (-1.042400000000e+02) | best noise-free fitness - Fopt | measured fitness | best measured fitness | x1 | x2...
1 +1.707565376e+07 +1.707565376e+07 +1.707554952e+07 -1.042400000e+02 -6.5275e-01 -2.9468e+00 -1.2957e+00 +1.1046e+00 +4.0611e+00
87 +7.314776086e+03 +7.314776086e+03 +7.210536086e+03 -1.042400000e+02 -2.4419e+00 +2.1941e+00 +2.2613e+00 -6.5102e-01 -1.3119e-01
531 +5.492032360e+03 +5.492032360e+03 +5.387792360e+03 -1.042400000e+02 +4.1760e+00 -1.4907e+00 +1.3121e+00 -6.5102e-01 -1.3119e-01
1182 +2.072984153e+03 +2.072984153e+03 +1.968744153e+03 -1.042400000e+02 -4.9295e+00 -1.4907e+00 +1.3121e+00 -6.5102e-01 -2.5186e-02
1370 +1.194716523e+03 +1.194716523e+03 +1.090476523e+03 -1.042400000e+02 -4.9295e+00 -1.4907e+00 +1.3121e+00 -4.8349e-01 -2.5186e-02
1459 +9.830844451e+02 +9.830844451e+02 +8.788444451e+02 -1.042400000e+02 -2.7349e+00 -4.6750e+00 +1.3121e+00 -4.8349e-01 -2.5186e-02
6027 +5.264950270e+02 +5.264950270e+02 +4.222550270e+02 -1.042400000e+02 -3.9704e+00 -1.5449e+00 +1.6828e+00 -5.7555e-01 -5.9185e-02
6321 +3.427291490e+02 +3.427291490e+02 +2.384891490e+02 -1.042400000e+02 -3.9704e+00 -3.1092e+00 +1.6828e+00 -5.7555e-01 -5.9185e-02
6708 +2.091862414e+02 +2.091862414e+02 +1.049462414e+02 -1.042400000e+02 -3.8667e+00 -3.0793e+00 +1.6828e+00 -4.5465e-01 -5.9185e-02
7089 +1.571718001e+02 +1.571718001e+02 +5.293180007e+01 -1.042400000e+02 -3.8667e+00 -2.2379e+00 +1.1773e+00 -4.5465e-01 -5.9185e-02
7188 +7.734977993e+01 +7.734977993e+01 -2.689022007e+01 -1.042400000e+02 +3.4462e+00 -3.0793e+00 +1.3504e+00 -5.3017e-01 -5.9185e-02
7480 +6.257989153e+01 +6.257989153e+01 -4.166010847e+01 -1.042400000e+02 -7.1780e-01 -3.1038e+00 +1.3504e+00 -4.5465e-01 -5.9185e-02
18495 +1.122022777e+00 +1.122022777e+00 -1.031179772e+02 -1.042400000e+02 +3.3082e-01 -3.8130e+00 +1.3060e+00 -4.9532e-01 -5.9185e-02
18593 +7.438125240e-01 +7.438125240e-01 -1.034961875e+02 -1.042400000e+02 +3.3082e-01 -3.9379e+00 +1.3218e+00 -4.9532e-01 -5.9185e-02
21481 +5.906102748e-01 +5.906102748e-01 -1.036493897e+02 -1.042400000e+02 +3.9515e-01 -3.9068e+00 +1.3121e+00 -4.9532e-01 -5.7683e-02
45538 +1.044514491e-01 +1.044514491e-01 -1.041355486e+02 -1.042400000e+02 +4.0059e-01 -3.9186e+00 +1.3206e+00 -4.9417e-01 -5.8630e-02
60912 +6.446752612e-02 +6.446752612e-02 -1.041755325e+02 -1.042400000e+02 +3.9515e-01 -3.9068e+00 +1.3121e+00 -4.9417e-01 -5.8630e-02
61071 +5.887658001e-02 +5.887658001e-02 -1.041811234e+02 -1.042400000e+02 +4.0059e-01 -3.9186e+00 +1.3121e+00 -4.9417e-01 -5.8630e-02
% function evaluation | noise-free fitness - Fopt (-1.000000000000e+03) | best noise-free fitness - Fopt | measured fitness | best measured fitness | x1 | x2...
1 +1.939381895e+07 +1.939381895e+07 +1.939281895e+07 -1.000000000e+03 -4.4992e-01 -2.2625e+00 -3.6243e+00 -4.3397e+00 -3.8256e+00
91 +2.259382620e+04 +2.259382620e+04 +2.159382620e+04 -1.000000000e+03 -3.2508e+00 -3.7242e+00 +2.3451e+00 -1.1518e+00 +6.3359e-01
458 +8.631767056e+03 +8.631767056e+03 +7.631767056e+03 -1.000000000e+03 +4.5400e+00 +1.1082e+00 -1.4022e+00 -1.1518e+00 +6.3359e-01
629 +2.425956812e+03 +2.425956812e+03 +1.425956812e+03 -1.000000000e+03 +4.1009e+00 -3.3440e+00 -1.4022e+00 -1.1518e+00 +5.9181e-01
1167 +3.554672564e+02 +3.554672564e+02 -6.445327436e+02 -1.000000000e+03 -1.2696e-01 -3.3440e+00 -1.4022e+00 -1.1518e+00 +5.3025e-01
6173 +1.556173556e+02 +1.556173556e+02 -8.443826444e+02 -1.000000000e+03 -3.6066e+00 -3.8310e+00 -1.3123e+00 -1.1119e+00 +5.5687e-01
11638 +5.823537778e+01 +5.823537778e+01 -9.417646222e+02 -1.000000000e+03 -2.4836e+00 -3.9049e+00 -1.5242e+00 -1.1189e+00 +5.3840e-01
17059 +3.056970330e+01 +3.056970330e+01 -9.694302967e+02 -1.000000000e+03 -1.5270e+00 -3.8280e+00 -1.5527e+00 -1.1194e+00 +5.5122e-01
32917 +4.078948941e-01 +4.078948941e-01 -9.995921051e+02 -1.000000000e+03 -2.4927e+00 -3.6550e+00 -1.5274e+00 -1.1113e+00 +5.4699e-01
51654 +3.689772131e-01 +3.689772131e-01 -9.996310228e+02 -1.000000000e+03 -2.4703e+00 -3.6488e+00 -1.5166e+00 -1.1119e+00 +5.4699e-01
140363 +2.289224111e-01 +2.289224111e-01 -9.997710776e+02 -1.000000000e+03 -2.5146e+00 -3.6427e+00 -1.5201e+00 -1.1113e+00 +5.4688e-01
152883 +1.084710175e-01 +1.084710175e-01 -9.998915290e+02 -1.000000000e+03 -2.5146e+00 -3.6423e+00 -1.5195e+00 -1.1113e+00 +5.4607e-01
274363 +2.507019791e-03 +2.507019791e-03 -9.999974930e+02 -1.000000000e+03 -2.5146e+00 -3.6423e+00 -1.5195e+00 -1.1113e+00 +5.4644e-01
% function evaluation | noise-free fitness - Fopt (-3.629000000000e+01) | best noise-free fitness - Fopt | measured fitness | best measured fitness | x1 | x2...
1 +6.365319833e+07 +6.365319833e+07 +6.365316204e+07 -3.629000000e+01 -3.9284e+00 +3.0716e+00 -4.6968e+00 -1.4985e+00 +4.0210e+00
97 +6.618442157e+04 +6.618442157e+04 +6.614813157e+04 -3.629000000e+01 +9.1413e-01 -4.9591e+00 -3.1954e+00 -3.3428e+00 -3.9743e+00
195 +3.248877918e+04 +3.248877918e+04 +3.245248918e+04 -3.629000000e+01 -6.7342e-01 -4.9170e+00 -2.8796e+00 -3.2982e+00 -3.6009e+00
292 +3.764653002e+03 +3.764653002e+03 +3.728363002e+03 -3.629000000e+01 +3.8909e-01 -2.6916e-01 -8.7813e-01 -2.8940e+00 -3.6976e+00
381 +1.895807981e+03 +1.895807981e+03 +1.859517981e+03 -3.629000000e+01 +3.6899e+00 -9.3654e-01 -1.1449e+00 -2.8940e+00 -3.7130e+00
675 +1.338190702e+03 +1.338190702e+03 +1.301900702e+03 -3.629000000e+01 +1.5207e+00 -4.9170e+00 +1.1671e-01 -2.8940e+00 -3.7130e+00
1066 +9.495664742e+02 +9.495664742e+02 +9.132764742e+02 -3.629000000e+01 +1.5207e+00 -2.6916e-01 -1.1449e+00 -2.8940e+00 -3.7540e+00
1360 +5.155570042e+02 +5.155570042e+02 +4.792670042e+02 -3.629000000e+01 +3.9203e+00 -4.3559e+00 -8.7813e-01 -2.8940e+00 -3.7609e+00
1451 +3.360151797e+02 +3.360151797e+02 +2.997251797e+02 -3.629000000e+01 +1.5207e+00 -4.1504e+00 +1.1671e-01 -2.8940e+00 -3.7609e+00
1548 +1.876357009e+02 +1.876357009e+02 +1.513457009e+02 -3.629000000e+01 +3.9203e+00 -4.1504e+00 -2.9726e-01 -2.8940e+00 -3.7609e+00
2885 +1.575456827e+02 +1.575456827e+02 +1.212556827e+02 -3.629000000e+01 +1.5207e+00 -3.3862e+00 -2.9726e-01 -2.8940e+00 -3.7609e+00
4675 +4.740766270e+01 +4.740766270e+01 +1.111766270e+01 -3.629000000e+01 +3.9203e+00 -4.0329e+00 -2.9726e-01 -2.8940e+00 -3.7522e+00
8594 +1.149797778e+01 +1.149797778e+01 -2.479202222e+01 -3.629000000e+01 +1.8382e+00 -3.1296e+00 -3.4283e-01 -2.8703e+00 -3.7462e+00
9264 +9.010749482e+00 +9.010749482e+00 -2.727925052e+01 -3.629000000e+01 +1.8382e+00 -3.1296e+00 -2.7178e-01 -2.8703e+00 -3.7462e+00
36599 +1.311321917e+00 +1.311321917e+00 -3.497867808e+01 -3.629000000e+01 +2.6475e+00 -3.1409e+00 -2.9726e-01 -2.8703e+00 -3.7486e+00
42813 +1.789373776e-01 +1.789373776e-01 -3.611106262e+01 -3.629000000e+01 +2.7937e+00 -3.1409e+00 -2.8820e-01 -2.8748e+00 -3.7486e+00
43385 +7.593310213e-02 +7.593310213e-02 -3.621406690e+01 -3.629000000e+01 +2.7937e+00 -3.1436e+00 -2.8820e-01 -2.8758e+00 -3.7486e+00
74859 +4.124916656e-02 +4.124916656e-02 -3.624875083e+01 -3.629000000e+01 +2.7920e+00 -3.1436e+00 -2.9054e-01 -2.8773e+00 -3.7486e+00
193852 +3.624227878e-02 +3.624227878e-02 -3.625375772e+01 -3.629000000e+01 +2.7920e+00 -3.1436e+00 -2.9015e-01 -2.8772e+00 -3.7490e+00
265259 +2.152659844e-02 +2.152659844e-02 -3.626847340e+01 -3.629000000e+01 +2.7920e+00 -3.1424e+00 -2.9054e-01 -2.8773e+00 -3.7487e+00
267954 +1.444848718e-02 +1.444848718e-02 -3.627555151e+01 -3.629000000e+01 +2.7920e+00 -3.1424e+00 -2.9054e-01 -2.8765e+00 -3.7487e+00
% function evaluation | noise-free fitness - Fopt (-4.840000000000e+01) | best noise-free fitness - Fopt | measured fitness | best measured fitness | x1 | x2...
1 +1.978883970e+06 +1.978883970e+06 +1.978835570e+06 -4.840000000e+01 +4.6808e+00 -4.8117e+00 +4.6982e+00 +1.1384e+00 +3.8382e+00
99 +2.175150792e+04 +2.175150792e+04 +2.170310792e+04 -4.840000000e+01 +3.6768e+00 -1.8856e+00 -2.6297e+00 -1.5355e+00 +2.7337e+00
494 +6.314493853e+03 +6.314493853e+03 +6.266093853e+03 -4.840000000e+01 -4.9061e+00 +4.0867e+00 -1.6584e+00 -2.0568e+00 +2.7337e+00
588 +6.291782284e+03 +6.291782284e+03 +6.243382284e+03 -4.840000000e+01 -1.5438e+00 +4.0867e+00 -1.6584e+00 -2.0568e+00 +2.7337e+00
784 +3.018625478e+03 +3.018625478e+03 +2.970225478e+03 -4.840000000e+01 -4.9061e+00 -2.8675e+00 -1.6584e+00 -2.2774e+00 +2.7337e+00
1376 +4.570384282e+02 +4.570384282e+02 +4.086384282e+02 -4.840000000e+01 +4.1086e+00 -1.7055e+00 -1.6584e+00 -2.2774e+00 +2.6921e+00
1476 +3.910421560e+02 +3.910421560e+02 +3.426421560e+02 -4.840000000e+01 +4.1086e+00 -2.8675e+00 -1.6481e+00 -2.2774e+00 +2.6921e+00
1672 +1.669271163e+02 +1.669271163e+02 +1.185271163e+02 -4.840000000e+01 -1.5438e+00 -2.8846e+00 -6.3516e-01 -2.2774e+00 +2.6921e+00
2067 +1.352442308e+02 +1.352442308e+02 +8.684423081e+01 -4.840000000e+01 +3.9400e+00 -3.2787e+00 -1.3060e+00 -2.2774e+00 +2.6921e+00
2261 +3.324631949e+01 +3.324631949e+01 -1.515368051e+01 -4.840000000e+01 -1.3239e-01 -2.8846e+00 -1.0584e+00 -2.2774e+00 +2.6921e+00
29204 +8.320089214e+00 +8.320089214e+00 -4.007991079e+01 -4.840000000e+01 +4.0692e-01 -2.9456e+00 -1.0152e+00 -2.2774e+00 +2.6894e+00
39456 +6.698667352e-01 +6.698667352e-01 -4.773013326e+01 -4.840000000e+01 +4.6264e-01 -2.9297e+00 -1.0059e+00 -2.2774e+00 +2.6863e+00
52520 +5.734606412e-01 +5.734606412e-01 -4.782653936e+01 -4.840000000e+01 +4.5072e-01 -2.9237e+00 -1.0077e+00 -2.2855e+00 +2.6863e+00
56682 +6.507754076e-02 +6.507754076e-02 -4.833492246e+01 -4.840000000e+01 +4.3658e-01 -2.9243e+00 -1.0077e+00 -2.2802e+00 +2.6863e+00
70930 +2.758542455e-02 +2.758542455e-02 -4.837241458e+01 -4.840000000e+01 +4.3658e-01 -2.9243e+00 -1.0077e+00 -2.2809e+00 +2.6863e+00
80633 +1.465813779e-02 +1.465813779e-02 -4.838534186e+01 -4.840000000e+01 +4.5072e-01 -2.9237e+00 -1.0077e+00 -2.2813e+00 +2.6863e+00
148969 +5.357238352e-03 +5.357238352e-03 -4.839464276e+01 -4.840000000e+01 +4.4596e-01 -2.9243e+00 -1.0103e+00 -2.2815e+00 +2.6863e+00
% function evaluation | noise-free fitness - Fopt (1.000000000000e+03) | best noise-free fitness - Fopt | measured fitness | best measured fitness | x1 | x2...
1 +4.894732107e+06 +4.894732107e+06 +4.895732107e+06 +1.000000000e+03 +4.6820e+00 -2.1138e+00 +2.3911e+00 -3.5454e+00 -2.3901e+00
87 +7.255031151e+04 +7.255031151e+04 +7.355031151e+04 +1.000000000e+03 -1.7712e+00 +3.9144e-01 -3.6684e+00 -1.7730e+00 -3.4064e-01
173 +4.962176726e+04 +4.962176726e+04 +5.062176726e+04 +1.000000000e+03 +1.1375e+00 +3.4427e+00 -2.0422e+00 -1.2429e+00 -1.4433e-01
435 +6.947438050e+02 +6.947438050e+02 +1.694743805e+03 +1.000000000e+03 +1.1375e+00 -4.7963e+00 +2.2427e+00 -2.3492e+00 -1.4433e-01
522 +4.711468706e+02 +4.711468706e+02 +1.471146871e+03 +1.000000000e+03 +1.1375e+00 -4.7963e+00 +1.4896e+00 -2.3492e+00 -1.4433e-01
1149 +3.559977156e+02 +3.559977156e+02 +1.355997716e+03 +1.000000000e+03 -1.7712e+00 -2.2740e+00 +1.4896e+00 -2.3492e+00 -1.4433e-01
1775 +1.263994031e+02 +1.263994031e+02 +1.126399403e+03 +1.000000000e+03 -1.7712e+00 -2.4483e+00 +1.7906e+00 -2.2255e+00 -1.4433e-01
1862 +9.656771312e+01 +9.656771312e+01 +1.096567713e+03 +1.000000000e+03 -1.7712e+00 -2.4483e+00 +1.7906e+00 -2.2736e+00 -1.4433e-01
13590 +2.006413463e+01 +2.006413463e+01 +1.020064135e+03 +1.000000000e+03 -3.5661e+00 -2.9536e+00 +1.6946e+00 -2.2529e+00 -1.5653e-01
21689 +3.004387896e+00 +3.004387896e+00 +1.003004388e+03 +1.000000000e+03 -3.4122e+00 -2.9829e+00 +1.7287e+00 -2.2547e+00 -1.5406e-01
31566 +2.443840694e+00 +2.443840694e+00 +1.002443841e+03 +1.000000000e+03 -3.3945e+00 -2.9829e+00 +1.7287e+00 -2.2667e+00 -1.5162e-01
63528 +1.483111000e+00 +1.483111000e+00 +1.001483111e+03 +1.000000000e+03 -3.4527e+00 -2.9829e+00 +1.7287e+00 -2.2570e+00 -1.5369e-01
103225 +1.553558416e-01 +1.553558416e-01 +1.000155356e+03 +1.000000000e+03 -3.4309e+00 -2.9829e+00 +1.7287e+00 -2.2638e+00 -1.5292e-01
163015 +1.991665949e-02 +1.991665949e-02 +1.000019917e+03 +1.000000000e+03 -3.4309e+00 -2.9871e+00 +1.7260e+00 -2.2613e+00 -1.5292e-01
% function evaluation | noise-free fitness - Fopt (3.261100000000e+02) | best noise-free fitness - Fopt | measured fitness | best measured fitness | x1 | x2...
1 +4.022051746e+06 +4.022051746e+06 +4.022377856e+06 +3.261100000e+02 +4.2160e+00 -1.5482e+00 -1.6355e+00 -2.5440e+00 -3.6259e+00
94 +5.804322394e+04 +5.804322394e+04 +5.836933394e+04 +3.261100000e+02 -2.6253e+00 +2.4136e+00 -4.4701e-01 +9.7624e-01 -1.8971e+00
186 +1.748739005e+04 +1.748739005e+04 +1.781350005e+04 +3.261100000e+02 +4.0843e+00 +3.3777e+00 +2.5266e+00 +2.3095e-01 -1.5954e+00
925 +1.450473612e+04 +1.450473612e+04 +1.483084612e+04 +3.261100000e+02 -1.1491e+00 -4.7733e-01 +2.5132e+00 -3.8516e-01 -1.8147e+00
1570 +6.172610648e+03 +6.172610648e+03 +6.498720648e+03 +3.261100000e+02 -1.1491e+00 -4.7733e-01 +2.5266e+00 +2.3095e-01 -1.8147e+00
1748 +1.453367368e+03 +1.453367368e+03 +1.779477368e+03 +3.261100000e+02 -4.6372e+00 +2.4136e+00 +2.0728e+00 +2.3095e-01 -1.7024e+00
5988 +7.391738400e+02 +7.391738400e+02 +1.065283840e+03 +3.261100000e+02 +4.9099e+00 +4.2133e+00 +3.5271e+00 +1.8769e-01 -1.7361e+00
6182 +6.244530651e+02 +6.244530651e+02 +9.505630651e+02 +3.261100000e+02 -1.0751e+00 +3.4553e+00 +3.5271e+00 +1.8769e-01 -1.7361e+00
6862 +1.692656831e+02 +1.692656831e+02 +4.953756831e+02 +3.261100000e+02 -2.1511e+00 +3.4553e+00 +3.0140e+00 +1.8769e-01 -1.7361e+00
6958 +1.528966640e+02 +1.528966640e+02 +4.790066640e+02 +3.261100000e+02 -2.1511e+00 +3.4553e+00 +3.0436e+00 +1.4618e-01 -1.7361e+00
7345 +5.400475149e+01 +5.400475149e+01 +3.801147515e+02 +3.261100000e+02 -3.9134e+00 +3.4553e+00 +2.7521e+00 +1.4618e-01 -1.7361e+00
7533 +3.869200446e+01 +3.869200446e+01 +3.648020045e+02 +3.261100000e+02 -2.1511e+00 +3.1679e+00 +2.7521e+00 +1.4618e-01 -1.7361e+00
8010 +2.206038112e+01 +2.206038112e+01 +3.481703811e+02 +3.261100000e+02 -3.9134e+00 +2.6243e+00 +2.7521e+00 +1.4618e-01 -1.7361e+00
22212 +3.156226151e+00 +3.156226151e+00 +3.292662262e+02 +3.261100000e+02 -3.5608e+00 +2.4311e+00 +2.7518e+00 +1.5345e-01 -1.7337e+00
56482 +1.274306545e+00 +1.274306545e+00 +3.273843065e+02 +3.261100000e+02 -3.5338e+00 +2.4311e+00 +2.7518e+00 +1.5345e-01 -1.7330e+00
58353 +1.361643915e-01 +1.361643915e-01 +3.262461644e+02 +3.261100000e+02 -3.5338e+00 +2.4311e+00 +2.7443e+00 +1.5218e-01 -1.7321e+00
58725 +4.484659268e-02 +4.484659268e-02 +3.261548466e+02 +3.261100000e+02 -3.5338e+00 +2.4311e+00 +2.7443e+00 +1.5083e-01 -1.7321e+00
70427 +3.957540371e-02 +3.957540371e-02 +3.261495754e+02 +3.261100000e+02 -3.5338e+00 +2.4456e+00 +2.7443e+00 +1.5083e-01 -1.7321e+00
168956 +2.421975613e-02 +2.421975613e-02 +3.261342198e+02 +3.261100000e+02 -3.5346e+00 +2.4497e+00 +2.7415e+00 +1.5058e-01 -1.7321e+00
367178 +2.564851792e-03 +2.564851792e-03 +3.261125649e+02 +3.261100000e+02 -3.5346e+00 +2.4445e+00 +2.7409e+00 +1.5058e-01 -1.7320e+00
385074 +1.526407498e-03 +1.526407498e-03 +3.261115264e+02 +3.261100000e+02 -3.5346e+00 +2.4445e+00 +2.7409e+00 +1.5034e-01 -1.7320e+00
% function evaluation | noise-free fitness - Fopt (-4.682000000000e+01) | best noise-free fitness - Fopt | measured fitness | best measured fitness | x1 | x2...
1 +7.268680364e+06 +7.268680364e+06 +7.268633544e+06 -4.682000000e+01 +9.4915e-01 -6.3740e-01 -3.0847e+00 -3.0776e+00 +4.4424e-01
88 +7.309708957e+04 +7.309708957e+04 +7.305026957e+04 -4.682000000e+01 -1.2237e-02 +4.3802e+00 +4.5801e-01 -6.1993e-01 +3.2776e+00
259 +4.262798612e+03 +4.262798612e+03 +4.215978612e+03 -4.682000000e+01 -1.2237e-02 +7.2707e-01 +1.9817e+00 -1.9907e+00 +3.2776e+00
621 +6.881895679e+02 +6.881895679e+02 +6.413695679e+02 -4.682000000e+01 +4.7586e+00 -5.2818e-01 +3.0467e+00 -1.9907e+00 +3.2273e+00
1267 +4.758772294e+02 +4.758772294e+02 +4.290572294e+02 -4.682000000e+01 +8.9215e-01 +1.0281e+00 +3.0467e+00 -2.1387e+00 +3.2273e+00
1443 +3.849599561e+02 +3.849599561e+02 +3.381399561e+02 -4.682000000e+01 +1.7750e+00 +1.0281e+00 +3.0467e+00 -2.0972e+00 +3.2273e+00
1807 +1.849119597e+02 +1.849119597e+02 +1.380919597e+02 -4.682000000e+01 -3.4181e+00 +9.6357e-01 +2.6063e+00 -2.0650e+00 +3.2273e+00
1992 +4.698591528e+01 +4.698591528e+01 +1.659152850e-01 -4.682000000e+01 +1.9017e-01 +9.6357e-01 +2.6063e+00 -2.0650e+00 +3.2099e+00
3010 +3.933080811e+01 +3.933080811e+01 -7.489191889e+00 -4.682000000e+01 +5.1190e-01 +5.3363e-01 +2.5550e+00 -2.0650e+00 +3.2099e+00
19048 +2.375414382e+01 +2.375414382e+01 -2.306585618e+01 -4.682000000e+01 +1.1934e+00 +5.3363e-01 +2.5550e+00 -2.0693e+00 +3.2193e+00
24617 +1.020018553e+01 +1.020018553e+01 -3.661981447e+01 -4.682000000e+01 +1.1934e+00 +5.3363e-01 +2.5639e+00 -2.0693e+00 +3.2174e+00
25271 +7.293405143e+00 +7.293405143e+00 -3.952659486e+01 -4.682000000e+01 +1.1934e+00 +5.0838e-01 +2.5639e+00 -2.0741e+00 +3.2174e+00
26496 +6.156799706e+00 +6.156799706e+00 -4.066320029e+01 -4.682000000e+01 +1.1934e+00 +5.0838e-01 +2.5639e+00 -2.0785e+00 +3.2174e+00
29634 +4.688242429e-02 +4.688242429e-02 -4.677311758e+01 -4.682000000e+01 +1.1934e+00 +4.9084e-01 +2.5758e+00 -2.0807e+00 +3.2151e+00
64855 +1.446777525e-02 +1.446777525e-02 -4.680553222e+01 -4.682000000e+01 +1.1840e+00 +5.0083e-01 +2.5723e+00 -2.0807e+00 +3.2151e+00
80812 +9.490274278e-03 +9.490274278e-03 -4.681050973e+01 -4.682000000e+01 +1.1848e+00 +5.0083e-01 +2.5709e+00 -2.0807e+00 +3.2151e+00
% function evaluation | noise-free fitness - Fopt (-5.563000000000e+01) | best noise-free fitness - Fopt | measured fitness | best measured fitness | x1 | x2...
1 +1.895947672e+06 +1.895947672e+06 +1.895892042e+06 -5.563000000e+01 +4.8381e+00 +1.9888e+00 +1.9424e+00 -1.5788e+00 +2.7069e+00
97 +2.660589197e+04 +2.660589197e+04 +2.655026197e+04 -5.563000000e+01 -8.7381e-01 +3.4856e+00 -1.1625e-01 -1.1728e-01 +1.3589e+00
192 +1.794739398e+04 +1.794739398e+04 +1.789176398e+04 -5.563000000e+01 -2.0455e-01 -3.9517e+00 -3.5642e+00 -1.0266e+00 +1.3515e+00
384 +1.448007724e+04 +1.448007724e+04 +1.442444724e+04 -5.563000000e+01 -9.5026e-01 -4.2401e+00 -2.5919e+00 -1.0266e+00 +1.3589e+00
480 +9.280989715e+03 +9.280989715e+03 +9.225359715e+03 -5.563000000e+01 -7.0738e-02 -5.1749e-01 -2.5956e+00 -1.1950e+00 +1.4915e+00
961 +5.298328963e+03 +5.298328963e+03 +5.242698963e+03 -5.563000000e+01 -2.9147e+00 -4.8554e-01 -2.5956e+00 -2.8652e-01 +1.4915e+00
1244 +2.465591202e+03 +2.465591202e+03 +2.409961202e+03 -5.563000000e+01 +4.7096e+00 +1.2104e+00 -2.5956e+00 -8.8773e-01 +1.4889e+00
3226 +1.235152977e+03 +1.235152977e+03 +1.179522977e+03 -5.563000000e+01 +2.1044e+00 +1.3995e-01 -2.4359e+00 -5.7091e-01 +1.4889e+00
3321 +8.858858292e+02 +8.858858292e+02 +8.302558292e+02 -5.563000000e+01 +2.1044e+00 +1.3995e-01 -2.4609e+00 -6.5873e-01 +1.4889e+00
3880 +2.517358670e+02 +2.517358670e+02 +1.961058670e+02 -5.563000000e+01 +2.1044e+00 +1.3995e-01 -2.4198e+00 -6.5873e-01 +1.4447e+00
3972 +2.494116721e+02 +2.494116721e+02 +1.937816721e+02 -5.563000000e+01 +2.1044e+00 +5.0661e-01 -2.4198e+00 -6.5873e-01 +1.4447e+00
12170 +6.688566495e+00 +6.688566495e+00 -4.894143351e+01 -5.563000000e+01 +3.9121e+00 +4.0305e-01 -2.4058e+00 -6.6518e-01 +1.4613e+00
12370 +6.142532808e+00 +6.142532808e+00 -4.948746719e+01 -5.563000000e+01 +1.0703e-02 +4.0305e-01 -2.4058e+00 -6.6518e-01 +1.4613e+00
12770 +2.760334220e+00 +2.760334220e+00 -5.286966578e+01 -5.563000000e+01 +1.2786e+00 +4.0305e-01 -2.4058e+00 -6.6518e-01 +1.4613e+00
13668 +2.451726365e+00 +2.451726365e+00 -5.317827364e+01 -5.563000000e+01 +1.8451e+00 +4.0305e-01 -2.4058e+00 -6.6518e-01 +1.4613e+00
59241 +7.848246911e-01 +7.848246911e-01 -5.484517531e+01 -5.563000000e+01 +1.8684e+00 +4.1930e-01 -2.4058e+00 -6.6518e-01 +1.4602e+00
70302 +1.743376290e-01 +1.743376290e-01 -5.545566237e+01 -5.563000000e+01 +1.8684e+00 +4.1930e-01 -2.4058e+00 -6.7157e-01 +1.4602e+00
97089 +1.403743762e-01 +1.403743762e-01 -5.548962562e+01 -5.563000000e+01 +1.8684e+00 +4.1930e-01 -2.4008e+00 -6.7157e-01 +1.4602e+00
124317 +3.026984531e-02 +3.026984531e-02 -5.559973015e+01 -5.563000000e+01 +1.8684e+00 +4.1930e-01 -2.3997e+00 -6.6998e-01 +1.4602e+00
230651 +1.970162003e-02 +1.970162003e-02 -5.561029838e+01 -5.563000000e+01 +1.8695e+00 +4.2186e-01 -2.4002e+00 -6.6986e-01 +1.4599e+00
355557 +1.404279435e-02 +1.404279435e-02 -5.561595721e+01 -5.563000000e+01 +1.8695e+00 +4.2186e-01 -2.4002e+00 -6.6986e-01 +1.4601e+00
362795 +4.860037547e-03 +4.860037547e-03 -5.562513996e+01 -5.563000000e+01 +1.8695e+00 +4.2186e-01 -2.4002e+00 -6.6986e-01 +1.4601e+00
% function evaluation | noise-free fitness - Fopt (3.460000000000e+01) | best noise-free fitness - Fopt | measured fitness | best measured fitness | x1 | x2...
1 +2.949610081e+07 +2.949610081e+07 +2.949613541e+07 +3.460000000e+01 -9.7015e-01 +3.3944e+00 -2.4673e+00 -3.4827e+00 +3.6408e+00
95 +7.770917129e+04 +7.770917129e+04 +7.774377129e+04 +3.460000000e+01 -1.4105e+00 +3.5753e+00 +7.0670e-01 +2.2174e+00 -1.7402e+00
286 +5.580242979e+04 +5.580242979e+04 +5.583702979e+04 +3.460000000e+01 +2.4806e+00 +1.1409e+00 -3.0513e+00 -2.5093e-01 -1.9576e+00
380 +1.770667334e+04 +1.770667334e+04 +1.774127334e+04 +3.460000000e+01 -1.9833e+00 -1.3961e-01 -3.4889e+00 +3.9400e-02 -1.7402e+00
750 +1.529154181e+04 +1.529154181e+04 +1.532614181e+04 +3.460000000e+01 -9.8391e-01 -1.3961e-01 -7.9225e-01 +3.9400e-02 -1.7402e+00
1324 +6.752809480e+03 +6.752809480e+03 +6.787409480e+03 +3.460000000e+01 -9.4498e-01 +1.1409e+00 -2.9532e+00 +4.4464e-01 -1.7402e+00
1614 +6.065208882e+03 +6.065208882e+03 +6.099808882e+03 +3.460000000e+01 +2.4806e+00 +2.2756e+00 -7.9225e-01 +4.4464e-01 -1.7402e+00
2091 +3.662019746e+03 +3.662019746e+03 +3.696619746e+03 +3.460000000e+01 +2.4806e+00 +1.1409e+00 -1.4630e+00 +6.7411e-01 -1.7402e+00
2759 +9.655822676e+02 +9.655822676e+02 +1.000182268e+03 +3.460000000e+01 +2.4806e+00 +2.4893e+00 -7.9225e-01 +6.7411e-01 -1.7927e+00
2854 +7.079469164e+01 +7.079469164e+01 +1.053946916e+02 +3.460000000e+01 +2.4806e+00 +2.4893e+00 -1.6461e+00 +6.7411e-01 -1.7927e+00
2950 +3.843619782e+01 +3.843619782e+01 +7.303619782e+01 +3.460000000e+01 +2.4806e+00 +1.1409e+00 -1.6461e+00 +6.7411e-01 -1.7927e+00
4567 +2.277606992e+01 +2.277606992e+01 +5.737606992e+01 +3.460000000e+01 +2.4806e+00 +1.5199e+00 -1.8117e+00 +6.7411e-01 -1.7927e+00
8359 +1.548130521e+01 +1.548130521e+01 +5.008130521e+01 +3.460000000e+01 +2.3119e+00 +1.3654e+00 -1.7216e+00 +6.7736e-01 -1.7998e+00
20016 +3.978522785e-01 +3.978522785e-01 +3.499785228e+01 +3.460000000e+01 +2.4985e+00 +1.4565e+00 -1.7551e+00 +6.6818e-01 -1.7963e+00
79535 +2.261147319e-01 +2.261147319e-01 +3.482611473e+01 +3.460000000e+01 +2.5603e+00 +1.4513e+00 -1.7662e+00 +6.6665e-01 -1.7963e+00
98825 +1.540718714e-02 +1.540718714e-02 +3.461540719e+01 +3.460000000e+01 +2.5539e+00 +1.4554e+00 -1.7662e+00 +6.6665e-01 -1.7967e+00
% function evaluation | noise-free fitness - Fopt (8.816000000000e+01) | best noise-free fitness - Fopt | measured fitness | best measured fitness | x1 | x2...
1 +1.859214231e+07 +1.859214231e+07 +1.859223047e+07 +8.816000000e+01 +1.2017e+00 +3.8452e+00 -6.5182e-01 +2.2878e+00 +3.4014e+00
91 +3.551149459e+04 +3.551149459e+04 +3.559965459e+04 +8.816000000e+01 -2.6155e+00 -3.8778e+00 +1.1926e+00 +4.6059e+00 -7.9479e-01
365 +1.225905437e+04 +1.225905437e+04 +1.234721437e+04 +8.816000000e+01 +2.7539e+00 -1.2026e+00 +1.1926e+00 +3.6538e+00 -7.9479e-01
1016 +9.769956002e+03 +9.769956002e+03 +9.858116002e+03 +8.816000000e+01 +2.4314e+00 +1.9333e-01 +1.1926e+00 +3.1435e+00 -8.7835e-01
1109 +8.825032408e+02 +8.825032408e+02 +9.706632408e+02 +8.816000000e+01 +2.4314e+00 +1.9333e-01 +1.1926e+00 +3.6538e+00 -8.7835e-01
1198 +5.188477945e+02 +5.188477945e+02 +6.070077945e+02 +8.816000000e+01 -8.5622e-01 +2.7944e+00 +3.6624e-01 +3.6538e+00 -8.7835e-01
1560 +3.461846338e+02 +3.461846338e+02 +4.343446338e+02 +8.816000000e+01 -2.9723e+00 +2.7944e+00 +7.2942e-01 +3.6538e+00 -8.7835e-01
3684 +1.861298285e+02 +1.861298285e+02 +2.742898285e+02 +8.816000000e+01 -8.5622e-01 +3.7992e+00 +7.2942e-01 +3.7030e+00 -8.8027e-01
8812 +6.872489454e+00 +6.872489454e+00 +9.503248945e+01 +8.816000000e+01 -4.1176e-01 +3.8024e+00 +7.3242e-01 +3.7074e+00 -8.9508e-01
23546 +4.712373464e+00 +4.712373464e+00 +9.287237346e+01 +8.816000000e+01 -5.0926e-01 +3.8024e+00 +7.6343e-01 +3.7074e+00 -8.9508e-01
33329 +1.469979625e+00 +1.469979625e+00 +8.962997962e+01 +8.816000000e+01 -1.7539e-01 +3.9011e+00 +8.0790e-01 +3.7023e+00 -8.9327e-01
33624 +7.273641125e-01 +7.273641125e-01 +8.888736411e+01 +8.816000000e+01 -5.1651e-01 +3.9011e+00 +7.9534e-01 +3.7023e+00 -8.9327e-01
34512 +6.154144813e-01 +6.154144813e-01 +8.877541448e+01 +8.816000000e+01 -5.1651e-01 +3.8504e+00 +7.9534e-01 +3.7023e+00 -8.9327e-01
51458 +3.832103347e-01 +3.832103347e-01 +8.854321033e+01 +8.816000000e+01 -5.1651e-01 +3.8504e+00 +7.8683e-01 +3.7019e+00 -8.9327e-01
78505 +2.643887718e-02 +2.643887718e-02 +8.818643888e+01 +8.816000000e+01 -5.1765e-01 +3.8438e+00 +7.8375e-01 +3.6994e+00 -8.9363e-01
112658 +7.452657334e-03 +7.452657334e-03 +8.816745266e+01 +8.816000000e+01 -5.1196e-01 +3.8438e+00 +7.7687e-01 +3.6994e+00 -8.9363e-01
132320 +5.669574198e-03 +5.669574198e-03 +8.816566957e+01 +8.816000000e+01 -5.1196e-01 +3.8438e+00 +7.8099e-01 +3.6994e+00 -8.9363e-01
159403 +2.380910752e-03 +2.380910752e-03 +8.816238091e+01 +8.816000000e+01 -5.1196e-01 +3.8435e+00 +7.8003e-01 +3.6993e+00 -8.9363e-01
% function evaluation | noise-free fitness - Fopt (-1.866200000000e+02) | best noise-free fitness - Fopt | measured fitness | best measured fitness | x1 | x2...
1 +8.841449014e+05 +8.841449014e+05 +8.839582814e+05 -1.866200000e+02 +4.3868e+00 -4.2179e+00 -4.0179e+00 -9.0959e-01 -4.7552e-01
84 +1.204806964e+05 +1.204806964e+05 +1.202940764e+05 -1.866200000e+02 +2.1917e+00 +3.6018e+00 +1.5157e+00 -3.0221e+00 +7.3477e-01
340 +9.955762477e+04 +9.955762477e+04 +9.937100477e+04 -1.866200000e+02 +3.8376e+00 +3.6815e+00 -1.5488e+00 -1.8499e+00 +2.4797e-01
433 +4.206157129e+04 +4.206157129e+04 +4.187495129e+04 -1.866200000e+02 +3.8376e+00 +3.7808e+00 -1.5573e+00 -2.8398e+00 +2.4797e-01
522 +3.420914304e+04 +3.420914304e+04 +3.402252304e+04 -1.866200000e+02 +3.8376e+00 +4.7963e+00 -7.3866e-01 -3.0221e+00 +2.4797e-01
1374 +6.350461682e+03 +6.350461682e+03 +6.163841682e+03 -1.866200000e+02 +5.6336e-02 +4.4169e+00 +1.4161e+00 -3.0221e+00 +4.5604e-01
1460 +4.915108011e+03 +4.915108011e+03 +4.728488011e+03 -1.866200000e+02 +3.8376e+00 +6.2239e-01 +1.4161e+00 -3.0221e+00 +4.5604e-01
2668 +3.790163082e+03 +3.790163082e+03 +3.603543082e+03 -1.866200000e+02 +3.8376e+00 +6.2239e-01 +1.5813e+00 -3.0221e+00 +3.4250e-01
4290 +9.819520815e+02 +9.819520815e+02 +7.953320815e+02 -1.866200000e+02 +3.3549e+00 +6.2239e-01 +1.9267e+00 -3.1365e+00 +3.6922e-01
6149 +4.001589405e+02 +4.001589405e+02 +2.135389405e+02 -1.866200000e+02 +2.1091e+00 -4.2526e+00 +1.7320e+00 -3.0676e+00 +3.9138e-01
6244 +3.268964111e+02 +3.268964111e+02 +1.402764111e+02 -1.866200000e+02 +4.0998e+00 -3.2134e+00 +1.7320e+00 -3.0676e+00 +3.9138e-01
6338 +1.989189235e+02 +1.989189235e+02 +1.229892354e+01 -1.866200000e+02 +4.1896e+00 -3.2134e+00 +1.9085e+00 -3.0676e+00 +3.9138e-01
6437 +1.406289986e+02 +1.406289986e+02 -4.599100138e+01 -1.866200000e+02 +4.1896e+00 -3.2134e+00 +2.2034e+00 -3.0676e+00 +3.9138e-01
7500 +2.540614535e+01 +2.540614535e+01 -1.612138546e+02 -1.866200000e+02 +2.2151e+00 -2.8477e+00 +2.2034e+00 -3.1584e+00 +3.9138e-01
7791 +2.379000511e+01 +2.379000511e+01 -1.628299949e+02 -1.866200000e+02 +1.9635e+00 -2.8421e+00 +2.1920e+00 -3.1584e+00 +3.9138e-01
8082 +1.452743671e+01 +1.452743671e+01 -1.720925633e+02 -1.866200000e+02 +2.2151e+00 -3.2134e+00 +2.2034e+00 -3.1380e+00 +3.9138e-01
8567 +9.309953900e+00 +9.309953900e+00 -1.773100461e+02 -1.866200000e+02 +2.2151e+00 -2.8421e+00 +2.1920e+00 -3.1239e+00 +3.9138e-01
31764 +5.778602789e+00 +5.778602789e+00 -1.808413972e+02 -1.866200000e+02 +2.0501e+00 -2.7064e+00 +2.1664e+00 -3.1365e+00 +3.9117e-01
94619 +2.577916488e+00 +2.577916488e+00 -1.840420835e+02 -1.866200000e+02 +2.0457e+00 -2.7514e+00 +2.1563e+00 -3.1360e+00 +3.9527e-01
110823 +2.499359634e+00 +2.499359634e+00 -1.841206404e+02 -1.866200000e+02 +2.0457e+00 -2.7514e+00 +2.1563e+00 -3.1345e+00 +3.9527e-01
122015 +2.037311673e-01 +2.037311673e-01 -1.864162688e+02 -1.866200000e+02 +2.0457e+00 -2.7514e+00 +2.1563e+00 -3.1345e+00 +3.9405e-01
189696 +1.578115887e-01 +1.578115887e-01 -1.864621884e+02 -1.866200000e+02 +2.3208e+00 -2.7503e+00 +2.1560e+00 -3.1360e+00 +3.9361e-01
189796 +7.931301506e-02 +7.931301506e-02 -1.865406870e+02 -1.866200000e+02 +2.0457e+00 -2.7503e+00 +2.1560e+00 -3.1360e+00 +3.9361e-01
191982 +8.977691620e-03 +8.977691620e-03 -1.866110223e+02 -1.866200000e+02 +2.0457e+00 -2.7503e+00 +2.1560e+00 -3.1339e+00 +3.9361e-01
222760 +6.724281839e-04 +6.724281839e-04 -1.866193276e+02 -1.866200000e+02 +2.0457e+00 -2.7515e+00 +2.1560e+00 -3.1345e+00 +3.9361e-01
429791 +1.648737009e-04 +1.648737009e-04 -1.866198351e+02 -1.866200000e+02 +2.0457e+00 -2.7522e+00 +2.1560e+00 -3.1344e+00 +3.9361e-01
