% function evaluation | noise-free fitness - Fopt (-2.098800000000e+02) | best noise-free fitness - Fopt | measured fitness | best measured fitness | x1 | x2...
1 +1.620958275e+06 +1.620958275e+06 +1.620748395e+06 -2.098800000e+02 +1.8961e+00 +1.1497e+00 +4.4695e+00 +3.1626e+00 +3.9667e+00 -2.8304e+00 +4.3057e+00 +2.7822e+00 +1.0847e+00 +2.6044e+00
179 +4.712400107e+04 +4.712400107e+04 +4.691412107e+04 -2.098800000e+02 -2.3966e+00 -1.4307e+00 +2.5413e+00 +4.4688e+00 +1.0229e-01 +3.3238e+00 +2.5232e+00 +6.6845e-01 -1.3403e+00 +2.6936e+00
524 +3.874976877e+04 +3.874976877e+04 +3.853988877e+04 -2.098800000e+02 -2.3966e+00 -1.4307e+00 +2.5413e+00 +4.4688e+00 +1.0229e-01 +3.3238e+00 +2.5232e+00 +6.6845e-01 -1.3403e+00 +2.6167e+00
1911 +2.274908148e+04 +2.274908148e+04 +2.253920148e+04 -2.098800000e+02 +2.4399e+00 -4.1585e+00 -2.4207e+00 +4.4688e+00 +2.1172e+00 +3.1301e+00 +2.5232e+00 +3.7658e-02 -1.3403e+00 +2.6936e+00
2097 +7.478507978e+03 +7.478507978e+03 +7.268627978e+03 -2.098800000e+02 -2.3966e+00 -4.0791e+00 +8.2443e-01 +9.4929e-01 +1.0561e+00 +1.3530e+00 +2.6815e+00 -1.2039e-01 -1.1146e+00 +2.6330e+00
2442 +3.620242505e+03 +3.620242505e+03 +3.410362505e+03 -2.098800000e+02 -2.3966e+00 -4.0791e+00 +8.2443e-01 +1.3963e+00 +1.0229e-01 +2.6927e+00 +2.0322e+00 -1.2039e-01 -1.1146e+00 +2.6330e+00
2785 +2.290416267e+03 +2.290416267e+03 +2.080536267e+03 -2.098800000e+02 -2.3966e+00 -1.4307e+00 +8.3296e-01 +1.1263e+00 +1.0561e+00 +3.1301e+00 +2.5232e+00 -1.2039e-01 -1.1146e+00 +2.6330e+00
3989 +1.575357588e+03 +1.575357588e+03 +1.365477588e+03 -2.098800000e+02 +2.4399e+00 -1.4307e+00 +9.1609e-01 +2.2954e+00 +2.1172e+00 +2.5883e+00 +2.5232e+00 -1.2039e-01 -1.1146e+00 +2.6330e+00
7324 +9.940891924e+02 +9.940891924e+02 +7.842091924e+02 -2.098800000e+02 +2.4399e+00 -1.4307e+00 +2.4415e+00 +2.2954e+00 +2.0271e+00 +2.6927e+00 +2.3751e+00 -8.5968e-02 -1.1146e+00 +2.6330e+00
16551 +4.529819773e+02 +4.529819773e+02 +2.431019773e+02 -2.098800000e+02 -4.4200e+00 -2.4565e+00 +1.9172e+00 +1.7376e+00 +1.7094e+00 +2.6932e+00 +2.3687e+00 -7.1291e-02 -1.0878e+00 +2.6151e+00
17313 +3.558876045e+02 +3.558876045e+02 +1.460076045e+02 -2.098800000e+02 +4.6216e+00 +1.0075e+00 +3.4110e+00 +2.5947e+00 +1.7094e+00 +2.6932e+00 +2.2269e+00 -7.1291e-02 -1.0878e+00 +2.6151e+00
40537 +1.415649499e+02 +1.415649499e+02 -6.831505013e+01 -2.098800000e+02 +2.1507e+00 +1.0075e+00 +3.4110e+00 +2.3573e+00 +1.7094e+00 +2.6932e+00 +2.3319e+00 -7.1291e-02 -1.0878e+00 +2.6048e+00
42703 +9.134394888e+01 +9.134394888e+01 -1.185360511e+02 -2.098800000e+02 +1.4976e+00 +2.5768e-01 +3.4890e+00 +2.3573e+00 +1.6841e+00 +2.6932e+00 +2.3319e+00 -7.1291e-02 -1.1281e+00 +2.6048e+00
43407 +6.299063699e+01 +6.299063699e+01 -1.468893630e+02 -2.098800000e+02 +1.4976e+00 +4.4201e-01 +3.4890e+00 +2.3573e+00 +1.7427e+00 +2.6932e+00 +2.3319e+00 -7.1291e-02 -1.0962e+00 +2.6048e+00
61369 +1.346346956e+01 +1.346346956e+01 -1.964165304e+02 -2.098800000e+02 +1.7300e+00 +1.9611e-01 +3.6725e+00 +2.2954e+00 +1.8254e+00 +2.6927e+00 +2.3413e+00 -8.5968e-02 -1.1146e+00 +2.6055e+00
63606 +9.935665949e+00 +9.935665949e+00 -1.999443341e+02 -2.098800000e+02 +1.7300e+00 +1.9611e-01 +3.5418e+00 +2.2954e+00 +1.7560e+00 +2.6927e+00 +2.3128e+00 -8.5968e-02 -1.1146e+00 +2.6055e+00
88228 +6.062744208e+00 +6.062744208e+00 -2.038172558e+02 -2.098800000e+02 +1.1085e+00 +4.4201e-01 +3.5492e+00 +2.3573e+00 +1.7724e+00 +2.6932e+00 +2.3280e+00 -9.9732e-02 -1.1081e+00 +2.6048e+00
122380 +2.113503457e+00 +2.113503457e+00 -2.077664965e+02 -2.098800000e+02 +1.1869e+00 +4.4201e-01 +3.5534e+00 +2.3573e+00 +1.7733e+00 +2.6932e+00 +2.3280e+00 -8.9200e-02 -1.1124e+00 +2.6048e+00
155380 +6.982419698e-01 +6.982419698e-01 -2.091817580e+02 -2.098800000e+02 +1.2141e+00 +4.4903e-01 +3.5595e+00 +2.3904e+00 +1.7785e+00 +2.6848e+00 +2.3185e+00 -9.1183e-02 -1.1118e+00 +2.6037e+00
225487 +3.695990761e-01 +3.695990761e-01 -2.095104009e+02 -2.098800000e+02 +1.2141e+00 +4.4903e-01 +3.5595e+00 +2.3904e+00 +1.7785e+00 +2.6848e+00 +2.3192e+00 -9.1183e-02 -1.1113e+00 +2.6037e+00
390934 +2.423768812e-01 +2.423768812e-01 -2.096376231e+02 -2.098800000e+02 +1.2089e+00 +4.4908e-01 +3.5536e+00 +2.3870e+00 +1.7851e+00 +2.6888e+00 +2.3206e+00 -8.9200e-02 -1.1113e+00 +2.6041e+00
585196 +1.540721684e-01 +1.540721684e-01 -2.097259278e+02 -2.098800000e+02 +1.2073e+00 +4.4784e-01 +3.5552e+00 +2.3870e+00 +1.7858e+00 +2.6883e+00 +2.3220e+00 -9.0538e-02 -1.1096e+00 +2.6041e+00
648010 +4.897792396e-02 +4.897792396e-02 -2.098310221e+02 -2.098800000e+02 +1.2063e+00 +4.4817e-01 +3.5537e+00 +2.3864e+00 +1.7858e+00 +2.6888e+00 +2.3216e+00 -9.1183e-02 -1.1102e+00 +2.6041e+00
699697 +2.363511109e-02 +2.363511109e-02 -2.098563649e+02 -2.098800000e+02 +1.2063e+00 +4.4817e-01 +3.5537e+00 +2.3864e+00 +1.7858e+00 +2.6888e+00 +2.3216e+00 -9.0538e-02 -1.1102e+00 +2.6041e+00
787985 +1.253306114e-02 +1.253306114e-02 -2.098674669e+02 -2.098800000e+02 +1.2073e+00 +4.4784e-01 +3.5543e+00 +2.3864e+00 +1.7858e+00 +2.6888e+00 +2.3216e+00 -9.0538e-02 -1.1104e+00 +2.6041e+00
% function evaluation | noise-free fitness - Fopt (-9.209000000000e+01) | best noise-free fitness - Fopt | measured fitness | best measured fitness | x1 | x2...
1 +1.537591636e+07 +1.537591636e+07 +1.537582427e+07 -9.209000000e+01 +2.2512e+00 -1.5341e+00 +3.1893e+00 -4.8995e+00 -2.4041e+00 -1.6674e-01 -1.1425e+00 +1.1232e+00 -1.6660e+00 -2.1009e+00
176 +2.844734666e+05 +2.844734666e+05 +2.843813766e+05 -9.209000000e+01 -1.2374e+00 +2.7480e+00 +2.3089e+00 -3.7880e-01 -7.0116e-01 -1.4774e+00 -2.4409e+00 +1.8078e+00 +1.9089e-01 +1.2804e+00
537 +7.890918644e+04 +7.890918644e+04 +7.881709644e+04 -9.209000000e+01 +1.9521e+00 -4.3088e+00 +3.0657e+00 +6.4117e-01 -2.5861e+00 -4.9246e+00 +2.0197e+00 +1.8086e+00 +3.0975e-01 +1.7432e+00
895 +4.343975244e+04 +4.343975244e+04 +4.334766244e+04 -9.209000000e+01 +1.9521e+00 -4.3088e+00 +3.0657e+00 -3.9709e+00 -1.6071e+00 -4.9006e+00 +7.8704e-01 +1.8086e+00 +3.0975e-01 +1.7432e+00
1251 +3.830682023e+04 +3.830682023e+04 +3.821473023e+04 -9.209000000e+01 -2.7400e+00 -2.7020e+00 -2.0798e+00 -1.1081e+00 +2.9246e+00 -3.8458e+00 -6.2785e-01 +1.4316e+00 +4.3838e-01 +1.8396e+00
1947 +1.765825189e+04 +1.765825189e+04 +1.756616189e+04 -9.209000000e+01 +1.9521e+00 -4.3088e+00 +1.8395e+00 -2.0536e-02 +3.7158e+00 -2.7621e+00 -2.6486e-01 +9.2770e-01 +3.0975e-01 +1.7432e+00
2125 +1.504306041e+04 +1.504306041e+04 +1.495097041e+04 -9.209000000e+01 +1.0828e+00 -2.7020e+00 +1.8395e+00 +4.7864e+00 +3.7158e+00 -2.7621e+00 -2.6486e-01 +9.2770e-01 +4.3838e-01 +1.6707e+00
2484 +7.846491169e+03 +7.846491169e+03 +7.754401169e+03 -9.209000000e+01 +3.2158e+00 +3.3882e+00 -2.0798e+00 -4.2978e+00 +6.9041e-01 -3.9284e+00 -7.6502e-01 +8.3900e-01 +4.3838e-01 +1.6707e+00
2656 +5.375628733e+03 +5.375628733e+03 +5.283538733e+03 -9.209000000e+01 -2.7400e+00 -1.1274e+00 +3.0657e+00 -3.9709e+00 -1.6071e+00 -2.7621e+00 -2.6486e-01 +9.2770e-01 +4.3838e-01 +1.6707e+00
2835 +3.928218506e+03 +3.928218506e+03 +3.836128506e+03 -9.209000000e+01 +1.0828e+00 -2.7020e+00 +1.8395e+00 +1.8206e+00 +7.1686e-01 -3.1687e+00 -2.6486e-01 +9.2770e-01 +4.3838e-01 +1.6707e+00
3888 +2.462754995e+03 +2.462754995e+03 +2.370664995e+03 -9.209000000e+01 +1.0828e+00 +2.5488e+00 -2.0798e+00 -4.2978e+00 +7.1686e-01 -4.0692e+00 -2.6486e-01 +9.2770e-01 +4.3838e-01 +1.6707e+00
4598 +1.426553468e+03 +1.426553468e+03 +1.334463468e+03 -9.209000000e+01 +1.5873e+00 -2.7020e+00 +1.8395e+00 -1.1081e+00 +7.1686e-01 -3.8585e+00 +2.5546e-01 +9.2770e-01 +4.3838e-01 +1.6707e+00
6001 +9.886123018e+02 +9.886123018e+02 +8.965223018e+02 -9.209000000e+01 +1.0828e+00 +2.7868e+00 +1.0974e+00 -1.1081e+00 +7.1686e-01 -3.8585e+00 -1.0790e-01 +9.2770e-01 +4.3838e-01 +1.6707e+00
7410 +5.016207438e+02 +5.016207438e+02 +4.095307438e+02 -9.209000000e+01 +1.8749e+00 +1.6016e+00 +1.0974e+00 -1.1081e+00 -1.5152e-01 -3.6924e+00 +1.0691e-02 +9.2770e-01 +4.3838e-01 +1.6707e+00
7930 +3.820425118e+02 +3.820425118e+02 +2.899525118e+02 -9.209000000e+01 +1.8749e+00 +1.6016e+00 +1.0974e+00 -1.1081e+00 -1.5152e-01 -3.6924e+00 +1.0691e-02 +9.6094e-01 +4.3838e-01 +1.6707e+00
16603 +2.489201931e+02 +2.489201931e+02 +1.568301931e+02 -9.209000000e+01 -1.2238e+00 +6.3271e-01 -1.3961e-01 -1.0963e+00 -3.2446e-01 -3.6460e+00 +7.7019e-03 +1.0127e+00 +4.4766e-01 +1.6935e+00
25536 +1.503791055e+02 +1.503791055e+02 +5.828910547e+01 -9.209000000e+01 +3.8855e+00 -2.0616e-01 +1.5617e-01 -2.6063e+00 -1.7687e-01 -3.7150e+00 +4.8026e-02 +9.7816e-01 +4.2851e-01 +1.6807e+00
26099 +7.746255402e+01 +7.746255402e+01 -1.462744598e+01 -9.209000000e+01 +3.8855e+00 +3.3426e+00 +1.5617e-01 -2.1552e+00 -1.7687e-01 -3.7150e+00 +4.8026e-02 +9.7816e-01 +4.2851e-01 +1.6807e+00
46215 +6.254668777e+01 +6.254668777e+01 -2.954331223e+01 -9.209000000e+01 +1.7112e+00 +3.3426e+00 +1.5617e-01 -2.0472e+00 -1.7687e-01 -3.7150e+00 +4.8026e-02 +9.7816e-01 +4.2851e-01 +1.6807e+00
62409 +2.589743257e+01 +2.589743257e+01 -6.619256743e+01 -9.209000000e+01 -1.1119e-01 +2.6578e+00 +7.3438e-02 -1.7140e+00 -1.4405e-01 -3.7809e+00 +2.3094e-02 +9.8694e-01 +4.2686e-01 +1.6834e+00
62587 +2.492232426e+01 +2.492232426e+01 -6.716767574e+01 -9.209000000e+01 -1.1119e-01 +2.6578e+00 +7.3438e-02 -1.7575e+00 -1.4405e-01 -3.7809e+00 +2.3094e-02 +9.8694e-01 +4.2686e-01 +1.6834e+00
92073 +1.423414052e+01 +1.423414052e+01 -7.785585948e+01 -9.209000000e+01 +7.1968e-01 +2.6719e+00 +1.2264e-01 -1.8268e+00 -1.1673e-01 -3.7684e+00 +3.0238e-02 +9.8518e-01 +4.3838e-01 +1.6831e+00
92267 +2.280219667e+00 +2.280219667e+00 -8.980978033e+01 -9.209000000e+01 +3.1279e-01 +2.6247e+00 +1.0043e-01 -1.8268e+00 -1.1673e-01 -3.7550e+00 +3.1927e-02 +9.8518e-01 +4.3838e-01 +1.6862e+00
165366 +1.550159283e+00 +1.550159283e+00 -9.053984072e+01 -9.209000000e+01 +7.2563e-01 +2.6222e+00 +9.4053e-02 -1.8237e+00 -1.1840e-01 -3.7590e+00 +3.2497e-02 +9.8694e-01 +4.3248e-01 +1.6865e+00
166741 +9.159496486e-01 +9.159496486e-01 -9.117405035e+01 -9.209000000e+01 +7.2563e-01 +2.6222e+00 +9.4053e-02 -1.8237e+00 -1.1840e-01 -3.7590e+00 +3.2497e-02 +9.8694e-01 +4.3350e-01 +1.6870e+00
167726 +6.256048709e-01 +6.256048709e-01 -9.146439513e+01 -9.209000000e+01 +7.2563e-01 +2.6222e+00 +9.4053e-02 -1.8237e+00 -1.1840e-01 -3.7590e+00 +3.2497e-02 +9.8694e-01 +4.3350e-01 +1.6865e+00
177742 +3.428611186e-01 +3.428611186e-01 -9.174713888e+01 -9.209000000e+01 +7.2877e-01 +2.6213e+00 +8.9522e-02 -1.8250e+00 -1.1604e-01 -3.7590e+00 +3.1674e-02 +9.8694e-01 +4.3483e-01 +1.6870e+00
223804 +1.330005289e-01 +1.330005289e-01 -9.195699947e+01 -9.209000000e+01 +7.2247e-01 +2.6247e+00 +9.7083e-02 -1.8268e+00 -1.2143e-01 -3.7590e+00 +3.1927e-02 +9.8694e-01 +4.3461e-01 +1.6862e+00
289130 +8.421264809e-02 +8.421264809e-02 -9.200578735e+01 -9.209000000e+01 +7.2247e-01 +2.6233e+00 +9.7083e-02 -1.8268e+00 -1.2143e-01 -3.7590e+00 +3.1927e-02 +9.8694e-01 +4.3483e-01 +1.6862e+00
298909 +1.899021202e-02 +1.899021202e-02 -9.207100979e+01 -9.209000000e+01 +7.2563e-01 +2.6222e+00 +9.4053e-02 -1.8237e+00 -1.1840e-01 -3.7591e+00 +3.1669e-02 +9.8694e-01 +4.3510e-01 +1.6865e+00
417588 +1.527272418e-02 +1.527272418e-02 -9.207472728e+01 -9.209000000e+01 +7.2563e-01 +2.6213e+00 +9.0427e-02 -1.8265e+00 -1.1990e-01 -3.7592e+00 +3.1927e-02 +9.8694e-01 +4.3524e-01 +1.6865e+00
% function evaluation | noise-free fitness - Fopt (-8.789000000000e+01) | best noise-free fitness - Fopt | measured fitness | best measured fitness | x1 | x2...
1 +1.497490165e+06 +1.497490165e+06 +1.497402275e+06 -8.789000000e+01 -2.8359e-03 +2.8918e+00 +3.1416e+00 +3.6953e+00 +4.1063e+00 +4.9599e+00 +5.3155e-01 -3.8289e+00 -2.7085e+00 +3.1882e+00
192 +8.569825719e+04 +8.569825719e+04 +8.561036719e+04 -8.789000000e+01 -5.6701e-01 -4.6759e+00 -3.9216e+00 +1.5413e+00 +8.5102e-01 -1.0260e+00 -3.8684e+00 +1.3681e+00 -3.0986e+00 +3.5155e+00
977 +6.286202968e+04 +6.286202968e+04 +6.277413968e+04 -8.789000000e+01 -3.5171e-03 +3.6816e+00 -3.9827e+00 -7.9188e-01 +2.1166e-01 +2.0399e+00 -2.9348e+00 +1.9648e+00 -2.2356e+00 +3.5155e+00
1770 +2.690613143e+04 +2.690613143e+04 +2.681824143e+04 -8.789000000e+01 +6.3421e-01 +4.0419e+00 +3.4113e+00 -7.9188e-01 +2.1166e-01 -1.3479e+00 -2.7605e+00 +1.0352e+00 -2.4052e+00 +3.3367e+00
1968 +2.230656001e+04 +2.230656001e+04 +2.221867001e+04 -8.789000000e+01 +2.9060e+00 -4.6759e+00 -3.6545e-01 +1.3290e+00 +8.5102e-01 -1.0260e+00 -2.5347e+00 +1.3681e+00 -2.4052e+00 +3.5155e+00
2162 +1.376287024e+04 +1.376287024e+04 +1.367498024e+04 -8.789000000e+01 +2.9060e+00 -4.2050e+00 -1.2007e+00 -3.8820e+00 -1.5541e+00 -1.0260e+00 -2.9348e+00 +1.3967e+00 -2.4052e+00 +3.3367e+00
3133 +9.516778976e+03 +9.516778976e+03 +9.428888976e+03 -8.789000000e+01 +2.6156e-01 +1.6356e-01 +3.3124e+00 -3.8820e+00 -3.1686e+00 -1.0260e+00 -2.7515e+00 +1.5984e+00 -2.5609e+00 +3.5155e+00
4099 +5.814475222e+03 +5.814475222e+03 +5.726585222e+03 -8.789000000e+01 +6.3054e-01 -2.5089e-01 +2.5582e+00 -3.0088e+00 -3.6103e+00 -1.0260e+00 -2.7605e+00 +1.4267e+00 -2.4712e+00 +3.4893e+00
4881 +3.591751778e+03 +3.591751778e+03 +3.503861778e+03 -8.789000000e+01 -1.1337e-01 -2.5089e-01 -7.0368e-01 -1.6004e+00 -3.6103e+00 -9.2157e-01 -2.9668e+00 +1.5984e+00 -2.6337e+00 +3.4621e+00
5656 +1.259670698e+03 +1.259670698e+03 +1.171780698e+03 -8.789000000e+01 -3.4079e+00 -1.0713e+00 +2.5582e+00 -1.6004e+00 -3.6103e+00 -9.2157e-01 -3.1813e+00 +1.4267e+00 -2.5609e+00 +3.4403e+00
6641 +8.835818892e+02 +8.835818892e+02 +7.956918892e+02 -8.789000000e+01 -3.5171e-03 +6.5279e-01 +2.5060e+00 -1.6816e+00 -2.7096e+00 -1.0260e+00 -2.9348e+00 +1.3967e+00 -2.5609e+00 +3.4403e+00
6835 +5.510457914e+02 +5.510457914e+02 +4.631557914e+02 -8.789000000e+01 -1.1337e-01 -2.9338e-02 +3.3124e+00 -1.6004e+00 -2.5950e+00 -5.4115e-01 -2.9348e+00 +1.4267e+00 -2.5609e+00 +3.4403e+00
8013 +3.685423561e+02 +3.685423561e+02 +2.806523561e+02 -8.789000000e+01 -1.1337e-01 +4.0419e+00 -7.0368e-01 -1.6117e+00 -3.1301e+00 -5.4115e-01 -2.9668e+00 +1.4267e+00 -2.5609e+00 +3.4403e+00
9393 +2.451798246e+02 +2.451798246e+02 +1.572898246e+02 -8.789000000e+01 -1.1337e-01 +4.1738e+00 +1.2709e-01 -1.6117e+00 -3.1301e+00 -7.8371e-01 -2.9668e+00 +1.4807e+00 -2.5609e+00 +3.4208e+00
28089 +1.563082059e+02 +1.563082059e+02 +6.841820585e+01 -8.789000000e+01 -5.3590e+00 +3.6180e+00 +7.4175e-01 -2.2719e+00 -3.2768e+00 -6.7001e-01 -2.9329e+00 +1.4740e+00 -2.5318e+00 +3.4362e+00
38506 +9.559550695e+01 +9.559550695e+01 +7.705506953e+00 -8.789000000e+01 +1.3311e+00 +4.2998e+00 +1.5090e+00 -2.0763e+00 -3.3469e+00 -5.6264e-01 -2.9142e+00 +1.4834e+00 -2.5502e+00 +3.4258e+00
38873 +6.177211850e+01 +6.177211850e+01 -2.611788150e+01 -8.789000000e+01 +1.3311e+00 +4.2998e+00 +1.0093e+00 -2.0763e+00 -3.0142e+00 -5.6264e-01 -2.9142e+00 +1.4807e+00 -2.5502e+00 +3.4258e+00
40107 +3.933923113e+01 +3.933923113e+01 -4.855076887e+01 -8.789000000e+01 +1.3311e+00 +3.4541e+00 +1.5090e+00 -2.0763e+00 -3.0825e+00 -6.3717e-01 -2.9668e+00 +1.4834e+00 -2.5502e+00 +3.4258e+00
52140 +1.109927085e+01 +1.109927085e+01 -7.679072915e+01 -8.789000000e+01 +6.7311e-02 +3.7673e+00 +1.3866e+00 -2.1793e+00 -3.1135e+00 -6.2712e-01 -2.9329e+00 +1.4740e+00 -2.5455e+00 +3.4305e+00
53450 +7.307104322e+00 +7.307104322e+00 -8.058289568e+01 -8.789000000e+01 +6.7311e-02 +3.7673e+00 +1.2182e+00 -2.1793e+00 -3.1135e+00 -6.2712e-01 -2.9329e+00 +1.4658e+00 -2.5455e+00 +3.4305e+00
53638 +5.886840619e+00 +5.886840619e+00 -8.200315938e+01 -8.789000000e+01 +6.7311e-02 +3.5383e+00 +1.2967e+00 -2.1793e+00 -3.1135e+00 -6.2712e-01 -2.9622e+00 +1.4740e+00 -2.5455e+00 +3.4305e+00
54204 +2.417233127e+00 +2.417233127e+00 -8.547276687e+01 -8.789000000e+01 +1.5330e-01 +3.5383e+00 +1.2967e+00 -2.1793e+00 -3.1135e+00 -6.2712e-01 -2.9622e+00 +1.4658e+00 -2.5455e+00 +3.4305e+00
89193 +1.349655010e+00 +1.349655010e+00 -8.654034499e+01 -8.789000000e+01 +2.2391e-01 +3.6283e+00 +1.2182e+00 -2.0666e+00 -3.0685e+00 -6.2712e-01 -2.9527e+00 +1.4658e+00 -2.5455e+00 +3.4305e+00
135882 +8.405736276e-01 +8.405736276e-01 -8.704942637e+01 -8.789000000e+01 +2.3180e-01 +3.6495e+00 +1.2241e+00 -2.1114e+00 -3.0822e+00 -6.2712e-01 -2.9527e+00 +1.4658e+00 -2.5455e+00 +3.4288e+00
201961 +3.993557745e-01 +3.993557745e-01 -8.749064423e+01 -8.789000000e+01 +2.3180e-01 +3.6495e+00 +1.2472e+00 -2.1114e+00 -3.0822e+00 -6.1650e-01 -2.9542e+00 +1.4658e+00 -2.5454e+00 +3.4299e+00
202140 +3.372591194e-01 +3.372591194e-01 -8.755274088e+01 -8.789000000e+01 +2.3157e-01 +3.6445e+00 +1.2257e+00 -2.1126e+00 -3.0825e+00 -6.1650e-01 -2.9542e+00 +1.4658e+00 -2.5455e+00 +3.4299e+00
306947 +1.932147766e-01 +1.932147766e-01 -8.769678522e+01 -8.789000000e+01 +2.3755e-01 +3.6446e+00 +1.2510e+00 -2.1088e+00 -3.0825e+00 -6.2234e-01 -2.9542e+00 +1.4658e+00 -2.5458e+00 +3.4299e+00
310845 +1.097242381e-01 +1.097242381e-01 -8.778027576e+01 -8.789000000e+01 +2.3755e-01 +3.6446e+00 +1.2510e+00 -2.1088e+00 -3.0825e+00 -6.2234e-01 -2.9542e+00 +1.4658e+00 -2.5458e+00 +3.4297e+00
479264 +8.600740499e-02 +8.600740499e-02 -8.780399260e+01 -8.789000000e+01 +2.3945e-01 +3.6460e+00 +1.2484e+00 -2.1098e+00 -3.0825e+00 -6.2234e-01 -2.9550e+00 +1.4658e+00 -2.5458e+00 +3.4296e+00
713003 +5.159513916e-02 +5.159513916e-02 -8.783840486e+01 -8.789000000e+01 +2.3952e-01 +3.6460e+00 +1.2495e+00 -2.1088e+00 -3.0823e+00 -6.2171e-01 -2.9551e+00 +1.4654e+00 -2.5465e+00 +3.4294e+00
% function evaluation | noise-free fitness - Fopt (3.201900000000e+02) | best noise-free fitness - Fopt | measured fitness | best measured fitness | x1 | x2...
1 +2.690714373e+07 +2.690714373e+07 +2.690746392e+07 +3.201900000e+02 +4.0136e-01 -1.3442e+00 -2.4599e+00 -5.8635e-01 -3.5577e+00 +3.9934e+00 -4.5217e+00 -2.6230e+00 +1.3918e+00 -4.8154e+00
185 +2.502550124e+05 +2.502550124e+05 +2.505752024e+05 +3.201900000e+02 +1.1178e+00 +4.8069e+00 +1.6364e+00 +2.9006e+00 -4.7026e+00 -3.5480e+00 +2.4088e-01 -2.9326e+00 -3.5055e+00 -3.2506e-01
369 +1.484308783e+05 +1.484308783e+05 +1.487510683e+05 +3.201900000e+02 +1.1178e+00 +4.8069e+00 +4.9209e+00 -2.4604e-01 -2.5500e+00 -1.4936e+00 +5.3130e-01 -1.1634e+00 -3.5055e+00 -3.2506e-01
556 +9.805723050e+04 +9.805723050e+04 +9.837742050e+04 +3.201900000e+02 +1.1178e+00 +4.8069e+00 +1.6364e+00 +4.8170e+00 -2.1278e+00 +4.0756e+00 +2.9620e+00 -2.9326e+00 -3.5055e+00 -3.2506e-01
1124 +2.529257310e+04 +2.529257310e+04 +2.561276310e+04 +3.201900000e+02 +1.2600e+00 -2.2297e+00 +1.6748e+00 -2.2757e+00 -3.5922e+00 +4.7444e+00 +4.0347e+00 -1.7603e+00 -3.5055e+00 -1.6712e-01
1503 +2.375629002e+04 +2.375629002e+04 +2.407648002e+04 +3.201900000e+02 +1.2600e+00 +3.1102e+00 +1.6748e+00 +5.6979e-01 -3.5922e+00 +4.7444e+00 +4.0347e+00 -1.7603e+00 -3.5464e+00 -1.6712e-01
1689 +7.643908303e+03 +7.643908303e+03 +7.964098303e+03 +3.201900000e+02 +1.2600e+00 -3.3048e+00 -1.4241e+00 -2.9752e+00 -3.5922e+00 +4.7444e+00 +2.9620e+00 -1.7603e+00 -3.5055e+00 -1.6712e-01
2629 +4.045208501e+03 +4.045208501e+03 +4.365398501e+03 +3.201900000e+02 +1.1178e+00 +3.2768e+00 +2.4238e+00 -2.4604e-01 -3.5922e+00 +4.0618e+00 +2.9620e+00 -1.7603e+00 -3.5055e+00 -1.6712e-01
3358 +3.124566605e+03 +3.124566605e+03 +3.444756605e+03 +3.201900000e+02 +1.1178e+00 +3.2768e+00 +2.4238e+00 -2.4604e-01 -3.5922e+00 +3.3947e+00 +2.9620e+00 -1.7603e+00 -3.5055e+00 -1.6712e-01
3911 +2.372851902e+03 +2.372851902e+03 +2.693041902e+03 +3.201900000e+02 +1.2600e+00 +3.2768e+00 +2.6538e+00 -2.4604e-01 -3.5922e+00 +4.0618e+00 +2.9620e+00 -1.7603e+00 -3.5514e+00 -1.6712e-01
4099 +1.452210005e+03 +1.452210005e+03 +1.772400005e+03 +3.201900000e+02 +1.2600e+00 +3.2768e+00 +2.6538e+00 -2.4604e-01 -3.5922e+00 +3.3947e+00 +2.9620e+00 -1.7603e+00 -3.5514e+00 -1.6712e-01
4286 +6.158005283e+02 +6.158005283e+02 +9.359905283e+02 +3.201900000e+02 +1.0057e+00 -2.2297e+00 +1.8344e-01 -2.4604e-01 -3.5922e+00 +3.3947e+00 +2.9620e+00 -1.7603e+00 -3.6159e+00 -1.6712e-01
5940 +3.847216644e+02 +3.847216644e+02 +7.049116644e+02 +3.201900000e+02 +1.0057e+00 -3.3048e+00 +1.8219e+00 +1.0329e-01 -3.5922e+00 +3.3947e+00 +2.8554e+00 -1.7603e+00 -3.6010e+00 -1.6712e-01
8513 +2.350313555e+02 +2.350313555e+02 +5.552213555e+02 +3.201900000e+02 +3.6167e-01 -2.2297e+00 +1.6748e+00 -1.1063e+00 -3.5922e+00 +3.4437e+00 +2.8286e+00 -1.8131e+00 -3.6010e+00 -1.6712e-01
46687 +1.848175336e+01 +1.848175336e+01 +3.386717534e+02 +3.201900000e+02 -4.1487e-01 -1.6269e+00 +1.6622e+00 -8.1602e-01 -3.5159e+00 +3.4619e+00 +2.7939e+00 -1.7901e+00 -3.6050e+00 -1.7728e-01
62481 +1.241187627e+01 +1.241187627e+01 +3.326018763e+02 +3.201900000e+02 -1.2570e-01 -2.2490e+00 +1.4237e+00 -9.2348e-01 -3.4299e+00 +3.4793e+00 +2.8215e+00 -1.7901e+00 -3.6078e+00 -1.7968e-01
63613 +9.976250087e+00 +9.976250087e+00 +3.301662501e+02 +3.201900000e+02 -1.2570e-01 -2.2490e+00 +1.3542e+00 -8.5883e-01 -3.4890e+00 +3.4793e+00 +2.8215e+00 -1.7901e+00 -3.6070e+00 -1.7968e-01
82487 +6.136758599e+00 +6.136758599e+00 +3.263267586e+02 +3.201900000e+02 -4.1487e-01 -2.3505e+00 +1.4089e+00 -8.1602e-01 -3.4779e+00 +3.4619e+00 +2.8030e+00 -1.7984e+00 -3.6050e+00 -1.7879e-01
93957 +3.856343178e+00 +3.856343178e+00 +3.240463432e+02 +3.201900000e+02 -1.2570e-01 -2.2490e+00 +1.4237e+00 -8.5883e-01 -3.4890e+00 +3.4724e+00 +2.7939e+00 -1.7901e+00 -3.6050e+00 -1.7968e-01
96813 +2.272534417e+00 +2.272534417e+00 +3.224625344e+02 +3.201900000e+02 -1.2570e-01 -2.2490e+00 +1.4237e+00 -8.5883e-01 -3.4679e+00 +3.4724e+00 +2.7939e+00 -1.7901e+00 -3.6050e+00 -1.8093e-01
98134 +1.433508741e+00 +1.433508741e+00 +3.216235087e+02 +3.201900000e+02 -5.6162e-01 -2.2490e+00 +1.4237e+00 -8.5883e-01 -3.4679e+00 +3.4724e+00 +2.7939e+00 -1.7967e+00 -3.6050e+00 -1.8093e-01
99835 +9.932430533e-01 +9.932430533e-01 +3.211832431e+02 +3.201900000e+02 -4.6650e-01 -2.3982e+00 +1.4237e+00 -8.5883e-01 -3.4679e+00 +3.4647e+00 +2.7939e+00 -1.7967e+00 -3.6050e+00 -1.8093e-01
101931 +4.883977409e-01 +4.883977409e-01 +3.206783977e+02 +3.201900000e+02 -4.1134e-01 -2.3982e+00 +1.4237e+00 -8.5883e-01 -3.4679e+00 +3.4647e+00 +2.7978e+00 -1.7967e+00 -3.6043e+00 -1.8093e-01
132208 +3.969828952e-01 +3.969828952e-01 +3.205869829e+02 +3.201900000e+02 -4.1134e-01 -2.3982e+00 +1.4237e+00 -8.5883e-01 -3.4679e+00 +3.4600e+00 +2.7978e+00 -1.7967e+00 -3.6043e+00 -1.8093e-01
184866 +2.370381132e-01 +2.370381132e-01 +3.204270381e+02 +3.201900000e+02 -4.3455e-01 -2.3709e+00 +1.4054e+00 -8.5811e-01 -3.4679e+00 +3.4573e+00 +2.8000e+00 -1.7945e+00 -3.6050e+00 -1.8100e-01
211975 +9.863577107e-02 +9.863577107e-02 +3.202886358e+02 +3.201900000e+02 -4.3539e-01 -2.3470e+00 +1.3971e+00 -8.5883e-01 -3.4679e+00 +3.4600e+00 +2.8025e+00 -1.7939e+00 -3.6043e+00 -1.8093e-01
247852 +5.141079968e-02 +5.141079968e-02 +3.202414108e+02 +3.201900000e+02 -4.3455e-01 -2.3698e+00 +1.4011e+00 -8.5811e-01 -3.4679e+00 +3.4578e+00 +2.8000e+00 -1.7945e+00 -3.6043e+00 -1.8093e-01
349791 +3.268890163e-02 +3.268890163e-02 +3.202226889e+02 +3.201900000e+02 -4.3455e-01 -2.3624e+00 +1.4054e+00 -8.5811e-01 -3.4696e+00 +3.4578e+00 +2.8000e+00 -1.7945e+00 -3.6037e+00 -1.8091e-01
624257 +2.311205963e-02 +2.311205963e-02 +3.202131121e+02 +3.201900000e+02 -4.3265e-01 -2.3606e+00 +1.4028e+00 -8.5782e-01 -3.4680e+00 +3.4578e+00 +2.8006e+00 -1.7945e+00 -3.6039e+00 -1.8093e-01
753305 +1.369818192e-02 +1.369818192e-02 +3.202036982e+02 +3.201900000e+02 -4.3250e-01 -2.3609e+00 +1.4028e+00 -8.5772e-01 -3.4696e+00 +3.4578e+00 +2.8008e+00 -1.7945e+00 -3.6039e+00 -1.8091e-01
% function evaluation | noise-free fitness - Fopt (-1.042400000000e+02) | best noise-free fitness - Fopt | measured fitness | best measured fitness | x1 | x2...
1 +2.297452064e+07 +2.297452064e+07 +2.297441640e+07 -1.042400000e+02 -3.4435e+00 +4.8768e+00 +3.6068e+00 -4.3162e+00 +2.0904e+00 +1.6271e+00 -4.2042e+00 -4.1813e+00 -4.6386e+00 +3.3962e-03
200 +1.797048736e+05 +1.797048736e+05 +1.796006336e+05 -1.042400000e+02 -2.2136e+00 +3.8861e+00 -2.2507e+00 +2.5596e+00 +3.6031e+00 +1.5068e+00 +4.1302e+00 +3.3339e+00 +3.4023e+00 -2.7511e+00
1000 +8.248161863e+04 +8.248161863e+04 +8.237737863e+04 -1.042400000e+02 -2.2136e+00 +4.8966e+00 +9.1812e-01 +3.6905e+00 -3.5850e+00 -4.1609e+00 +1.8495e+00 +4.2869e+00 +3.4023e+00 -2.9651e+00
1592 +5.431611269e+04 +5.431611269e+04 +5.421187269e+04 -1.042400000e+02 -2.2136e+00 +4.8966e+00 -2.5179e+00 -1.7986e+00 +2.2279e+00 -3.3433e+00 +1.9636e+00 +3.8376e+00 +3.4023e+00 -2.9651e+00
2386 +3.009088747e+04 +3.009088747e+04 +2.998664747e+04 -1.042400000e+02 -2.2136e+00 +4.8966e+00 +1.4058e+00 -1.7760e+00 -2.7553e+00 -3.7813e+00 +1.8495e+00 +3.3339e+00 +2.7988e+00 -3.0978e+00
2982 +1.524757178e+04 +1.524757178e+04 +1.514333178e+04 -1.042400000e+02 -5.7762e-01 -1.4294e+00 +4.8401e+00 -1.7986e+00 -3.5850e+00 -3.3433e+00 +1.9636e+00 +3.3339e+00 +3.0422e+00 -2.9603e+00
3382 +7.568030166e+03 +7.568030166e+03 +7.463790166e+03 -1.042400000e+02 -2.2136e+00 +3.5303e+00 +2.3560e+00 +3.2242e-01 +2.2279e+00 -3.3433e+00 +2.5851e+00 +3.2499e+00 +3.0422e+00 -2.9603e+00
3782 +5.497658886e+03 +5.497658886e+03 +5.393418886e+03 -1.042400000e+02 -5.5381e-01 +1.2463e+00 +3.3926e+00 +1.4859e+00 -1.8875e+00 -3.3433e+00 +2.5851e+00 +3.3339e+00 +3.0422e+00 -2.9603e+00
4378 +3.934003553e+03 +3.934003553e+03 +3.829763553e+03 -1.042400000e+02 -1.8014e+00 -1.4294e+00 +3.3926e+00 +1.4859e+00 -2.0877e-01 -4.1609e+00 +2.5851e+00 +3.3339e+00 +3.0422e+00 -2.9603e+00
6169 +2.346314379e+03 +2.346314379e+03 +2.242074379e+03 -1.042400000e+02 +2.1308e+00 -1.7488e-01 +2.1963e-01 -1.7760e+00 -2.0877e-01 -3.7813e+00 +2.5851e+00 +3.3339e+00 +2.9906e+00 -2.9603e+00
7163 +1.357082372e+03 +1.357082372e+03 +1.252842372e+03 -1.042400000e+02 -5.7762e-01 -2.7484e+00 +2.3560e+00 -1.4776e+00 -2.0877e-01 -3.8566e+00 +2.5851e+00 +3.3339e+00 +2.9906e+00 -3.0033e+00
7763 +8.612126524e+02 +8.612126524e+02 +7.569726524e+02 -1.042400000e+02 +2.1308e+00 -2.7484e+00 +6.4787e-01 -1.2181e+00 -2.0877e-01 -3.7813e+00 +2.5851e+00 +3.4049e+00 +2.9906e+00 -3.0033e+00
7963 +4.545777434e+02 +4.545777434e+02 +3.503377434e+02 -1.042400000e+02 -1.4062e+00 -2.7484e+00 +1.4058e+00 +1.4106e-01 -2.0877e-01 -3.7813e+00 +2.9075e+00 +3.4049e+00 +2.9906e+00 -3.0033e+00
9754 +3.268812669e+02 +3.268812669e+02 +2.226412669e+02 -1.042400000e+02 -1.4062e+00 -2.7484e+00 +1.2406e+00 +2.5751e-01 -2.0877e-01 -3.7813e+00 +2.9075e+00 +3.4049e+00 +2.9580e+00 -3.0033e+00
28724 +2.459145840e+02 +2.459145840e+02 +1.416745840e+02 -1.042400000e+02 +1.3005e+00 -3.0381e+00 +1.5378e+00 -8.1987e-01 -1.7353e-01 -3.7177e+00 +2.7435e+00 +3.3785e+00 +2.9761e+00 -2.9885e+00
40738 +1.396014267e+02 +1.396014267e+02 +3.536142668e+01 -1.042400000e+02 +1.3005e+00 -3.0381e+00 +1.5378e+00 -6.5515e-01 -8.9671e-02 -3.7177e+00 +2.7435e+00 +3.4031e+00 +2.9761e+00 -2.9885e+00
42763 +9.938265337e+01 +9.938265337e+01 -4.857346632e+00 -1.042400000e+02 +4.1182e-01 -3.1823e+00 +1.5378e+00 -6.5515e-01 -8.9671e-02 -3.7177e+00 +2.8560e+00 +3.4117e+00 +2.9761e+00 -2.9885e+00
44460 +6.284611171e+01 +6.284611171e+01 -4.139388829e+01 -1.042400000e+02 +2.3340e-01 -3.3794e+00 +1.5378e+00 -6.5515e-01 -8.5687e-02 -3.7177e+00 +2.7844e+00 +3.4415e+00 +2.9761e+00 -2.9885e+00
51586 +3.582846225e+01 +3.582846225e+01 -6.841153775e+01 -1.042400000e+02 +3.0015e-01 -3.6696e+00 +1.2406e+00 -6.2655e-01 +6.8920e-02 -3.7813e+00 +2.8266e+00 +3.4322e+00 +2.9580e+00 -2.9945e+00
52368 +2.127375217e+01 +2.127375217e+01 -8.296624783e+01 -1.042400000e+02 -5.7762e-01 -3.6696e+00 +1.2406e+00 -4.0667e-01 -9.4788e-02 -3.7488e+00 +2.8160e+00 +3.4322e+00 +2.9580e+00 -2.9945e+00
53547 +1.532053199e+01 +1.532053199e+01 -8.891946801e+01 -1.042400000e+02 +3.0015e-01 -3.6696e+00 +1.2406e+00 -5.0413e-01 -9.4788e-02 -3.6939e+00 +2.8160e+00 +3.4322e+00 +2.9580e+00 -2.9945e+00
54526 +8.761742395e+00 +8.761742395e+00 -9.547825761e+01 -1.042400000e+02 -5.7762e-01 -3.6696e+00 +1.2406e+00 -5.0413e-01 -9.4788e-02 -3.6939e+00 +2.8160e+00 +3.4322e+00 +2.9619e+00 -2.9945e+00
76539 +2.790824508e+00 +2.790824508e+00 -1.014491755e+02 -1.042400000e+02 +4.8886e-01 -4.0215e+00 +1.3802e+00 -4.7048e-01 -8.5747e-02 -3.7004e+00 +2.8172e+00 +3.4385e+00 +2.9665e+00 -2.9928e+00
112033 +2.371794547e+00 +2.371794547e+00 -1.018682055e+02 -1.042400000e+02 +4.1246e-01 -3.9058e+00 +1.2881e+00 -4.8503e-01 -8.5747e-02 -3.7004e+00 +2.8172e+00 +3.4385e+00 +2.9665e+00 -2.9930e+00
150892 +1.564041651e+00 +1.564041651e+00 -1.026759583e+02 -1.042400000e+02 +3.8650e-01 -3.9058e+00 +1.3128e+00 -4.9288e-01 -6.7792e-02 -3.7024e+00 +2.8102e+00 +3.4385e+00 +2.9665e+00 -2.9930e+00
187696 +9.169058230e-01 +9.169058230e-01 -1.033230942e+02 -1.042400000e+02 +3.8650e-01 -3.9058e+00 +1.3128e+00 -4.9288e-01 -5.5848e-02 -3.7024e+00 +2.8102e+00 +3.4302e+00 +2.9665e+00 -2.9930e+00
187893 +6.119825382e-01 +6.119825382e-01 -1.036280175e+02 -1.042400000e+02 +4.1246e-01 -4.0041e+00 +1.3128e+00 -4.9288e-01 -6.7792e-02 -3.7024e+00 +2.8102e+00 +3.4313e+00 +2.9665e+00 -2.9930e+00
188290 +3.368845073e-01 +3.368845073e-01 -1.039031155e+02 -1.042400000e+02 +3.8650e-01 -3.9058e+00 +1.3128e+00 -4.9288e-01 -5.4723e-02 -3.7024e+00 +2.8102e+00 +3.4337e+00 +2.9665e+00 -2.9930e+00
216756 +2.635842806e-02 +2.635842806e-02 -1.042136416e+02 -1.042400000e+02 +3.9472e-01 -3.9166e+00 +1.3083e+00 -4.9760e-01 -5.9122e-02 -3.7050e+00 +2.8099e+00 +3.4332e+00 +2.9662e+00 -2.9935e+00
216928 +2.421892608e-02 +2.421892608e-02 -1.042157811e+02 -1.042400000e+02 +3.9472e-01 -3.9166e+00 +1.3083e+00 -4.9361e-01 -5.8270e-02 -3.7050e+00 +2.8099e+00 +3.4332e+00 +2.9662e+00 -2.9935e+00
319327 +9.402213203e-03 +9.402213203e-03 -1.042305978e+02 -1.042400000e+02 +3.9472e-01 -3.9219e+00 +1.3146e+00 -4.9361e-01 -5.8270e-02 -3.7050e+00 +2.8099e+00 +3.4337e+00 +2.9665e+00 -2.9935e+00
402754 +4.896776864e-03 +4.896776864e-03 -1.042351032e+02 -1.042400000e+02 +3.9472e-01 -3.9219e+00 +1.3139e+00 -4.9361e-01 -5.8270e-02 -3.7050e+00 +2.8102e+00 +3.4337e+00 +2.9664e+00 -2.9935e+00
621619 +3.930572072e-03 +3.930572072e-03 -1.042360694e+02 -1.042400000e+02 +3.9472e-01 -3.9208e+00 +1.3135e+00 -4.9361e-01 -5.8270e-02 -3.7056e+00 +2.8105e+00 +3.4337e+00 +2.9664e+00 -2.9935e+00
% function evaluation | noise-free fitness - Fopt (-1.000000000000e+03) | best noise-free fitness - Fopt | measured fitness | best measured fitness | x1 | x2...
1 +1.221585478e+07 +1.221585478e+07 +1.221485478e+07 -1.000000000e+03 -2.9756e+00 +4.7401e+00 -4.6913e+00 -4.8628e-01 -1.6349e+00 +8.0581e-01 -2.7688e+00 -1.2150e+00 +1.4028e+00 -2.6801e-01
189 +5.369990004e+05 +5.369990004e+05 +5.359990004e+05 -1.000000000e+03 -3.4941e+00 +1.2162e+00 -4.6066e+00 +1.3012e+00 +4.8737e+00 -4.9345e+00 +3.4127e+00 -1.1197e+00 -1.8949e+00 +2.6749e+00
381 +2.338780353e+05 +2.338780353e+05 +2.328780353e+05 -1.000000000e+03 -3.4941e+00 +1.2162e+00 -4.6066e+00 +1.3012e+00 +4.8737e+00 -4.9345e+00 +3.4127e+00 +7.8306e-01 -3.5696e+00 +2.6749e+00
952 +1.411676109e+05 +1.411676109e+05 +1.401676109e+05 -1.000000000e+03 +4.3910e+00 -1.2493e+00 -4.6066e+00 +1.3012e+00 -2.6542e+00 -9.2580e-01 -5.7891e-01 -1.7113e+00 -3.5696e+00 +2.3491e+00
1512 +6.431190067e+04 +6.431190067e+04 +6.331190067e+04 -1.000000000e+03 +4.3910e+00 +2.3147e+00 -2.3911e+00 -2.0802e+00 -1.9564e+00 -2.7780e+00 +3.4127e+00 -1.1197e+00 -3.5696e+00 +2.3491e+00
1700 +6.286713727e+04 +6.286713727e+04 +6.186713727e+04 -1.000000000e+03 +4.3910e+00 -3.9126e+00 +5.8637e-02 -9.7288e-01 -3.5194e+00 -1.8272e+00 +3.4127e+00 -1.1197e+00 -3.5696e+00 +2.3491e+00
3180 +3.597094090e+04 +3.597094090e+04 +3.497094090e+04 -1.000000000e+03 +4.3910e+00 -5.1364e-02 -3.6257e+00 +2.1265e+00 +1.4230e+00 +4.6249e-01 +3.4127e+00 -1.1197e+00 -3.4474e+00 +2.6215e+00
3550 +2.397491639e+04 +2.397491639e+04 +2.297491639e+04 -1.000000000e+03 -5.1230e-01 -4.1125e+00 -3.6257e+00 -2.0669e+00 +5.2131e-01 +4.6249e-01 +2.8564e+00 -1.1197e+00 -3.4474e+00 +2.6215e+00
4116 +1.254342444e+04 +1.254342444e+04 +1.154342444e+04 -1.000000000e+03 +6.0304e-02 -3.9374e+00 -3.6257e+00 -2.0802e+00 +1.3489e+00 -1.8272e+00 +2.7973e+00 -1.1197e+00 -3.3657e+00 +2.4248e+00
4305 +8.502028568e+03 +8.502028568e+03 +7.502028568e+03 -1.000000000e+03 +4.3910e+00 -4.1125e+00 -3.6257e+00 -2.0669e+00 +1.3489e+00 -9.2580e-01 +2.7973e+00 -1.1197e+00 -3.3657e+00 +2.4248e+00
5606 +4.698668216e+03 +4.698668216e+03 +3.698668216e+03 -1.000000000e+03 -5.1230e-01 -4.1125e+00 -3.6257e+00 -2.8677e+00 +5.2131e-01 +4.6249e-01 +2.5255e+00 -1.0485e+00 -3.3657e+00 +2.4585e+00
6169 +3.710484161e+03 +3.710484161e+03 +2.710484161e+03 -1.000000000e+03 +4.3910e+00 -4.4053e+00 +5.8637e-02 +4.3023e-01 +5.2131e-01 -9.2580e-01 +2.5255e+00 -1.1197e+00 -3.3657e+00 +2.5359e+00
6931 +2.302968383e+03 +2.302968383e+03 +1.302968383e+03 -1.000000000e+03 +4.5780e+00 -4.6121e-01 -2.6748e+00 -2.0669e+00 +5.2131e-01 -7.8930e-01 +2.4191e+00 -9.5136e-01 -3.3657e+00 +2.4585e+00
8613 +1.497388030e+03 +1.497388030e+03 +4.973880301e+02 -1.000000000e+03 -5.1230e-01 -4.6121e-01 +5.8637e-02 -3.3446e-01 +5.2131e-01 -5.8419e-01 +2.4165e+00 -9.5136e-01 -3.3657e+00 +2.5315e+00
16446 +7.205631717e+02 +7.205631717e+02 -2.794368283e+02 -1.000000000e+03 +2.1480e+00 -2.9164e+00 -1.5774e+00 -2.0406e+00 +1.6136e-01 -6.1638e-01 +2.3497e+00 -1.0541e+00 -3.3234e+00 +2.5117e+00
17772 +5.283672536e+02 +5.283672536e+02 -4.716327464e+02 -1.000000000e+03 +2.1480e+00 -3.7405e+00 -1.6408e+00 -1.9625e+00 +1.6136e-01 -6.1638e-01 +2.2318e+00 -1.0541e+00 -3.3234e+00 +2.4916e+00
18541 +3.539015507e+02 +3.539015507e+02 -6.460984493e+02 -1.000000000e+03 -4.5080e+00 -2.6177e+00 -1.5774e+00 -1.2871e+00 +3.9571e-01 -6.1638e-01 +2.3497e+00 -1.0032e+00 -3.3537e+00 +2.5117e+00
34518 +1.058930889e+02 +1.058930889e+02 -8.941069111e+02 -1.000000000e+03 -1.9385e+00 -1.7791e+00 -2.0968e+00 -1.0284e+00 +7.0357e-01 -5.0546e-01 +2.2906e+00 -9.4238e-01 -3.3425e+00 +2.4953e+00
35475 +9.118796631e+01 +9.118796631e+01 -9.088120337e+02 -1.000000000e+03 -2.0088e+00 -3.3614e+00 -2.0968e+00 -1.3715e+00 +5.5787e-01 -5.0546e-01 +2.3439e+00 -9.4238e-01 -3.3425e+00 +2.4953e+00
41520 +7.371077020e+00 +7.371077020e+00 -9.926289230e+02 -1.000000000e+03 -2.5413e+00 -3.7350e+00 -1.5978e+00 -1.1220e+00 +5.5787e-01 -5.0546e-01 +2.2972e+00 -9.7339e-01 -3.3425e+00 +2.4953e+00
43196 +3.704758850e+00 +3.704758850e+00 -9.962952412e+02 -1.000000000e+03 -2.5413e+00 -3.6723e+00 -1.4848e+00 -1.1220e+00 +5.5787e-01 -5.0546e-01 +2.2972e+00 -9.7923e-01 -3.3425e+00 +2.4953e+00
43959 +2.309838155e+00 +2.309838155e+00 -9.976901618e+02 -1.000000000e+03 -2.5413e+00 -3.6723e+00 -1.4848e+00 -1.1220e+00 +5.5787e-01 -5.0546e-01 +2.3235e+00 -9.7923e-01 -3.3425e+00 +2.4953e+00
82499 +1.349097449e+00 +1.349097449e+00 -9.986509026e+02 -1.000000000e+03 -2.4965e+00 -3.6392e+00 -1.5421e+00 -1.1115e+00 +5.5787e-01 -5.0546e-01 +2.3175e+00 -9.7936e-01 -3.3425e+00 +2.4953e+00
102535 +7.226914544e-01 +7.226914544e-01 -9.992773085e+02 -1.000000000e+03 -2.4965e+00 -3.6423e+00 -1.5258e+00 -1.1115e+00 +5.5426e-01 -5.0403e-01 +2.3127e+00 -9.8312e-01 -3.3425e+00 +2.4953e+00
134746 +5.642239635e-01 +5.642239635e-01 -9.994357760e+02 -1.000000000e+03 -2.5156e+00 -3.6423e+00 -1.5258e+00 -1.1115e+00 +5.5049e-01 -5.0403e-01 +2.3127e+00 -9.8312e-01 -3.3419e+00 +2.4953e+00
428055 +9.338832892e-02 +9.338832892e-02 -9.999066117e+02 -1.000000000e+03 -2.5152e+00 -3.6412e+00 -1.5187e+00 -1.1115e+00 +5.4734e-01 -5.0344e-01 +2.3129e+00 -9.8215e-01 -3.3419e+00 +2.4957e+00
443862 +2.971453748e-02 +2.971453748e-02 -9.999702855e+02 -1.000000000e+03 -2.5152e+00 -3.6412e+00 -1.5187e+00 -1.1115e+00 +5.4734e-01 -5.0344e-01 +2.3128e+00 -9.8215e-01 -3.3419e+00 +2.4959e+00
838763 +6.142391145e-03 +6.142391145e-03 -9.999938576e+02 -1.000000000e+03 -2.5152e+00 -3.6413e+00 -1.5193e+00 -1.1111e+00 +5.4644e-01 -5.0344e-01 +2.3128e+00 -9.8215e-01 -3.3417e+00 +2.4960e+00
% function evaluation | noise-free fitness - Fopt (-3.629000000000e+01) | best noise-free fitness - Fopt | measured fitness | best measured fitness | x1 | x2...
1 +1.606913246e+07 +1.606913246e+07 +1.606909617e+07 -3.629000000e+01 -8.8595e-01 -3.3710e+00 +1.9662e+00 +1.6225e-01 +4.0853e+00 -9.4556e-01 -5.0805e-01 +2.0868e+00 +1.7291e+00 -7.6281e-01
177 +3.360772280e+05 +3.360772280e+05 +3.360409380e+05 -3.629000000e+01 +1.2698e+00 +2.2277e-01 -4.9902e+00 -3.7693e+00 +3.1491e+00 +3.3902e+00 -1.6001e+00 -5.2103e-01 +3.4042e+00 +2.5225e+00
546 +1.903789717e+05 +1.903789717e+05 +1.903426817e+05 -3.629000000e+01 -2.0372e+00 -5.4248e-01 -4.4752e+00 +3.7514e+00 +1.7457e-01 -3.8674e+00 -3.9110e-01 -1.3972e+00 +4.1814e+00 +3.0311e+00
1093 +5.155459975e+04 +5.155459975e+04 +5.151830975e+04 -3.629000000e+01 -2.0372e+00 -5.4248e-01 +1.5932e+00 -3.0646e+00 +1.7457e-01 +3.3902e+00 -1.6001e+00 -5.2103e-01 +4.0670e+00 +3.0311e+00
1276 +3.854269012e+04 +3.854269012e+04 +3.850640012e+04 -3.629000000e+01 -2.0372e+00 -5.4248e-01 -4.4752e+00 +3.7514e+00 +1.7457e-01 +3.3902e+00 -1.6001e+00 -5.2103e-01 +3.4042e+00 +3.0311e+00
1840 +9.201833607e+03 +9.201833607e+03 +9.165543607e+03 -3.629000000e+01 -3.5405e+00 +2.5827e+00 +1.6019e+00 -2.5261e+00 -3.0463e+00 +3.3902e+00 -1.2609e+00 -5.2103e-01 +3.6373e+00 +3.0710e+00
2391 +6.047098912e+03 +6.047098912e+03 +6.010808912e+03 -3.629000000e+01 +1.4348e+00 -4.0549e+00 -2.7456e+00 -4.7082e+00 -3.0409e+00 +7.4574e-01 -1.1458e+00 -4.7872e-01 +3.6373e+00 +3.1494e+00
2751 +2.995461840e+03 +2.995461840e+03 +2.959171840e+03 -3.629000000e+01 +1.2698e+00 +1.2287e+00 +5.0442e+00 -4.7082e+00 -3.1956e+00 +7.4574e-01 -1.1458e+00 -4.7872e-01 +3.6373e+00 +3.0710e+00
3114 +2.346195617e+03 +2.346195617e+03 +2.309905617e+03 -3.629000000e+01 -2.3448e+00 +2.5827e+00 -3.6549e+00 -2.5261e+00 -3.1956e+00 +1.0967e+00 -1.1477e+00 -5.2103e-01 +3.6373e+00 +3.0710e+00
4040 +1.415715699e+03 +1.415715699e+03 +1.379425699e+03 -3.629000000e+01 -2.3815e+00 +1.2287e+00 -3.6549e+00 -4.2218e+00 -3.3760e+00 +1.0967e+00 -1.1477e+00 -3.9123e-01 +3.6373e+00 +3.0710e+00
4935 +7.770286904e+02 +7.770286904e+02 +7.407386904e+02 -3.629000000e+01 -3.5405e+00 -5.4248e-01 -2.6827e+00 -2.5261e+00 -3.8830e+00 +1.2501e+00 -1.1477e+00 -3.9123e-01 +3.6373e+00 +3.0710e+00
6030 +5.959577414e+02 +5.959577414e+02 +5.596677414e+02 -3.629000000e+01 -3.6815e+00 +1.2287e+00 -1.1179e+00 -2.9613e+00 -3.8830e+00 +1.2501e+00 -1.2100e+00 -3.7770e-01 +3.6373e+00 +3.0710e+00
8054 +3.534585408e+02 +3.534585408e+02 +3.171685408e+02 -3.629000000e+01 -2.2626e+00 -5.8664e-01 -1.4080e+00 -3.1093e+00 -3.8830e+00 +1.3737e+00 -1.2100e+00 -3.9123e-01 +3.6373e+00 +3.0748e+00
36491 +2.210310113e+02 +2.210310113e+02 +1.847410113e+02 -3.629000000e+01 -3.2118e+00 -1.2528e+00 -4.9912e-01 -3.1093e+00 -3.8830e+00 +1.3737e+00 -1.2100e+00 -3.9123e-01 +3.6655e+00 +3.0748e+00
37876 +1.448260339e+02 +1.448260339e+02 +1.085360339e+02 -3.629000000e+01 +2.4053e+00 -1.5747e+00 -9.2158e-01 -2.8668e+00 -3.8830e+00 +1.3737e+00 -1.2720e+00 -3.9123e-01 +3.6655e+00 +3.0748e+00
39667 +9.923414370e+01 +9.923414370e+01 +6.294414370e+01 -3.629000000e+01 +2.4053e+00 -1.5747e+00 -7.3853e-01 -2.9936e+00 -3.8830e+00 +1.3737e+00 -1.2720e+00 -3.9123e-01 +3.6655e+00 +3.0776e+00
41838 +6.230388978e+01 +6.230388978e+01 +2.601388978e+01 -3.629000000e+01 +2.4053e+00 -2.9395e+00 -4.9912e-01 -3.0350e+00 -3.7953e+00 +1.4439e+00 -1.2720e+00 -3.9123e-01 +3.6655e+00 +3.0776e+00
50673 +3.617152531e+01 +3.617152531e+01 -1.184746859e-01 -3.629000000e+01 +7.4723e-01 -2.9398e+00 -3.8910e-01 -2.8549e+00 -3.8237e+00 +1.4670e+00 -1.2794e+00 -3.8124e-01 +3.6596e+00 +3.0798e+00
55183 +3.652488448e+00 +3.652488448e+00 -3.263751155e+01 -3.629000000e+01 +1.4250e+00 -3.3048e+00 -3.8910e-01 -2.8390e+00 -3.7108e+00 +1.4670e+00 -1.2794e+00 -3.8124e-01 +3.6596e+00 +3.0847e+00
55768 +2.128009666e+00 +2.128009666e+00 -3.416199033e+01 -3.629000000e+01 +1.8767e+00 -3.3048e+00 -3.8910e-01 -2.8549e+00 -3.7108e+00 +1.4670e+00 -1.2794e+00 -3.8124e-01 +3.6596e+00 +3.0847e+00
55965 +1.430800024e+00 +1.430800024e+00 -3.485919998e+01 -3.629000000e+01 +2.4529e+00 -3.2798e+00 -3.8910e-01 -2.8549e+00 -3.7108e+00 +1.4670e+00 -1.2794e+00 -3.8124e-01 +3.6596e+00 +3.0847e+00
83925 +7.198937176e-01 +7.198937176e-01 -3.557010628e+01 -3.629000000e+01 +2.8170e+00 -3.1813e+00 -3.8910e-01 -2.8390e+00 -3.7478e+00 +1.4670e+00 -1.2794e+00 -3.8124e-01 +3.6596e+00 +3.0847e+00
84113 +6.186049005e-01 +6.186049005e-01 -3.567139510e+01 -3.629000000e+01 +2.9324e+00 -3.0841e+00 -3.8910e-01 -2.8390e+00 -3.7478e+00 +1.4670e+00 -1.2794e+00 -3.8609e-01 +3.6596e+00 +3.0847e+00
85608 +3.482758359e-01 +3.482758359e-01 -3.594172416e+01 -3.629000000e+01 +2.8200e+00 -3.0841e+00 -2.6928e-01 -2.8549e+00 -3.7478e+00 +1.4670e+00 -1.2794e+00 -3.8609e-01 +3.6596e+00 +3.0847e+00
243775 +2.371508555e-01 +2.371508555e-01 -3.605284914e+01 -3.629000000e+01 +2.7877e+00 -3.1381e+00 -2.9703e-01 -2.8804e+00 -3.7490e+00 +1.4731e+00 -1.2794e+00 -3.8609e-01 +3.6596e+00 +3.0847e+00
253346 +1.379062728e-01 +1.379062728e-01 -3.615209373e+01 -3.629000000e+01 +2.7882e+00 -3.1419e+00 -2.9066e-01 -2.8852e+00 -3.7450e+00 +1.4710e+00 -1.2786e+00 -3.8478e-01 +3.6586e+00 +3.0849e+00
272447 +7.870304442e-02 +7.870304442e-02 -3.621129696e+01 -3.629000000e+01 +2.7877e+00 -3.1437e+00 -2.9066e-01 -2.8852e+00 -3.7450e+00 +1.4710e+00 -1.2794e+00 -3.8478e-01 +3.6596e+00 +3.0847e+00
291396 +4.464746950e-02 +4.464746950e-02 -3.624535253e+01 -3.629000000e+01 +2.7877e+00 -3.1412e+00 -2.9066e-01 -2.8761e+00 -3.7477e+00 +1.4713e+00 -1.2791e+00 -3.8368e-01 +3.6596e+00 +3.0847e+00
469816 +1.447655044e-02 +1.447655044e-02 -3.627552345e+01 -3.629000000e+01 +2.7899e+00 -3.1419e+00 -2.9026e-01 -2.8762e+00 -3.7490e+00 +1.4710e+00 -1.2794e+00 -3.8357e-01 +3.6591e+00 +3.0847e+00
488979 +6.305211088e-03 +6.305211088e-03 -3.628369479e+01 -3.629000000e+01 +2.7913e+00 -3.1422e+00 -2.9066e-01 -2.8761e+00 -3.7490e+00 +1.4710e+00 -1.2791e+00 -3.8386e-01 +3.6591e+00 +3.0847e+00
% function evaluation | noise-free fitness - Fopt (-4.840000000000e+01) | best noise-free fitness - Fopt | measured fitness | best measured fitness | x1 | x2...
1 +3.241470119e+06 +3.241470119e+06 +3.241421719e+06 -4.840000000e+01 -1.1328e+00 +3.1970e-01 +1.0021e+00 -2.4977e+00 +2.3684e+00 +2.4043e+00 -4.6896e+00 -1.7341e+00 -3.6893e+00 +4.0028e-01
190 +2.671853759e+05 +2.671853759e+05 +2.671369759e+05 -4.840000000e+01 -1.7531e+00 +9.0620e-01 +2.1826e+00 +3.0549e+00 +1.8052e+00 +1.6282e+00 -4.7074e+00 -2.9469e+00 -1.3948e-01 +5.8335e-01
380 +1.658353473e+05 +1.658353473e+05 +1.657869473e+05 -4.840000000e+01 +2.1202e+00 +2.1118e+00 -2.9015e+00 +3.5491e+00 +1.5201e+00 -2.5519e+00 -3.5083e+00 +3.3095e-01 -3.6065e-01 +5.4219e-01
565 +1.135701297e+05 +1.135701297e+05 +1.135217297e+05 -4.840000000e+01 -1.7531e+00 +9.0620e-01 +2.1826e+00 +3.0549e+00 +1.8052e+00 +1.6282e+00 -2.8990e+00 -6.2379e-01 -1.3948e-01 +5.8335e-01
1120 +4.570593546e+04 +4.570593546e+04 +4.565753546e+04 -4.840000000e+01 -7.3337e-01 -2.6919e+00 -2.8147e-01 +3.2085e+00 -4.0738e-02 -4.7721e+00 -2.9370e+00 -1.6860e+00 +1.4157e-01 +5.4862e-01
1495 +2.995816755e+04 +2.995816755e+04 +2.990976755e+04 -4.840000000e+01 +2.1202e+00 -2.8212e+00 +1.2317e+00 -1.9280e+00 +2.2889e+00 -4.0746e+00 -2.9370e+00 -1.6860e+00 +1.4157e-01 +5.1962e-01
1870 +1.815388772e+04 +1.815388772e+04 +1.810548772e+04 -4.840000000e+01 +2.1202e+00 -2.8212e+00 +1.2317e+00 -1.9280e+00 +3.6125e+00 -4.0746e+00 -3.4836e+00 -1.4942e+00 +1.4157e-01 +5.1962e-01
2060 +1.442543136e+04 +1.442543136e+04 +1.437703136e+04 -4.840000000e+01 +2.1202e+00 -2.5841e+00 +1.2317e+00 +1.1214e+00 -4.0738e-02 -4.7721e+00 -3.2844e+00 -9.7773e-01 +6.1761e-02 +4.2836e-01
2435 +9.833976171e+03 +9.833976171e+03 +9.785576171e+03 -4.840000000e+01 -1.0544e+00 +2.4497e+00 -4.3092e+00 -1.9280e+00 +3.5191e+00 -2.6787e+00 -3.5623e+00 -1.4942e+00 +6.1761e-02 +4.2836e-01
2993 +5.950824334e+03 +5.950824334e+03 +5.902424334e+03 -4.840000000e+01 -7.3337e-01 -2.5686e+00 -4.3092e+00 +5.0281e-01 +3.5191e+00 -2.5004e+00 -4.3365e+00 -1.0112e+00 +1.4157e-01 +4.2836e-01
3726 +3.039905060e+03 +3.039905060e+03 +2.991505060e+03 -4.840000000e+01 -3.1090e+00 -2.5841e+00 -3.0927e+00 +5.0281e-01 +2.2889e+00 -2.6767e+00 -3.9016e+00 -1.0644e+00 +6.1761e-02 +4.2836e-01
3910 +2.453074530e+03 +2.453074530e+03 +2.404674530e+03 -4.840000000e+01 -1.7531e+00 -2.5686e+00 -3.0927e+00 +5.0281e-01 +3.5191e+00 -2.9920e+00 -3.9016e+00 -1.0644e+00 +6.1761e-02 +4.2836e-01
4669 +1.578482834e+03 +1.578482834e+03 +1.530082834e+03 -4.840000000e+01 +2.1202e+00 -2.6919e+00 -2.8147e-01 -1.9280e+00 +3.5191e+00 -2.9920e+00 -3.8939e+00 -1.0644e+00 +6.1761e-02 +4.2836e-01
4851 +7.531119685e+02 +7.531119685e+02 +7.047119685e+02 -4.840000000e+01 -3.1090e+00 +2.4497e+00 -4.3092e+00 -1.9280e+00 +2.3199e+00 -3.5149e+00 -3.8939e+00 -1.0644e+00 +1.4157e-01 +4.2836e-01
5043 +3.578956264e+02 +3.578956264e+02 +3.094956264e+02 -4.840000000e+01 -1.7531e+00 -2.9089e+00 -9.1725e-01 -1.9280e+00 +2.3199e+00 -3.3497e+00 -3.9016e+00 -1.0644e+00 +1.4157e-01 +4.2836e-01
7462 +2.339634312e+02 +2.339634312e+02 +1.855634312e+02 -4.840000000e+01 -1.7531e+00 -2.6919e+00 -9.1725e-01 -1.9280e+00 +2.6750e+00 -3.3497e+00 -3.9016e+00 -1.1756e+00 +1.4157e-01 +4.2836e-01
9146 +1.562636774e+02 +1.562636774e+02 +1.078636774e+02 -4.840000000e+01 -1.0544e+00 -2.6919e+00 -2.8147e-01 -2.2469e+00 +2.6750e+00 -3.3497e+00 -3.8939e+00 -1.0927e+00 +1.4157e-01 +4.2836e-01
37026 +9.939460778e+01 +9.939460778e+01 +5.099460778e+01 -4.840000000e+01 +2.2330e+00 -1.0714e+00 -1.3415e+00 -2.4970e+00 +2.6616e+00 -3.4420e+00 -3.8204e+00 -1.1179e+00 +1.3820e-01 +4.3433e-01
39435 +6.079334012e+01 +6.079334012e+01 +1.239334012e+01 -4.840000000e+01 -7.3337e-01 -2.6919e+00 -9.1725e-01 -2.2469e+00 +2.6750e+00 -3.3445e+00 -3.8054e+00 -1.0927e+00 +1.2873e-01 +4.2836e-01
40685 +3.194208525e+01 +3.194208525e+01 -1.645791475e+01 -4.840000000e+01 -1.7245e-01 -2.6919e+00 -9.1725e-01 -2.2469e+00 +2.6750e+00 -3.3445e+00 -3.8054e+00 -1.1492e+00 +1.2873e-01 +4.2836e-01
41764 +2.396850374e+01 +2.396850374e+01 -2.443149626e+01 -4.840000000e+01 -8.0932e-01 -2.6919e+00 -9.1725e-01 -2.2469e+00 +2.6750e+00 -3.3497e+00 -3.8054e+00 -1.1441e+00 +1.2873e-01 +4.2836e-01
44637 +1.584069735e+01 +1.584069735e+01 -3.255930265e+01 -4.840000000e+01 +2.1104e-01 -2.9089e+00 -9.1725e-01 -2.2469e+00 +2.6750e+00 -3.3968e+00 -3.8181e+00 -1.1441e+00 +1.2873e-01 +4.2836e-01
51292 +9.672480313e+00 +9.672480313e+00 -3.872751969e+01 -4.840000000e+01 +7.4854e-01 -2.9089e+00 -9.1725e-01 -2.2714e+00 +2.6750e+00 -3.3497e+00 -3.8220e+00 -1.1394e+00 +1.2398e-01 +4.2836e-01
55499 +6.299104307e+00 +6.299104307e+00 -4.210089569e+01 -4.840000000e+01 +4.3578e-01 -2.9089e+00 -9.1725e-01 -2.2714e+00 +2.6750e+00 -3.3756e+00 -3.8220e+00 -1.1180e+00 +1.2398e-01 +4.2836e-01
79016 +3.980436487e+00 +3.980436487e+00 -4.441956351e+01 -4.840000000e+01 +4.4987e-01 -2.9089e+00 -9.8489e-01 -2.2882e+00 +2.6750e+00 -3.3847e+00 -3.8181e+00 -1.1232e+00 +1.2873e-01 +4.2836e-01
92741 +1.852682336e+00 +1.852682336e+00 -4.654731766e+01 -4.840000000e+01 +4.3578e-01 -2.9089e+00 -1.0158e+00 -2.2714e+00 +2.6860e+00 -3.3924e+00 -3.8220e+00 -1.1323e+00 +1.2443e-01 +4.2836e-01
102481 +5.071567688e-01 +5.071567688e-01 -4.789284323e+01 -4.840000000e+01 +4.7378e-01 -2.9060e+00 -1.0131e+00 -2.2898e+00 +2.6806e+00 -3.3905e+00 -3.8303e+00 -1.1277e+00 +1.2519e-01 +4.2836e-01
168403 +2.477413154e-01 +2.477413154e-01 -4.815225868e+01 -4.840000000e+01 +4.4127e-01 -2.9248e+00 -1.0093e+00 -2.2842e+00 +2.6860e+00 -3.3855e+00 -3.8261e+00 -1.1283e+00 +1.2561e-01 +4.2836e-01
571495 +6.433689797e-02 +6.433689797e-02 -4.833566310e+01 -4.840000000e+01 +4.4292e-01 -2.9258e+00 -1.0097e+00 -2.2814e+00 +2.6863e+00 -3.3870e+00 -3.8264e+00 -1.1278e+00 +1.2585e-01 +4.2903e-01
% function evaluation | noise-free fitness - Fopt (1.000000000000e+03) | best noise-free fitness - Fopt | measured fitness | best measured fitness | x1 | x2...
1 +3.512694484e+06 +3.512694484e+06 +3.513694484e+06 +1.000000000e+03 -1.5386e+00 +2.8033e+00 +1.3039e+00 +1.0104e+00 +3.1225e-02 +1.2654e+00 -4.1962e+00 -2.8452e+00 +4.0033e+00 -3.3799e+00
187 +2.458678566e+05 +2.458678566e+05 +2.468678566e+05 +1.000000000e+03 +2.2802e+00 +2.2956e+00 -4.6070e+00 +1.8575e+00 +1.7268e+00 +9.8508e-01 -3.9548e+00 +1.8367e+00 +1.6258e+00 -2.3634e+00
748 +1.415667283e+05 +1.415667283e+05 +1.425667283e+05 +1.000000000e+03 -4.5733e+00 +1.0509e+00 +3.0308e+00 +1.8575e+00 +1.7268e+00 +9.8508e-01 -3.9548e+00 +1.8367e+00 +2.3965e+00 -2.3634e+00
1492 +5.895958513e+04 +5.895958513e+04 +5.995958513e+04 +1.000000000e+03 +2.2802e+00 +2.2956e+00 +8.2109e-01 +4.3440e+00 -3.1102e+00 -4.5597e+00 -2.2712e+00 +2.3738e+00 +2.2491e+00 -2.3634e+00
1869 +2.631740215e+04 +2.631740215e+04 +2.731740215e+04 +1.000000000e+03 -4.5733e+00 +1.2543e+00 -2.8399e+00 -4.2816e-01 -9.1782e-02 -4.5597e+00 -2.3950e+00 +2.1344e+00 +2.5183e+00 -2.1770e+00
2054 +2.195602580e+04 +2.195602580e+04 +2.295602580e+04 +1.000000000e+03 -4.5733e+00 +4.4480e+00 +3.1207e+00 -3.3044e+00 +1.3000e+00 -4.5597e+00 -2.2712e+00 +2.3738e+00 +2.2491e+00 -2.1340e+00
2620 +1.485830506e+04 +1.485830506e+04 +1.585830506e+04 +1.000000000e+03 +3.3116e+00 +1.2543e+00 +2.2872e+00 -2.7347e+00 -8.8944e-01 -2.7211e+00 -2.3950e+00 +2.3738e+00 +2.5134e+00 -2.1340e+00
3377 +9.370941754e+03 +9.370941754e+03 +1.037094175e+04 +1.000000000e+03 +4.2742e+00 +1.2543e+00 +3.0504e+00 -2.2317e+00 +1.3000e+00 -4.1752e+00 -2.3950e+00 +2.8501e+00 +2.3811e+00 -2.1340e+00
4314 +5.800612916e+03 +5.800612916e+03 +6.800612916e+03 +1.000000000e+03 -4.5733e+00 +1.2543e+00 +2.2872e+00 -3.3044e+00 +1.3000e+00 -2.7211e+00 -2.3950e+00 +2.8048e+00 +2.3811e+00 -2.1340e+00
6002 +3.961290042e+03 +3.961290042e+03 +4.961290042e+03 +1.000000000e+03 -4.5733e+00 +1.2543e+00 +2.0756e+00 -2.2317e+00 +3.8526e-01 -2.7369e+00 -2.1014e+00 +2.7648e+00 +2.3811e+00 -2.1340e+00
6929 +1.475632140e+03 +1.475632140e+03 +2.475632140e+03 +1.000000000e+03 -4.4782e+00 +1.4316e+00 +3.0504e+00 -2.2317e+00 +3.8526e-01 -2.7211e+00 -2.1014e+00 +2.7648e+00 +2.3811e+00 -2.1561e+00
8062 +4.266117891e+02 +4.266117891e+02 +1.426611789e+03 +1.000000000e+03 -3.7167e+00 +4.4168e-02 +3.0504e+00 -2.6055e+00 +3.8526e-01 -2.8977e+00 -2.1014e+00 +2.7801e+00 +2.3811e+00 -2.1980e+00
8436 +3.956837803e+02 +3.956837803e+02 +1.395683780e+03 +1.000000000e+03 -3.7167e+00 +4.4168e-02 +3.0504e+00 -2.6055e+00 +3.8526e-01 -3.0111e+00 -2.1285e+00 +2.7801e+00 +2.3811e+00 -2.1980e+00
8804 +2.303010737e+02 +2.303010737e+02 +1.230301074e+03 +1.000000000e+03 -3.3659e+00 +1.0985e+00 +2.2872e+00 -2.2317e+00 +2.8866e-02 -2.8977e+00 -2.1285e+00 +2.7648e+00 +2.3811e+00 -2.1980e+00
36167 +1.528384156e+02 +1.528384156e+02 +1.152838416e+03 +1.000000000e+03 +1.9069e-01 -4.2785e+00 +2.6680e+00 -2.5417e+00 -3.5125e-01 -2.9326e+00 -2.1811e+00 +2.7509e+00 +2.3935e+00 -2.1880e+00
36742 +9.851658826e+01 +9.851658826e+01 +1.098516588e+03 +1.000000000e+03 -3.6559e+00 -3.7567e+00 +1.6733e+00 -2.5340e+00 -2.2073e-01 -2.9326e+00 -2.1811e+00 +2.7509e+00 +2.3935e+00 -2.1880e+00
44949 +6.284088133e+01 +6.284088133e+01 +1.062840881e+03 +1.000000000e+03 -3.8347e+00 -3.0406e+00 +1.6983e+00 -2.2317e+00 -8.7452e-02 -3.0111e+00 -2.1285e+00 +2.7367e+00 +2.3811e+00 -2.1980e+00
62708 +3.840602679e+01 +3.840602679e+01 +1.038406027e+03 +1.000000000e+03 -2.2078e+00 -2.8312e+00 +1.8634e+00 -2.1940e+00 -1.6068e-01 -3.0067e+00 -2.1119e+00 +2.7294e+00 +2.3779e+00 -2.1839e+00
67187 +2.491561729e+01 +2.491561729e+01 +1.024915617e+03 +1.000000000e+03 -4.5733e+00 -2.7878e+00 +1.6733e+00 -2.4174e+00 -8.7452e-02 -2.9326e+00 -2.1014e+00 +2.7276e+00 +2.3811e+00 -2.1880e+00
68569 +1.493244028e+01 +1.493244028e+01 +1.014932440e+03 +1.000000000e+03 -3.6559e+00 -2.7878e+00 +1.6733e+00 -2.3256e+00 -2.2073e-01 -3.0091e+00 -2.1285e+00 +2.7509e+00 +2.3811e+00 -2.1880e+00
69159 +8.944248428e+00 +8.944248428e+00 +1.008944248e+03 +1.000000000e+03 -3.6559e+00 -2.7878e+00 +1.6733e+00 -2.3256e+00 -2.2073e-01 -3.0091e+00 -2.1285e+00 +2.7276e+00 +2.3811e+00 -2.1880e+00
70931 +6.086875178e+00 +6.086875178e+00 +1.006086875e+03 +1.000000000e+03 -3.7968e+00 -2.7878e+00 +1.6733e+00 -2.2317e+00 -1.2960e-01 -3.0091e+00 -2.1285e+00 +2.7293e+00 +2.3811e+00 -2.1880e+00
76393 +3.265276070e+00 +3.265276070e+00 +1.003265276e+03 +1.000000000e+03 -3.6559e+00 -3.0300e+00 +1.6983e+00 -2.2317e+00 -1.4902e-01 -3.0111e+00 -2.1285e+00 +2.7367e+00 +2.3811e+00 -2.1880e+00
78675 +2.437483461e+00 +2.437483461e+00 +1.002437483e+03 +1.000000000e+03 -3.4305e+00 -3.0406e+00 +1.6983e+00 -2.2687e+00 -1.4902e-01 -3.0111e+00 -2.1214e+00 +2.7367e+00 +2.3811e+00 -2.1880e+00
174463 +1.566651179e+00 +1.566651179e+00 +1.001566651e+03 +1.000000000e+03 -3.4279e+00 -2.9855e+00 +1.7280e+00 -2.2606e+00 -1.4928e-01 -3.0067e+00 -2.1146e+00 +2.7405e+00 +2.3816e+00 -2.1905e+00
177468 +2.178820753e-02 +2.178820753e-02 +1.000021788e+03 +1.000000000e+03 -3.4305e+00 -2.9921e+00 +1.7196e+00 -2.2626e+00 -1.5323e-01 -3.0042e+00 -2.1189e+00 +2.7367e+00 +2.3817e+00 -2.1896e+00
221737 +6.057920216e-03 +6.057920216e-03 +1.000006058e+03 +1.000000000e+03 -3.4305e+00 -2.9921e+00 +1.7271e+00 -2.2626e+00 -1.5323e-01 -3.0063e+00 -2.1189e+00 +2.7367e+00 +2.3817e+00 -2.1896e+00
431815 +3.865782590e-03 +3.865782590e-03 +1.000003866e+03 +1.000000000e+03 -3.4304e+00 -2.9881e+00 +1.7271e+00 -2.2626e+00 -1.5323e-01 -3.0069e+00 -2.1193e+00 +2.7367e+00 +2.3817e+00 -2.1896e+00
525739 +1.804441248e-03 +1.804441248e-03 +1.000001804e+03 +1.000000000e+03 -3.4305e+00 -2.9856e+00 +1.7271e+00 -2.2620e+00 -1.5329e-01 -3.0069e+00 -2.1193e+00 +2.7367e+00 +2.3816e+00 -2.1896e+00
589830 +1.577350297e-03 +1.577350297e-03 +1.000001577e+03 +1.000000000e+03 -3.4304e+00 -2.9881e+00 +1.7271e+00 -2.2616e+00 -1.5272e-01 -3.0069e+00 -2.1191e+00 +2.7367e+00 +2.3816e+00 -2.1896e+00
632182 +5.999450882e-04 +5.999450882e-04 +1.000000600e+03 +1.000000000e+03 -3.4304e+00 -2.9879e+00 +1.7271e+00 -2.2616e+00 -1.5272e-01 -3.0074e+00 -2.1191e+00 +2.7368e+00 +2.3816e+00 -2.1896e+00
% function evaluation | noise-free fitness - Fopt (3.261100000000e+02) | best noise-free fitness - Fopt | measured fitness | best measured fitness | x1 | x2...
1 +8.409697501e+06 +8.409697501e+06 +8.410023611e+06 +3.261100000e+02 -4.7533e+00 +1.3283e+00 +1.2740e+00 -4.2411e+00 +3.2051e+00 -9.4200e-01 +3.3268e+00 +3.2862e+00 +4.8262e+00 -2.0449e+00
188 +2.712626045e+05 +2.712626045e+05 +2.715887145e+05 +3.261100000e+02 +4.1058e-01 -1.3479e+00 +6.3799e-01 +2.2832e+00 -7.7270e-01 +1.2960e+00 +1.5003e+00 +3.2281e+00 +1.7798e+00 +6.3569e-01
372 +2.311774985e+05 +2.311774985e+05 +2.315036085e+05 +3.261100000e+02 +4.1058e-01 +4.9023e+00 -3.2683e+00 -3.1721e+00 +1.3426e+00 +2.3275e+00 +7.6098e-01 +3.2281e+00 +1.7798e+00 +6.3569e-01
560 +5.455300425e+04 +5.455300425e+04 +5.487911425e+04 +3.261100000e+02 +4.1058e-01 +1.5424e+00 -5.6180e-01 -2.8542e+00 +3.3215e+00 -1.4059e+00 -2.8443e+00 +3.2281e+00 +1.7798e+00 +6.3569e-01
1484 +3.712949393e+04 +3.712949393e+04 +3.745560393e+04 +3.261100000e+02 -4.1557e-01 +4.7147e+00 -9.7771e-01 +2.2832e+00 -3.8807e+00 -6.8808e-01 -2.8443e+00 +3.2281e+00 +1.7798e+00 +5.7184e-01
2414 +1.158758029e+04 +1.158758029e+04 +1.191369029e+04 +3.261100000e+02 -1.8711e+00 -2.5790e+00 -3.7115e+00 +2.9091e+00 -3.8807e+00 -1.9897e+00 -2.8443e+00 +3.8603e+00 +1.7798e+00 +4.8477e-01
2598 +9.389065029e+03 +9.389065029e+03 +9.715175029e+03 +3.261100000e+02 -6.8123e-01 -3.0941e+00 -1.8956e+00 +5.0692e-01 -3.0737e+00 -1.9897e+00 -2.8443e+00 +3.8603e+00 +1.7798e+00 +4.8477e-01
3899 +4.188710481e+03 +4.188710481e+03 +4.514820481e+03 +3.261100000e+02 -1.5095e+00 -1.6432e+00 +2.3197e+00 +9.1563e-01 -1.5943e+00 -1.7771e+00 -2.8443e+00 +4.0267e+00 +1.8289e+00 +5.0013e-01
4088 +3.652368478e+03 +3.652368478e+03 +3.978478478e+03 +3.261100000e+02 +2.9515e+00 -1.6432e+00 +4.4442e+00 +9.1563e-01 -1.5943e+00 -2.8748e+00 -2.8443e+00 +4.0267e+00 +1.8289e+00 +5.0013e-01
5580 +2.000664694e+03 +2.000664694e+03 +2.326774694e+03 +3.261100000e+02 -1.5095e+00 -1.3479e+00 -1.8956e+00 +9.1563e-01 -7.7270e-01 -1.9897e+00 -2.9993e+00 +4.0267e+00 +1.9657e+00 +5.2579e-01
5960 +1.213596380e+03 +1.213596380e+03 +1.539706380e+03 +3.261100000e+02 -1.5095e+00 -1.3479e+00 -1.8956e+00 +9.1563e-01 -1.5348e+00 -2.4695e+00 -2.9993e+00 +4.0267e+00 +1.9657e+00 +5.2579e-01
6145 +8.920854683e+02 +8.920854683e+02 +1.218195468e+03 +3.261100000e+02 -1.5095e+00 -1.3479e+00 +4.5180e+00 +9.1563e-01 -1.5348e+00 -2.2973e+00 -2.9392e+00 +4.0267e+00 +1.9657e+00 +5.2579e-01
6520 +5.025008116e+02 +5.025008116e+02 +8.286108116e+02 +3.261100000e+02 +2.9515e+00 +3.0765e+00 +4.2666e+00 +9.1563e-01 -1.5348e+00 -2.4970e+00 -2.9993e+00 +3.8603e+00 +1.9478e+00 +5.2579e-01
7274 +2.938056900e+02 +2.938056900e+02 +6.199156900e+02 +3.261100000e+02 -9.6845e-01 -2.5790e+00 +3.1965e+00 +9.4194e-01 -1.5348e+00 -2.4970e+00 -2.9392e+00 +3.9361e+00 +1.9418e+00 +5.2579e-01
7653 +1.771894045e+02 +1.771894045e+02 +5.032994045e+02 +3.261100000e+02 -1.5095e+00 +2.6543e+00 +3.4689e+00 +5.0692e-01 -1.5348e+00 -2.4970e+00 -2.9392e+00 +3.9361e+00 +1.9478e+00 +5.2579e-01
8582 +1.569578884e+02 +1.569578884e+02 +4.830678884e+02 +3.261100000e+02 -2.2781e+00 +2.6543e+00 +3.1965e+00 +2.5366e-01 -1.5348e+00 -2.4970e+00 -2.9392e+00 +3.9361e+00 +1.9478e+00 +5.2579e-01
37267 +7.232908790e+01 +7.232908790e+01 +3.984390879e+02 +3.261100000e+02 -2.2781e+00 +2.2842e+00 +2.8702e+00 +1.2710e-02 -1.7298e+00 -2.4867e+00 -2.9804e+00 +3.9523e+00 +1.9178e+00 +5.2579e-01
38370 +6.216344407e+01 +6.216344407e+01 +3.882734441e+02 +3.261100000e+02 -2.2781e+00 +2.6543e+00 +2.8702e+00 +1.2710e-02 -1.7430e+00 -2.4695e+00 -2.9976e+00 +3.9361e+00 +1.9178e+00 +5.2579e-01
42024 +3.759216832e+01 +3.759216832e+01 +3.637021683e+02 +3.261100000e+02 -3.5158e+00 +2.6242e+00 +2.7590e+00 +1.4100e-01 -1.7298e+00 -2.4514e+00 -2.9976e+00 +3.9361e+00 +1.9223e+00 +5.2579e-01
75511 +1.847713567e+01 +1.847713567e+01 +3.445871357e+02 +3.261100000e+02 -3.5158e+00 +2.4204e+00 +2.7421e+00 +7.2767e-02 -1.7298e+00 -2.4514e+00 -2.9976e+00 +3.9361e+00 +1.9223e+00 +5.2345e-01
76110 +8.830863395e+00 +8.830863395e+00 +3.349408634e+02 +3.261100000e+02 -3.5158e+00 +2.4204e+00 +2.7421e+00 +1.4100e-01 -1.7298e+00 -2.4514e+00 -2.9976e+00 +3.9361e+00 +1.9316e+00 +5.2345e-01
84475 +3.528039428e+00 +3.528039428e+00 +3.296380394e+02 +3.261100000e+02 -3.5482e+00 +2.4204e+00 +2.7421e+00 +1.4100e-01 -1.7298e+00 -2.4514e+00 -2.9976e+00 +3.9361e+00 +1.9316e+00 +5.1963e-01
168948 +2.310961432e+00 +2.310961432e+00 +3.284209614e+02 +3.261100000e+02 -3.5300e+00 +2.4420e+00 +2.7421e+00 +1.5337e-01 -1.7354e+00 -2.4458e+00 -2.9872e+00 +3.9409e+00 +1.9283e+00 +5.2211e-01
205166 +9.059014849e-01 +9.059014849e-01 +3.270159015e+02 +3.261100000e+02 -3.5546e+00 +2.4434e+00 +2.7387e+00 +1.5187e-01 -1.7316e+00 -2.4458e+00 -2.9872e+00 +3.9409e+00 +1.9283e+00 +5.2130e-01
226680 +1.178642266e-01 +1.178642266e-01 +3.262278642e+02 +3.261100000e+02 -3.5349e+00 +2.4415e+00 +2.7421e+00 +1.5848e-01 -1.7298e+00 -2.4458e+00 -2.9929e+00 +3.9410e+00 +1.9293e+00 +5.2063e-01
230943 +6.479894172e-02 +6.479894172e-02 +3.261747989e+02 +3.261100000e+02 -3.5349e+00 +2.4415e+00 +2.7421e+00 +1.5016e-01 -1.7298e+00 -2.4458e+00 -2.9929e+00 +3.9396e+00 +1.9293e+00 +5.2063e-01
307129 +6.088388196e-02 +6.088388196e-02 +3.261708839e+02 +3.261100000e+02 -3.5347e+00 +2.4434e+00 +2.7421e+00 +1.5016e-01 -1.7298e+00 -2.4458e+00 -2.9929e+00 +3.9397e+00 +1.9293e+00 +5.2063e-01
660911 +2.845094886e-02 +2.845094886e-02 +3.261384509e+02 +3.261100000e+02 -3.5349e+00 +2.4439e+00 +2.7409e+00 +1.5016e-01 -1.7316e+00 -2.4458e+00 -2.9919e+00 +3.9399e+00 +1.9297e+00 +5.2063e-01
862875 +2.115746580e-02 +2.115746580e-02 +3.261311575e+02 +3.261100000e+02 -3.5342e+00 +2.4440e+00 +2.7409e+00 +1.5046e-01 -1.7316e+00 -2.4458e+00 -2.9919e+00 +3.9399e+00 +1.9293e+00 +5.2077e-01
% function evaluation | noise-free fitness - Fopt (-4.682000000000e+01) | best noise-free fitness - Fopt | measured fitness | best measured fitness | x1 | x2...
1 +2.169742488e+06 +2.169742488e+06 +2.169695668e+06 -4.682000000e+01 -3.4290e-01 -3.7070e+00 +2.9601e+00 +1.8573e+00 +4.9672e+00 +8.1643e-02 -3.6553e+00 +1.7287e+00 -3.2717e-01 -2.4918e+00
173 +4.345582206e+05 +4.345582206e+05 +4.345114006e+05 -4.682000000e+01 +3.2271e+00 +2.4456e+00 +1.6975e+00 +3.0267e+00 +4.6070e+00 +2.6929e+00 -5.3221e-02 +4.2769e+00 +1.0460e+00 -3.0787e+00
362 +2.134079326e+05 +2.134079326e+05 +2.133611126e+05 -4.682000000e+01 -4.3325e+00 -2.5328e+00 +2.4237e+00 -2.8662e+00 +1.5032e+00 -2.8911e+00 -1.6465e+00 +2.2606e+00 +9.4753e-01 -3.7402e+00
881 +1.289430482e+05 +1.289430482e+05 +1.288962282e+05 -4.682000000e+01 +1.5644e+00 -1.5208e+00 +4.9929e+00 -2.8987e+00 +1.9013e+00 +1.3575e+00 -2.9282e+00 +4.4897e+00 +1.7353e+00 -3.6151e+00
1063 +6.823171974e+04 +6.823171974e+04 +6.818489974e+04 -4.682000000e+01 +1.5644e+00 -1.5208e+00 +4.9929e+00 -2.8602e+00 +4.3008e+00 -2.8911e+00 -4.9305e-01 +2.2606e+00 +1.7353e+00 -3.6151e+00
1242 +3.319460695e+04 +3.319460695e+04 +3.314778695e+04 -4.682000000e+01 +1.5644e+00 +2.4456e+00 -4.1543e+00 -9.1344e-01 +1.7912e+00 +2.7912e+00 -2.4181e+00 +2.2606e+00 +1.7353e+00 -3.6151e+00
1961 +2.368342147e+04 +2.368342147e+04 +2.363660147e+04 -4.682000000e+01 +3.2271e+00 -1.1727e+00 -4.1208e-01 +5.4768e-01 +1.9013e+00 +1.0397e+00 -1.6465e+00 +2.2606e+00 +1.7353e+00 -3.6151e+00
2864 +1.536849493e+04 +1.536849493e+04 +1.532167493e+04 -4.682000000e+01 +3.2271e+00 -1.0624e+00 -1.9896e+00 -2.8662e+00 +4.6070e+00 +1.3575e+00 -2.9282e+00 +2.9475e+00 +1.7353e+00 -3.6151e+00
3393 +8.286121165e+03 +8.286121165e+03 +8.239301165e+03 -4.682000000e+01 +3.2271e+00 -1.5208e+00 -4.1208e-01 +5.4768e-01 +3.9891e+00 +1.0397e+00 -2.2591e+00 +2.7774e+00 +1.7353e+00 -3.6151e+00
3571 +2.973531317e+03 +2.973531317e+03 +2.926711317e+03 -4.682000000e+01 +3.2271e+00 +2.4456e+00 -1.9896e+00 -2.8662e+00 +1.9013e+00 +1.0397e+00 -2.4181e+00 +2.7774e+00 +1.7353e+00 -3.5181e+00
3754 +2.132539896e+03 +2.132539896e+03 +2.085719896e+03 -4.682000000e+01 +3.2271e+00 -1.5208e+00 -4.1208e-01 +5.4768e-01 +3.9891e+00 +1.0397e+00 -2.2591e+00 +2.7774e+00 +1.7353e+00 -3.5181e+00
3929 +1.270333208e+03 +1.270333208e+03 +1.223513208e+03 -4.682000000e+01 +3.2271e+00 -1.5208e+00 +3.2215e+00 -2.8662e+00 +3.9891e+00 +1.0397e+00 -2.2591e+00 +2.7774e+00 +1.7353e+00 -3.5181e+00
5180 +9.239382235e+02 +9.239382235e+02 +8.771182235e+02 -4.682000000e+01 +1.5644e+00 -1.1727e+00 -5.6147e-01 -2.8662e+00 +3.9891e+00 +4.8120e-01 -2.2591e+00 +2.7774e+00 +1.7353e+00 -3.5216e+00
6073 +5.432439023e+02 +5.432439023e+02 +4.964239023e+02 -4.682000000e+01 +3.2271e+00 -1.5311e+00 +3.4384e+00 -2.8662e+00 +3.2418e+00 +4.1291e-01 -2.2591e+00 +2.7774e+00 +1.7353e+00 -3.5216e+00
8420 +3.975977620e+02 +3.975977620e+02 +3.507777620e+02 -4.682000000e+01 +1.5644e+00 +2.4456e+00 +3.2215e+00 -2.2081e+00 +3.2418e+00 +6.3608e-01 -2.0965e+00 +2.7774e+00 +1.7353e+00 -3.5216e+00
16962 +2.137071534e+02 +2.137071534e+02 +1.668871534e+02 -4.682000000e+01 -2.9194e-01 -4.0128e-01 +7.7418e-01 -1.5227e+00 +3.2198e+00 +6.1933e-01 -2.1662e+00 +2.8100e+00 +1.7806e+00 -3.5325e+00
18284 +1.568680457e+02 +1.568680457e+02 +1.100480457e+02 -4.682000000e+01 -3.0886e+00 -4.0128e-01 +3.5487e+00 -1.7056e+00 +3.1023e+00 +6.1933e-01 -2.1662e+00 +2.8100e+00 +1.7806e+00 -3.5325e+00
36663 +6.771345967e+01 +6.771345967e+01 +2.089345967e+01 -4.682000000e+01 -2.9194e-01 -3.1254e-01 +3.2468e+00 -2.2948e+00 +3.2571e+00 +6.1933e-01 -2.1662e+00 +2.7646e+00 +1.7764e+00 -3.5325e+00
36836 +4.974565563e+01 +4.974565563e+01 +2.925655629e+00 -4.682000000e+01 -4.6953e-01 +3.2814e-01 +1.8124e+00 -1.9737e+00 +3.3390e+00 +5.5037e-01 -2.1662e+00 +2.7646e+00 +1.7764e+00 -3.5268e+00
38263 +3.834805606e+01 +3.834805606e+01 -8.471943944e+00 -4.682000000e+01 -4.6953e-01 +3.2814e-01 +2.5366e+00 -1.9737e+00 +3.1023e+00 +5.5037e-01 -2.1662e+00 +2.7646e+00 +1.7764e+00 -3.5268e+00
41644 +1.972771937e+01 +1.972771937e+01 -2.709228063e+01 -4.682000000e+01 +3.5813e-01 +3.2814e-01 +2.5366e+00 -2.0251e+00 +3.2198e+00 +5.5037e-01 -2.1662e+00 +2.7843e+00 +1.7764e+00 -3.5268e+00
68542 +1.568914294e+01 +1.568914294e+01 -3.113085706e+01 -4.682000000e+01 +1.7467e+00 +4.1787e-01 +2.4502e+00 -2.0968e+00 +3.2198e+00 +5.9454e-01 -2.1558e+00 +2.7881e+00 +1.7713e+00 -3.5315e+00
83247 +6.871189692e+00 +6.871189692e+00 -3.994881031e+01 -4.682000000e+01 +1.2156e+00 +4.9303e-01 +2.6279e+00 -2.0485e+00 +3.2198e+00 +5.4425e-01 -2.1662e+00 +2.7751e+00 +1.7671e+00 -3.5268e+00
87313 +6.073509930e+00 +6.073509930e+00 -4.074649007e+01 -4.682000000e+01 +7.5369e-01 +4.9303e-01 +2.5822e+00 -2.0485e+00 +3.2198e+00 +5.4425e-01 -2.1662e+00 +2.7786e+00 +1.7671e+00 -3.5268e+00
122190 +1.283230877e+00 +1.283230877e+00 -4.553676912e+01 -4.682000000e+01 +1.1608e+00 +5.0169e-01 +2.5822e+00 -2.0947e+00 +3.2198e+00 +5.6064e-01 -2.1659e+00 +2.7786e+00 +1.7671e+00 -3.5296e+00
161178 +9.647658400e-01 +9.647658400e-01 -4.585523416e+01 -4.682000000e+01 +1.1782e+00 +5.0169e-01 +2.5644e+00 -2.0900e+00 +3.2175e+00 +5.5803e-01 -2.1616e+00 +2.7786e+00 +1.7701e+00 -3.5296e+00
189111 +4.877938398e-01 +4.877938398e-01 -4.633220616e+01 -4.682000000e+01 +1.2989e+00 +4.9303e-01 +2.5767e+00 -2.0644e+00 +3.2116e+00 +5.5965e-01 -2.1635e+00 +2.7783e+00 +1.7702e+00 -3.5290e+00
261020 +1.709631695e-01 +1.709631695e-01 -4.664903683e+01 -4.682000000e+01 +1.1783e+00 +5.0585e-01 +2.5767e+00 -2.0804e+00 +3.2142e+00 +5.5902e-01 -2.1633e+00 +2.7796e+00 +1.7680e+00 -3.5290e+00
391002 +6.449967828e-02 +6.449967828e-02 -4.675550032e+01 -4.682000000e+01 +1.1901e+00 +5.0276e-01 +2.5683e+00 -2.0789e+00 +3.2144e+00 +5.5965e-01 -2.1635e+00 +2.7796e+00 +1.7691e+00 -3.5290e+00
573666 +7.626168461e-04 +7.626168461e-04 -4.681923738e+01 -4.682000000e+01 +1.1864e+00 +5.0300e-01 +2.5694e+00 -2.0808e+00 +3.2146e+00 +5.5902e-01 -2.1633e+00 +2.7791e+00 +1.7688e+00 -3.5288e+00
% function evaluation | noise-free fitness - Fopt (-5.563000000000e+01) | best noise-free fitness - Fopt | measured fitness | best measured fitness | x1 | x2...
1 +2.491248828e+07 +2.491248828e+07 +2.491243265e+07 -5.563000000e+01 -3.0769e+00 -4.1248e-01 -3.9119e+00 +3.9379e+00 -3.0950e+00 +3.2335e+00 -1.1276e-01 +2.9590e+00 +3.3299e+00 +7.8509e-01
186 +3.145781758e+05 +3.145781758e+05 +3.145225458e+05 -5.563000000e+01 -2.2150e+00 -1.6246e+00 -1.7928e+00 -4.9543e+00 +3.5293e+00 +1.0604e+00 -1.2552e+00 -3.4525e+00 -1.0639e+00 -3.3453e+00
543 +1.933244306e+05 +1.933244306e+05 +1.932688006e+05 -5.563000000e+01 -2.5587e+00 -3.2253e+00 +2.8056e+00 +3.8437e+00 +3.7610e+00 +6.6520e-01 -2.3350e+00 -1.3264e+00 +2.4390e-02 -3.8659e+00
907 +1.230928499e+05 +1.230928499e+05 +1.230372199e+05 -5.563000000e+01 -1.8728e+00 +1.9453e+00 +7.6332e-01 +1.8407e+00 -4.1615e+00 -3.4877e+00 -2.3350e+00 -3.0780e+00 -7.9248e-01 -3.5359e+00
1270 +8.802508542e+04 +8.802508542e+04 +8.796945542e+04 -5.563000000e+01 -1.8728e+00 +4.4304e+00 +1.5525e+00 -2.1414e+00 +1.1792e+00 -3.6646e+00 -2.0377e+00 -1.4779e+00 -7.9248e-01 -3.9115e+00
2155 +5.240555462e+04 +5.240555462e+04 +5.234992462e+04 -5.563000000e+01 -4.3462e+00 +3.9443e+00 +2.8056e+00 +4.0571e-01 +3.1348e+00 -4.3580e+00 -1.0086e+00 -3.0780e+00 -7.9248e-01 -3.8030e+00
2879 +3.611350630e+04 +3.611350630e+04 +3.605787630e+04 -5.563000000e+01 -3.0548e+00 +1.9453e+00 +4.8883e+00 -5.9836e-02 +3.6949e+00 -3.4877e+00 -3.2816e-01 -1.5845e+00 -6.5424e-01 -3.8030e+00
3239 +2.429732708e+04 +2.429732708e+04 +2.424169708e+04 -5.563000000e+01 +4.2622e+00 +4.2038e+00 -4.5575e+00 -1.5475e+00 +3.7482e+00 -2.5192e+00 -6.1640e-01 -1.9808e+00 -7.9248e-01 -3.8030e+00
3785 +1.040080314e+04 +1.040080314e+04 +1.034517314e+04 -5.563000000e+01 -1.9905e+00 +3.9443e+00 +2.8056e+00 +4.0571e-01 +3.2093e+00 -2.5192e+00 -6.1640e-01 -1.9881e+00 -5.8611e-01 -3.8030e+00
4163 +8.506724047e+03 +8.506724047e+03 +8.451094047e+03 -5.563000000e+01 -1.9905e+00 +3.9443e+00 -4.5575e+00 -5.9836e-02 +1.8606e+00 -2.7514e+00 -6.1640e-01 -1.9808e+00 -5.8611e-01 -3.8030e+00
4881 +5.870415267e+03 +5.870415267e+03 +5.814785267e+03 -5.563000000e+01 -4.3462e+00 -3.7968e-01 -6.8569e-01 -5.9836e-02 +2.3086e+00 -3.4877e+00 -6.1640e-01 -2.3419e+00 -5.5301e-01 -3.8030e+00
5410 +3.181745726e+03 +3.181745726e+03 +3.126115726e+03 -5.563000000e+01 -1.9905e+00 +3.9443e+00 -4.5575e+00 -5.9836e-02 +3.1348e+00 -3.4877e+00 -6.1640e-01 -2.2282e+00 -5.8611e-01 -3.7538e+00
5586 +2.398871456e+03 +2.398871456e+03 +2.343241456e+03 -5.563000000e+01 -1.1162e+00 -1.5382e+00 -4.7853e+00 +9.0896e-02 +2.3737e+00 -3.4877e+00 -6.1640e-01 -2.2282e+00 -5.8611e-01 -3.7538e+00
6117 +1.446678473e+03 +1.446678473e+03 +1.391048473e+03 -5.563000000e+01 -1.9905e+00 +3.9443e+00 -4.7853e+00 -2.6906e-01 +1.8606e+00 -2.7514e+00 -1.0097e+00 -2.2282e+00 -5.8611e-01 -3.7538e+00
6824 +9.662770081e+02 +9.662770081e+02 +9.106470081e+02 -5.563000000e+01 -1.9905e+00 -3.7968e-01 -2.5761e+00 +1.2296e-01 +1.8606e+00 -3.3335e+00 -1.0086e+00 -2.2282e+00 -5.5301e-01 -3.7538e+00
8231 +6.285053299e+02 +6.285053299e+02 +5.728753299e+02 -5.563000000e+01 +4.2622e+00 -3.7968e-01 -2.5761e+00 +1.2296e-01 +1.8606e+00 -3.2160e+00 -9.3414e-01 -2.2282e+00 -5.5301e-01 -3.7538e+00
14641 +3.814749025e+02 +3.814749025e+02 +3.258449025e+02 -5.563000000e+01 -3.0102e+00 +4.1828e+00 -3.2203e+00 -4.7285e-01 +1.2692e+00 -3.0427e+00 -8.2409e-01 -2.2315e+00 -5.4384e-01 -3.7193e+00
15185 +2.470827303e+02 +2.470827303e+02 +1.914527303e+02 -5.563000000e+01 +2.2111e+00 +1.4191e+00 -5.2860e-01 -3.9860e-01 +1.2692e+00 -3.2391e+00 -8.8534e-01 -2.2315e+00 -5.4045e-01 -3.7294e+00
15742 +1.437638247e+02 +1.437638247e+02 +8.813382469e+01 -5.563000000e+01 +1.2963e+00 +1.4191e+00 -5.2860e-01 -3.9860e-01 +1.2692e+00 -2.9916e+00 -8.8534e-01 -2.2315e+00 -5.4045e-01 -3.7294e+00
15932 +8.867775772e+01 +8.867775772e+01 +3.304775772e+01 -5.563000000e+01 +1.2963e+00 +1.4191e+00 -1.5343e+00 -3.9860e-01 +1.2692e+00 -2.9916e+00 -8.8534e-01 -2.2315e+00 -5.4045e-01 -3.7294e+00
16854 +6.014832266e+01 +6.014832266e+01 +4.518322656e+00 -5.563000000e+01 +1.3280e+00 +1.4191e+00 -2.6909e+00 -3.9860e-01 +1.5146e+00 -3.0427e+00 -8.8534e-01 -2.2315e+00 -5.4045e-01 -3.7294e+00
38921 +3.956738505e+01 +3.956738505e+01 -1.606261495e+01 -5.563000000e+01 +2.2111e+00 +6.3656e-01 -2.5991e+00 -6.2577e-01 +1.4655e+00 -3.0427e+00 -8.8534e-01 -2.2315e+00 -5.4045e-01 -3.7306e+00
45217 +2.081651191e+01 +2.081651191e+01 -3.481348809e+01 -5.563000000e+01 +1.9304e+00 +4.7139e-01 -2.2004e+00 -6.8040e-01 +1.4655e+00 -3.0127e+00 -8.6500e-01 -2.2367e+00 -5.4045e-01 -3.7315e+00
60608 +1.083338426e+01 +1.083338426e+01 -4.479661574e+01 -5.563000000e+01 +2.0216e+00 +6.3656e-01 -2.4179e+00 -6.1847e-01 +1.4512e+00 -3.0274e+00 -8.8534e-01 -2.2400e+00 -5.4045e-01 -3.7359e+00
64216 +5.788245462e+00 +5.788245462e+00 -4.984175454e+01 -5.563000000e+01 +1.9304e+00 +4.8397e-01 -2.3849e+00 -6.1847e-01 +1.4512e+00 -3.0251e+00 -8.6137e-01 -2.2400e+00 -5.4045e-01 -3.7359e+00
98599 +9.612266378e-01 +9.612266378e-01 -5.466877336e+01 -5.563000000e+01 +1.8402e+00 +4.8135e-01 -2.4114e+00 -6.8654e-01 +1.4512e+00 -3.0212e+00 -8.6137e-01 -2.2400e+00 -5.4359e-01 -3.7359e+00
102182 +6.157456649e-01 +6.157456649e-01 -5.501425434e+01 -5.563000000e+01 +1.8402e+00 +4.3008e-01 -2.4114e+00 -6.8654e-01 +1.4512e+00 -3.0212e+00 -8.6137e-01 -2.2400e+00 -5.4496e-01 -3.7359e+00
274643 +9.309816908e-02 +9.309816908e-02 -5.553690183e+01 -5.563000000e+01 +1.8697e+00 +4.2540e-01 -2.3991e+00 -6.6777e-01 +1.4576e+00 -3.0187e+00 -8.6217e-01 -2.2400e+00 -5.4496e-01 -3.7354e+00
649398 +5.218701319e-02 +5.218701319e-02 -5.557781299e+01 -5.563000000e+01 +1.8695e+00 +4.2111e-01 -2.4003e+00 -6.7071e-01 +1.4606e+00 -3.0187e+00 -8.6339e-01 -2.2389e+00 -5.4474e-01 -3.7354e+00
% function evaluation | noise-free fitness - Fopt (3.460000000000e+01) | best noise-free fitness - Fopt | measured fitness | best measured fitness | x1 | x2...
1 +4.728395931e+07 +4.728395931e+07 +4.728399391e+07 +3.460000000e+01 -5.1163e-01 +1.9561e-01 -2.3734e-01 +3.3842e+00 +3.4282e+00 +1.1869e-01 +4.2880e+00 -2.7471e+00 -2.7845e+00 +3.2108e+00
191 +2.209164660e+05 +2.209164660e+05 +2.209510660e+05 +3.460000000e+01 -1.3675e+00 +3.3940e+00 -4.9013e+00 -4.8578e+00 -2.9244e+00 -3.2476e+00 -1.8296e+00 +8.6586e-01 -2.1988e+00 -3.4433e+00
1150 +1.214205927e+05 +1.214205927e+05 +1.214551927e+05 +3.460000000e+01 -1.8373e+00 -8.4606e-01 -2.8028e+00 -3.0895e+00 +3.1585e+00 -1.2923e+00 -3.7286e+00 +2.4878e+00 -2.1890e+00 -3.2421e+00
1341 +9.046772158e+04 +9.046772158e+04 +9.050232158e+04 +3.460000000e+01 +6.2628e-01 +2.9929e+00 -2.8028e+00 +4.1929e-01 -4.7080e+00 -2.2798e+00 -4.8466e+00 +2.4878e+00 -2.9902e+00 -3.4781e+00
1916 +4.468857123e+04 +4.468857123e+04 +4.472317123e+04 +3.460000000e+01 +4.7511e+00 -3.3687e+00 -1.6667e+00 -9.6277e-01 -1.0896e+00 -2.2193e+00 -3.1562e+00 +2.4878e+00 -2.9902e+00 -3.4781e+00
2110 +3.684599364e+04 +3.684599364e+04 +3.688059364e+04 +3.460000000e+01 +6.2628e-01 +1.9968e+00 -2.3967e+00 -1.9056e+00 -2.7667e-01 -1.2923e+00 -3.7286e+00 +2.4878e+00 -2.9902e+00 -3.2185e+00
2497 +2.374154703e+04 +2.374154703e+04 +2.377614703e+04 +3.460000000e+01 -1.3675e+00 -3.3687e+00 -4.9013e+00 -1.1731e+00 -2.0363e+00 -3.2476e+00 -1.8296e+00 +2.4852e+00 -2.8152e+00 -3.2421e+00
3660 +1.201657806e+04 +1.201657806e+04 +1.205117806e+04 +3.460000000e+01 +4.5720e+00 -4.9208e+00 -1.0269e+00 +2.1049e+00 -2.9244e+00 -2.2193e+00 -3.3148e+00 +2.4878e+00 -2.8360e+00 -3.2713e+00
4043 +9.675485073e+03 +9.675485073e+03 +9.710085073e+03 +3.460000000e+01 -4.5181e-01 -8.4606e-01 -2.8028e+00 -3.5925e+00 -2.0363e+00 -1.5545e+00 -2.6450e+00 +2.4878e+00 -2.8360e+00 -3.3825e+00
4619 +6.207796433e+03 +6.207796433e+03 +6.242396433e+03 +3.460000000e+01 -1.8654e-01 -1.3590e+00 -2.9197e+00 -3.5925e+00 -1.0896e+00 -1.5545e+00 -2.6450e+00 +2.1293e+00 -2.8360e+00 -3.2693e+00
4996 +3.890896748e+03 +3.890896748e+03 +3.925496748e+03 +3.460000000e+01 -1.3675e+00 -1.1371e+00 -1.6667e+00 +1.4304e+00 -1.0896e+00 -1.5545e+00 -2.6450e+00 +2.2382e+00 -2.8360e+00 -3.2713e+00
5572 +1.050275923e+03 +1.050275923e+03 +1.084875923e+03 +3.460000000e+01 -1.3675e+00 -3.3687e+00 -1.7102e+00 +4.1929e-01 -2.1036e+00 -1.2923e+00 -2.6450e+00 +2.2382e+00 -2.8360e+00 -3.3142e+00
5761 +9.635105775e+02 +9.635105775e+02 +9.981105775e+02 +3.460000000e+01 -1.3675e+00 +3.3940e+00 -1.7102e+00 +3.8733e-01 -2.1036e+00 -1.2923e+00 -2.6450e+00 +2.2382e+00 -2.8360e+00 -3.3142e+00
7093 +5.916309220e+02 +5.916309220e+02 +6.262309220e+02 +3.460000000e+01 +4.2916e+00 -1.1441e+00 -1.7102e+00 +4.1929e-01 -1.6641e+00 -1.1600e+00 -2.6450e+00 +2.2363e+00 -2.7587e+00 -3.3142e+00
7863 +3.816957137e+02 +3.816957137e+02 +4.162957137e+02 +3.460000000e+01 +5.4964e+00 -1.1441e+00 -2.8028e+00 +3.8733e-01 -1.6641e+00 -1.7083e+00 -2.6450e+00 +2.2256e+00 -2.7587e+00 -3.3142e+00
9395 +2.501591880e+02 +2.501591880e+02 +2.847591880e+02 +3.460000000e+01 +4.9019e+00 +1.6488e+00 -1.7102e+00 +4.1929e-01 -1.6641e+00 -1.5545e+00 -2.7835e+00 +2.2382e+00 -2.7587e+00 -3.3142e+00
18118 +1.279369933e+02 +1.279369933e+02 +1.625369933e+02 +3.460000000e+01 +1.8405e+00 +2.7425e+00 -1.1328e+00 +4.2065e-01 -1.8257e+00 -1.5556e+00 -2.8148e+00 +2.2320e+00 -2.7894e+00 -3.3164e+00
27322 +9.566167476e+01 +9.566167476e+01 +1.302616748e+02 +3.460000000e+01 +2.2675e+00 +4.6263e-03 -5.6191e-01 +5.0948e-01 -1.8460e+00 -1.5295e+00 -2.7273e+00 +2.1883e+00 -2.7803e+00 -3.3166e+00
30660 +5.567423378e+01 +5.567423378e+01 +9.027423378e+01 +3.460000000e+01 +1.8405e+00 +1.8687e+00 -1.4503e+00 +4.2065e-01 -1.8257e+00 -1.5556e+00 -2.6987e+00 +2.2320e+00 -2.7894e+00 -3.3164e+00
31952 +3.963698604e+01 +3.963698604e+01 +7.423698604e+01 +3.460000000e+01 +2.3631e+00 +1.8687e+00 -1.8550e+00 +7.5649e-01 -1.7668e+00 -1.5556e+00 -2.7332e+00 +2.2320e+00 -2.7894e+00 -3.3164e+00
46171 +9.190216436e+00 +9.190216436e+00 +4.379021644e+01 +3.460000000e+01 +3.3761e+00 +1.3953e+00 -1.7184e+00 +6.8170e-01 -1.7606e+00 -1.5545e+00 -2.7291e+00 +2.2077e+00 -2.7853e+00 -3.3221e+00
82813 +4.596510057e+00 +4.596510057e+00 +3.919651006e+01 +3.460000000e+01 +2.5500e+00 +1.4118e+00 -1.7616e+00 +6.7231e-01 -1.8027e+00 -1.5373e+00 -2.7273e+00 +2.2044e+00 -2.7803e+00 -3.3199e+00
83350 +2.650525133e+00 +2.650525133e+00 +3.725052513e+01 +3.460000000e+01 +2.5500e+00 +1.4618e+00 -1.7606e+00 +6.7231e-01 -1.8016e+00 -1.5373e+00 -2.7273e+00 +2.2194e+00 -2.7803e+00 -3.3199e+00
119086 +2.346273487e+00 +2.346273487e+00 +3.694627349e+01 +3.460000000e+01 +2.5500e+00 +1.4554e+00 -1.7706e+00 +6.7231e-01 -1.7998e+00 -1.5373e+00 -2.7273e+00 +2.2194e+00 -2.7805e+00 -3.3199e+00
140721 +6.646993584e-01 +6.646993584e-01 +3.526469936e+01 +3.460000000e+01 +2.5500e+00 +1.4618e+00 -1.7616e+00 +6.7029e-01 -1.7998e+00 -1.5413e+00 -2.7273e+00 +2.2105e+00 -2.7815e+00 -3.3199e+00
172214 +6.015201162e-01 +6.015201162e-01 +3.520152012e+01 +3.460000000e+01 +2.5500e+00 +1.4618e+00 -1.7616e+00 +6.7029e-01 -1.7998e+00 -1.5413e+00 -2.7273e+00 +2.2105e+00 -2.7831e+00 -3.3199e+00
207609 +2.061671195e-01 +2.061671195e-01 +3.480616712e+01 +3.460000000e+01 +2.5568e+00 +1.4536e+00 -1.7616e+00 +6.7029e-01 -1.7998e+00 -1.5413e+00 -2.7273e+00 +2.2150e+00 -2.7831e+00 -3.3199e+00
252567 +1.439002831e-01 +1.439002831e-01 +3.474390028e+01 +3.460000000e+01 +2.5500e+00 +1.4618e+00 -1.7648e+00 +6.6777e-01 -1.7964e+00 -1.5388e+00 -2.7273e+00 +2.2152e+00 -2.7828e+00 -3.3199e+00
309448 +9.975647554e-02 +9.975647554e-02 +3.469975648e+01 +3.460000000e+01 +2.5531e+00 +1.4577e+00 -1.7676e+00 +6.6450e-01 -1.7998e+00 -1.5413e+00 -2.7273e+00 +2.2149e+00 -2.7825e+00 -3.3199e+00
414665 +6.266497538e-02 +6.266497538e-02 +3.466266498e+01 +3.460000000e+01 +2.5541e+00 +1.4573e+00 -1.7670e+00 +6.6685e-01 -1.7964e+00 -1.5402e+00 -2.7273e+00 +2.2142e+00 -2.7828e+00 -3.3199e+00
432367 +2.434093533e-02 +2.434093533e-02 +3.462434094e+01 +3.460000000e+01 +2.5532e+00 +1.4577e+00 -1.7672e+00 +6.6665e-01 -1.7976e+00 -1.5413e+00 -2.7273e+00 +2.2139e+00 -2.7825e+00 -3.3199e+00
933900 +7.701443206e-03 +7.701443206e-03 +3.460770144e+01 +3.460000000e+01 +2.5533e+00 +1.4568e+00 -1.7672e+00 +6.6685e-01 -1.7966e+00 -1.5400e+00 -2.7273e+00 +2.2136e+00 -2.7825e+00 -3.3199e+00
% function evaluation | noise-free fitness - Fopt (8.816000000000e+01) | best noise-free fitness - Fopt | measured fitness | best measured fitness | x1 | x2...
1 +2.145942253e+07 +2.145942253e+07 +2.145951069e+07 +8.816000000e+01 -3.2789e+00 -4.4932e+00 +8.4270e-02 -4.7670e-01 -1.1871e+00 -3.5021e+00 +3.5885e-01 -4.0255e+00 +1.9652e+00 -2.5755e+00
191 +7.802084933e+05 +7.802084933e+05 +7.802966533e+05 +8.816000000e+01 -1.9974e+00 -2.6951e+00 +2.1297e+00 -4.7419e+00 +4.8051e+00 -3.7633e+00 -1.8503e+00 +3.2205e+00 -7.2700e-01 +1.5864e+00
380 +5.473671098e+05 +5.473671098e+05 +5.474552698e+05 +8.816000000e+01 -1.9974e+00 -2.6951e+00 +2.1297e+00 -4.7419e+00 +4.8051e+00 +4.7477e+00 +2.7179e+00 +3.2205e+00 -7.2700e-01 +1.5864e+00
570 +1.429166264e+05 +1.429166264e+05 +1.430047864e+05 +8.816000000e+01 +4.8693e+00 +4.3575e+00 +1.8796e+00 -1.0933e+00 -1.5685e+00 -1.6829e+00 +1.9216e+00 +2.6390e+00 +7.9017e-01 +1.9471e+00
938 +9.888787646e+04 +9.888787646e+04 +9.897603646e+04 +8.816000000e+01 +4.7975e+00 -1.9924e+00 +1.6460e+00 -1.0933e+00 -1.5685e+00 -1.6829e+00 +2.7179e+00 +2.6390e+00 +4.7909e-01 +1.9064e+00
1500 +5.902609770e+04 +5.902609770e+04 +5.911425770e+04 +8.816000000e+01 -1.9974e+00 -1.0057e+00 -2.1551e+00 +1.0283e+00 -4.3271e+00 +1.0554e+00 +3.4629e+00 +1.9438e+00 -1.3512e-02 +1.9064e+00
1693 +3.438051684e+04 +3.438051684e+04 +3.446867684e+04 +8.816000000e+01 +2.7479e+00 -1.0057e+00 +4.8369e+00 +4.0044e+00 +1.7143e+00 -2.4311e-01 +3.4629e+00 +1.4861e+00 +4.7909e-01 +1.7212e+00
1885 +2.192915634e+04 +2.192915634e+04 +2.201731634e+04 +8.816000000e+01 +4.7975e+00 -1.9924e+00 +1.6460e+00 -1.0933e+00 -9.2922e-01 +1.5197e+00 +3.4629e+00 +1.9438e+00 +4.7909e-01 +1.9064e+00
2269 +1.200757168e+04 +1.200757168e+04 +1.209573168e+04 +8.816000000e+01 +5.8236e+00 +6.1046e-01 -1.0093e-01 +3.7992e+00 +1.7143e+00 +1.5787e+00 +3.4629e+00 +1.4861e+00 +4.7909e-01 +1.9064e+00
2457 +9.389449628e+03 +9.389449628e+03 +9.477609628e+03 +8.816000000e+01 +5.8236e+00 +6.1046e-01 -1.0093e-01 +3.7992e+00 -2.1129e+00 +1.5787e+00 +3.4629e+00 +1.4861e+00 +4.7909e-01 +1.9064e+00
2643 +6.231249831e+03 +6.231249831e+03 +6.319409831e+03 +8.816000000e+01 -1.9974e+00 -5.2524e-01 -1.1694e+00 +1.4080e-01 -6.7853e-01 +9.2386e-01 +2.6863e+00 +1.4861e+00 +4.7909e-01 +1.9064e+00
3779 +3.614846629e+03 +3.614846629e+03 +3.703006629e+03 +8.816000000e+01 +4.7975e+00 -1.9924e+00 -7.7413e-01 +3.4893e+00 -2.1129e+00 +1.0554e+00 +2.7179e+00 +1.4861e+00 +3.9398e-01 +1.9064e+00
4337 +1.147011173e+03 +1.147011173e+03 +1.235171173e+03 +8.816000000e+01 +3.4217e+00 -6.4432e-01 +4.6180e+00 +3.1372e+00 -6.7853e-01 +9.2386e-01 +2.6863e+00 +1.4861e+00 +3.9398e-01 +1.8639e+00
5109 +5.593457282e+02 +5.593457282e+02 +6.475057282e+02 +8.816000000e+01 +3.5325e+00 +1.5029e+00 -4.1939e-01 +3.4893e+00 -1.1137e+00 +9.2386e-01 +3.0173e+00 +1.4861e+00 +3.9398e-01 +1.8473e+00
5481 +2.791563360e+02 +2.791563360e+02 +3.673163360e+02 +8.816000000e+01 +3.5325e+00 +1.5029e+00 +1.8123e+00 +3.7992e+00 -6.7853e-01 +9.2386e-01 +3.0173e+00 +1.4861e+00 +3.9398e-01 +1.8639e+00
5857 +2.033300970e+02 +2.033300970e+02 +2.914900970e+02 +8.816000000e+01 +3.4217e+00 +1.2316e+00 -1.0093e-01 +3.7992e+00 -8.1567e-01 +9.2386e-01 +2.9916e+00 +1.4861e+00 +3.9398e-01 +1.8639e+00
6611 +1.476889364e+02 +1.476889364e+02 +2.358489364e+02 +8.816000000e+01 -9.6720e-01 +1.9733e+00 +5.1977e-01 +3.8068e+00 -6.7853e-01 +7.8195e-01 +2.9916e+00 +1.4861e+00 +3.9398e-01 +1.8639e+00
8300 +9.339147588e+01 +9.339147588e+01 +1.815514759e+02 +8.816000000e+01 -1.9974e+00 +4.7305e+00 +1.4653e+00 +3.8068e+00 -8.1567e-01 +7.5277e-01 +2.9375e+00 +1.4861e+00 +3.9398e-01 +1.8639e+00
41436 +5.628068494e+01 +5.628068494e+01 +1.444406849e+02 +8.816000000e+01 +2.3516e+00 +1.4711e+00 +6.1598e-01 +3.4478e+00 -8.8682e-01 +7.7207e-01 +2.9336e+00 +1.4437e+00 +3.9144e-01 +1.8634e+00
43286 +3.799261474e+01 +3.799261474e+01 +1.261526147e+02 +8.816000000e+01 +2.3516e+00 +2.2782e+00 +6.5701e-01 +3.7303e+00 -8.8682e-01 +7.7207e-01 +2.9229e+00 +1.4437e+00 +3.9144e-01 +1.8634e+00
45114 +2.457220034e+01 +2.457220034e+01 +1.127322003e+02 +8.816000000e+01 +1.6782e+00 +3.0064e+00 +6.5701e-01 +3.7303e+00 -8.8682e-01 +7.7207e-01 +2.9229e+00 +1.4437e+00 +3.9144e-01 +1.8634e+00
61129 +1.465647416e+01 +1.465647416e+01 +1.028164742e+02 +8.816000000e+01 -2.1236e-03 +3.8801e+00 +9.1933e-01 +3.7648e+00 -8.8682e-01 +7.7207e-01 +2.9229e+00 +1.4546e+00 +3.9144e-01 +1.8634e+00
85097 +9.601025479e+00 +9.601025479e+00 +9.776102548e+01 +8.816000000e+01 -5.0902e-01 +3.8340e+00 +7.8483e-01 +3.6946e+00 -8.8682e-01 +7.7207e-01 +2.9229e+00 +1.4437e+00 +3.7931e-01 +1.8634e+00
94747 +1.541485562e+00 +1.541485562e+00 +8.970148556e+01 +8.816000000e+01 -5.1761e-01 +3.8472e+00 +8.1016e-01 +3.7026e+00 -8.8682e-01 +7.9916e-01 +2.9229e+00 +1.4546e+00 +3.8597e-01 +1.8634e+00
129683 +9.969333835e-01 +9.969333835e-01 +8.915693338e+01 +8.816000000e+01 -5.1761e-01 +3.8430e+00 +7.9628e-01 +3.7012e+00 -8.8682e-01 +7.9916e-01 +2.9247e+00 +1.4516e+00 +3.8592e-01 +1.8631e+00
132398 +4.293964757e-01 +4.293964757e-01 +8.858939648e+01 +8.816000000e+01 -5.1761e-01 +3.8430e+00 +8.1016e-01 +3.7012e+00 -8.8682e-01 +7.9916e-01 +2.9247e+00 +1.4516e+00 +3.8289e-01 +1.8634e+00
252353 +9.495213958e-02 +9.495213958e-02 +8.825495214e+01 +8.816000000e+01 -5.1385e-01 +3.8478e+00 +7.8148e-01 +3.7018e+00 -8.9147e-01 +7.9505e-01 +2.9253e+00 +1.4525e+00 +3.8369e-01 +1.8634e+00
320870 +4.062269418e-02 +4.062269418e-02 +8.820062269e+01 +8.816000000e+01 -5.1385e-01 +3.8426e+00 +7.8148e-01 +3.6981e+00 -8.9147e-01 +7.9505e-01 +2.9253e+00 +1.4525e+00 +3.8375e-01 +1.8631e+00
329804 +3.972715268e-02 +3.972715268e-02 +8.819972715e+01 +8.816000000e+01 -5.1385e-01 +3.8430e+00 +7.8148e-01 +3.6981e+00 -8.9147e-01 +7.9433e-01 +2.9253e+00 +1.4525e+00 +3.8375e-01 +1.8631e+00
424607 +2.287891124e-02 +2.287891124e-02 +8.818287891e+01 +8.816000000e+01 -5.1378e-01 +3.8432e+00 +7.7890e-01 +3.6981e+00 -8.9363e-01 +7.9509e-01 +2.9267e+00 +1.4516e+00 +3.8375e-01 +1.8631e+00
518440 +6.585880315e-03 +6.585880315e-03 +8.816658588e+01 +8.816000000e+01 -5.1385e-01 +3.8430e+00 +7.7922e-01 +3.6992e+00 -8.9229e-01 +7.9436e-01 +2.9264e+00 +1.4517e+00 +3.8400e-01 +1.8631e+00
518989 +5.919213288e-03 +5.919213288e-03 +8.816591921e+01 +8.816000000e+01 -5.1327e-01 +3.8430e+00 +7.7922e-01 +3.6992e+00 -8.9229e-01 +7.9433e-01 +2.9264e+00 +1.4517e+00 +3.8400e-01 +1.8632e+00
% function evaluation | noise-free fitness - Fopt (-1.866200000000e+02) | best noise-free fitness - Fopt | measured fitness | best measured fitness | x1 | x2...
1 +1.351739679e+07 +1.351739679e+07 +1.351721017e+07 -1.866200000e+02 -1.5888e+00 +2.6859e+00 +2.5305e+00 +3.5279e+00 +3.7298e-01 -4.0573e-02 -3.0242e+00 -1.6191e+00 +3.3135e+00 -2.4310e+00
189 +8.271990626e+04 +8.271990626e+04 +8.253328626e+04 -1.866200000e+02 -4.4570e-01 -1.1825e+00 +8.3687e-01 +4.3343e+00 -3.4087e+00 +2.4235e-01 -2.2676e+00 +6.7150e-01 -1.7569e+00 +5.5966e-01
564 +3.849459601e+04 +3.849459601e+04 +3.830797601e+04 -1.866200000e+02 -3.1919e+00 -1.1825e+00 +4.8370e+00 -2.0238e+00 -3.6476e+00 +2.2706e-01 -2.2676e+00 +5.6989e-01 -1.7569e+00 +3.7525e-01
944 +2.311564218e+04 +2.311564218e+04 +2.292902218e+04 -1.866200000e+02 -4.9496e+00 +1.3370e+00 +2.2000e+00 -1.7968e+00 -3.4315e+00 +2.4235e-01 -2.2676e+00 +6.7150e-01 -1.9958e+00 +3.4996e-01
2263 +1.164402559e+04 +1.164402559e+04 +1.145740559e+04 -1.866200000e+02 -2.2846e+00 -1.1825e+00 +8.3687e-01 +4.1668e+00 -4.0839e-01 +2.4235e-01 -2.2676e+00 +1.2426e+00 -1.9958e+00 +3.7525e-01
2450 +7.214571376e+03 +7.214571376e+03 +7.027951376e+03 -1.866200000e+02 -2.2846e+00 -1.1825e+00 +4.8370e+00 +4.7132e-01 -4.0839e-01 +2.4235e-01 -2.2676e+00 +1.2426e+00 -1.9958e+00 +3.7525e-01
2639 +6.262403408e+03 +6.262403408e+03 +6.075783408e+03 -1.866200000e+02 -3.1919e+00 +4.0696e+00 +3.2244e+00 -1.6923e+00 -4.0839e-01 +2.4235e-01 -2.2676e+00 +1.2426e+00 -1.9958e+00 +3.7525e-01
2823 +3.323783685e+03 +3.323783685e+03 +3.137163685e+03 -1.866200000e+02 -5.4106e-01 +4.1743e+00 -1.1750e+00 -1.0111e+00 -1.4358e+00 +2.2706e-01 -2.8712e+00 +1.1886e+00 -1.9958e+00 +3.7525e-01
3209 +2.371008876e+03 +2.371008876e+03 +2.184388876e+03 -1.866200000e+02 -2.2846e+00 +4.8435e+00 -1.1750e+00 -2.2048e+00 +1.8554e+00 +3.1998e-01 -2.8712e+00 +1.1886e+00 -1.9958e+00 +3.7525e-01
3591 +1.472153355e+03 +1.472153355e+03 +1.285533355e+03 -1.866200000e+02 -3.1919e+00 +7.0008e-01 +1.0610e+00 -1.7968e+00 -4.0839e-01 +2.4235e-01 -2.8712e+00 +1.2426e+00 -1.9958e+00 +3.7525e-01
3974 +8.825307592e+02 +8.825307592e+02 +6.959107592e+02 -1.866200000e+02 -3.1919e+00 +7.0008e-01 +1.0610e+00 -2.2101e+00 -4.0839e-01 +2.4235e-01 -2.8712e+00 +1.2426e+00 -1.9958e+00 +3.4996e-01
5109 +5.622113388e+02 +5.622113388e+02 +3.755913388e+02 -1.866200000e+02 -2.2846e+00 -1.1825e+00 +1.4046e+00 -2.2101e+00 +3.0710e-01 +2.4235e-01 -2.8712e+00 +1.2426e+00 -1.9958e+00 +3.4996e-01
5492 +3.803540644e+02 +3.803540644e+02 +1.937340644e+02 -1.866200000e+02 -2.2846e+00 -1.1825e+00 +3.1464e+00 -2.3561e+00 +8.8074e-02 +2.4235e-01 -2.8712e+00 +1.1886e+00 -1.9958e+00 +3.4996e-01
6446 +2.041888598e+02 +2.041888598e+02 +1.756885980e+01 -1.866200000e+02 +1.4549e+00 -1.1825e+00 +2.6366e+00 -2.2101e+00 +2.4009e-01 +2.9301e-04 -2.8712e+00 +1.1886e+00 -1.9958e+00 +3.4996e-01
7020 +1.500157504e+02 +1.500157504e+02 -3.660424965e+01 -1.866200000e+02 -3.1919e+00 -1.4433e+00 +1.3674e+00 -3.0235e+00 +3.5299e-01 +2.9301e-04 -2.8712e+00 +1.1886e+00 -1.9958e+00 +3.4996e-01
8915 +9.730436375e+01 +9.730436375e+01 -8.931563625e+01 -1.866200000e+02 +1.4252e+00 -1.4433e+00 +2.8213e+00 -3.0186e+00 +2.4009e-01 +2.9301e-04 -2.8712e+00 +1.1886e+00 -1.9732e+00 +3.4996e-01
47774 +6.153551155e+01 +6.153551155e+01 -1.250844884e+02 -1.866200000e+02 +1.4549e+00 -1.4433e+00 +1.9594e+00 -3.0186e+00 +3.9573e-01 +2.9301e-04 -2.8712e+00 +1.1886e+00 -1.9732e+00 +3.5238e-01
49951 +3.875968873e+01 +3.875968873e+01 -1.478603113e+02 -1.866200000e+02 +1.4252e+00 -2.0514e+00 +1.9594e+00 -3.0186e+00 +3.3110e-01 +2.9301e-04 -2.8712e+00 +1.1469e+00 -1.9759e+00 +3.5238e-01
51387 +1.767102782e+01 +1.767102782e+01 -1.689489722e+02 -1.866200000e+02 +1.4252e+00 -1.7330e+00 +2.4011e+00 -3.0235e+00 +3.9573e-01 +2.9301e-04 -2.9132e+00 +1.1590e+00 -1.9759e+00 +3.5291e-01
51731 +1.497520137e+01 +1.497520137e+01 -1.716447986e+02 -1.866200000e+02 +1.4252e+00 -2.0598e+00 +2.4011e+00 -3.0235e+00 +3.9573e-01 +2.9301e-04 -2.9132e+00 +1.1590e+00 -1.9759e+00 +3.5291e-01
54052 +9.775071163e+00 +9.775071163e+00 -1.768449288e+02 -1.866200000e+02 +1.4549e+00 -2.7091e+00 +2.1156e+00 -3.0186e+00 +3.9573e-01 +2.9301e-04 -2.8969e+00 +1.1590e+00 -1.9759e+00 +3.5291e-01
55300 +3.790327640e+00 +3.790327640e+00 -1.828296724e+02 -1.866200000e+02 +1.4252e+00 -3.0147e+00 +2.2210e+00 -3.1231e+00 +3.9573e-01 +2.9301e-04 -2.8969e+00 +1.1590e+00 -1.9824e+00 +3.5291e-01
89251 +1.766254055e+00 +1.766254055e+00 -1.848537459e+02 -1.866200000e+02 +2.0456e+00 -2.7346e+00 +2.1373e+00 -3.1385e+00 +3.9573e-01 -9.9342e-03 -2.8969e+00 +1.1692e+00 -1.9824e+00 +3.5291e-01
90152 +1.563593080e+00 +1.563593080e+00 -1.850564069e+02 -1.866200000e+02 +1.6740e+00 -2.7689e+00 +2.1373e+00 -3.1231e+00 +3.9573e-01 +2.9301e-04 -2.8969e+00 +1.1634e+00 -1.9824e+00 +3.5291e-01
158426 +6.998982354e-01 +6.998982354e-01 -1.859201018e+02 -1.866200000e+02 +2.0456e+00 -2.7512e+00 +2.1557e+00 -3.1385e+00 +3.9573e-01 +2.9301e-04 -2.8994e+00 +1.1637e+00 -1.9809e+00 +3.5291e-01
163775 +5.672165460e-01 +5.672165460e-01 -1.860527835e+02 -1.866200000e+02 +2.0456e+00 -2.7512e+00 +2.1557e+00 -3.1385e+00 +3.9395e-01 -3.1091e-03 -2.8994e+00 +1.1669e+00 -1.9809e+00 +3.5291e-01
195027 +2.285357302e-01 +2.285357302e-01 -1.863914643e+02 -1.866200000e+02 +2.0452e+00 -2.7511e+00 +2.1560e+00 -3.1336e+00 +3.9313e-01 -7.8926e-03 -2.8999e+00 +1.1637e+00 -1.9809e+00 +3.5387e-01
297981 +8.122267457e-02 +8.122267457e-02 -1.865387773e+02 -1.866200000e+02 +2.0452e+00 -2.7511e+00 +2.1560e+00 -3.1336e+00 +3.9313e-01 -5.8887e-03 -2.8999e+00 +1.1662e+00 -1.9809e+00 +3.5387e-01
588129 +5.154501563e-02 +5.154501563e-02 -1.865684550e+02 -1.866200000e+02 +2.0456e+00 -2.7512e+00 +2.1560e+00 -3.1340e+00 +3.9395e-01 -5.8887e-03 -2.8999e+00 +1.1661e+00 -1.9809e+00 +3.5378e-01
635229 +1.815683871e-02 +1.815683871e-02 -1.866018432e+02 -1.866200000e+02 +2.0456e+00 -2.7515e+00 +2.1560e+00 -3.1340e+00 +3.9395e-01 -5.8397e-03 -2.9001e+00 +1.1661e+00 -1.9809e+00 +3.5366e-01
