% function evaluation | noise-free fitness - Fopt (7.948000000000e+01) | best noise-free fitness - Fopt | measured fitness | best measured fitness | x1 | x2...
1 +4.559804231e+01 +4.559804231e+01 +1.250780423e+02 +7.948000000e+01 +6.5776e-01 +5.6400e-01 -2.9760e+00 -4.0676e+00 -1.4668e+00
200 +3.725728024e+00 +3.725728024e+00 +8.320572802e+01 +7.948000000e+01 +3.0820e-01 +6.1453e-01 -1.1251e+00 +2.3397e+00 -3.1841e+00
300 +8.302291863e-01 +8.302291863e-01 +8.031022919e+01 +7.948000000e+01 -2.3941e-01 -1.1028e+00 -1.1251e+00 +2.3397e+00 -3.1841e+00
400 +2.972044922e-01 +2.972044922e-01 +7.977720449e+01 +7.948000000e+01 +3.5363e-02 -1.1028e+00 -8.0060e-01 +2.2032e+00 -2.2752e+00
500 +2.173344890e-01 +2.173344890e-01 +7.969733449e+01 +7.948000000e+01 +3.5363e-02 -1.1028e+00 -7.7406e-01 +1.9167e+00 -2.2752e+00
700 +6.213226280e-02 +6.213226280e-02 +7.954213226e+01 +7.948000000e+01 +3.5363e-02 -1.1028e+00 -7.7406e-01 +1.9167e+00 -2.7774e+00
800 +2.261402078e-02 +2.261402078e-02 +7.950261402e+01 +7.948000000e+01 +3.4090e-01 -1.1028e+00 -7.7406e-01 +1.9167e+00 -2.7774e+00
1400 +1.349908707e-02 +1.349908707e-02 +7.949349909e+01 +7.948000000e+01 +2.9529e-01 -1.1028e+00 -7.7406e-01 +1.9167e+00 -2.7594e+00
1600 +7.325915106e-03 +7.325915106e-03 +7.948732592e+01 +7.948000000e+01 +2.9529e-01 -1.1028e+00 -7.7406e-01 +1.9167e+00 -2.6820e+00
1700 +5.036666485e-03 +5.036666485e-03 +7.948503667e+01 +7.948000000e+01 +2.9529e-01 -1.1317e+00 -7.7406e-01 +1.9167e+00 -2.6820e+00
2100 +3.309960270e-03 +3.309960270e-03 +7.948330996e+01 +7.948000000e+01 +2.9529e-01 -1.1317e+00 -7.5339e-01 +1.9294e+00 -2.6820e+00
2599 +1.577143155e-03 +1.577143155e-03 +7.948157714e+01 +7.948000000e+01 +2.6129e-01 -1.1317e+00 -7.5339e-01 +1.9294e+00 -2.6820e+00
4996 +9.235073461e-04 +9.235073461e-04 +7.948092351e+01 +7.948000000e+01 +2.4614e-01 -1.1543e+00 -7.5339e-01 +1.9294e+00 -2.6804e+00
13160 +4.184867325e-04 +4.184867325e-04 +7.948041849e+01 +7.948000000e+01 +2.4614e-01 -1.1543e+00 -7.0505e-01 +1.9294e+00 -2.6804e+00
19406 +2.232375322e-04 +2.232375322e-04 +7.948022324e+01 +7.948000000e+01 +2.4614e-01 -1.1626e+00 -7.3569e-01 +1.9294e+00 -2.6804e+00
21938 +1.522688909e-04 +1.522688909e-04 +7.948015227e+01 +7.948000000e+01 +2.5544e-01 -1.1595e+00 -7.3569e-01 +1.9253e+00 -2.6804e+00
28620 +8.909391046e-05 +8.909391046e-05 +7.948008909e+01 +7.948000000e+01 +2.4614e-01 -1.1543e+00 -7.2944e-01 +1.9294e+00 -2.6804e+00
33958 +2.775406725e-05 +2.775406725e-05 +7.948002775e+01 +7.948000000e+01 +2.5544e-01 -1.1595e+00 -7.2747e-01 +1.9253e+00 -2.6804e+00
35970 +1.611497549e-05 +1.611497549e-05 +7.948001611e+01 +7.948000000e+01 +2.5544e-01 -1.1595e+00 -7.2336e-01 +1.9253e+00 -2.6804e+00
61497 +1.478814222e-05 +1.478814222e-05 +7.948001479e+01 +7.948000000e+01 +2.5544e-01 -1.1543e+00 -7.2336e-01 +1.9253e+00 -2.6804e+00
67308 +8.140195746e-06 +8.140195746e-06 +7.948000814e+01 +7.948000000e+01 +2.5339e-01 -1.1543e+00 -7.2336e-01 +1.9253e+00 -2.6804e+00
70907 +2.678284233e-06 +2.678284233e-06 +7.948000268e+01 +7.948000000e+01 +2.5339e-01 -1.1576e+00 -7.2336e-01 +1.9253e+00 -2.6804e+00
117197 +1.950584647e-06 +1.950584647e-06 +7.948000195e+01 +7.948000000e+01 +2.5339e-01 -1.1570e+00 -7.2336e-01 +1.9253e+00 -2.6808e+00
127550 +1.523282506e-06 +1.523282506e-06 +7.948000152e+01 +7.948000000e+01 +2.5339e-01 -1.1576e+00 -7.2336e-01 +1.9264e+00 -2.6804e+00
141554 +7.955829062e-07 +7.955829062e-07 +7.948000080e+01 +7.948000000e+01 +2.5339e-01 -1.1570e+00 -7.2336e-01 +1.9264e+00 -2.6808e+00
151231 +4.351859957e-07 +4.351859957e-07 +7.948000044e+01 +7.948000000e+01 +2.5339e-01 -1.1570e+00 -7.2423e-01 +1.9264e+00 -2.6808e+00
172144 +3.856900435e-07 +3.856900435e-07 +7.948000039e+01 +7.948000000e+01 +2.5339e-01 -1.1570e+00 -7.2407e-01 +1.9264e+00 -2.6808e+00
285694 +8.179355859e-09 +8.179355859e-09 +7.948000001e+01 +7.948000000e+01 +2.5275e-01 -1.1568e+00 -7.2407e-01 +1.9264e+00 -2.6808e+00
% function evaluation | noise-free fitness - Fopt (3.944800000000e+02) | best noise-free fitness - Fopt | measured fitness | best measured fitness | x1 | x2...
1 +4.810556731e+01 +4.810556731e+01 +4.425855673e+02 +3.944800000e+02 -1.6177e+00 +3.3649e+00 -4.3957e+00 +4.6346e+00 -8.4119e-01
194 +2.550343923e+00 +2.550343923e+00 +3.970303439e+02 +3.944800000e+02 -3.3646e+00 -3.0518e+00 -4.2940e+00 +4.7842e+00 -2.4795e-01
283 +2.086390601e+00 +2.086390601e+00 +3.965663906e+02 +3.944800000e+02 -4.7239e+00 -3.0518e+00 -3.4190e+00 +3.8279e+00 -2.4795e-01
381 +1.458123960e+00 +1.458123960e+00 +3.959381240e+02 +3.944800000e+02 -4.1292e+00 -3.0518e+00 -3.4190e+00 +3.8279e+00 -2.4795e-01
569 +2.790294833e-01 +2.790294833e-01 +3.947590295e+02 +3.944800000e+02 -4.1292e+00 -3.0518e+00 -3.8279e+00 +3.8279e+00 +4.1983e-01
763 +2.259029628e-01 +2.259029628e-01 +3.947059030e+02 +3.944800000e+02 -3.8870e+00 -3.0518e+00 -3.8279e+00 +3.8279e+00 +4.1983e-01
945 +9.254426123e-02 +9.254426123e-02 +3.945725443e+02 +3.944800000e+02 -4.1292e+00 -3.0518e+00 -3.8279e+00 +3.8279e+00 +7.7822e-01
1041 +3.941774074e-02 +3.941774074e-02 +3.945194177e+02 +3.944800000e+02 -3.8870e+00 -3.0518e+00 -3.8279e+00 +3.8279e+00 +7.7822e-01
1511 +1.512921507e-02 +1.512921507e-02 +3.944951292e+02 +3.944800000e+02 -3.8870e+00 -2.9323e+00 -3.8279e+00 +3.8279e+00 +7.7822e-01
1899 +9.639015774e-03 +9.639015774e-03 +3.944896390e+02 +3.944800000e+02 -3.8870e+00 -2.9323e+00 -3.7921e+00 +3.8279e+00 +8.9933e-01
2087 +3.787289400e-03 +3.787289400e-03 +3.944837873e+02 +3.944800000e+02 -3.8870e+00 -2.9323e+00 -3.7921e+00 +3.9193e+00 +8.9933e-01
2378 +2.354240510e-03 +2.354240510e-03 +3.944823542e+02 +3.944800000e+02 -3.8870e+00 -2.9323e+00 -3.7921e+00 +3.9193e+00 +8.7253e-01
7817 +1.357555241e-03 +1.357555241e-03 +3.944813576e+02 +3.944800000e+02 -3.9221e+00 -2.9090e+00 -3.7951e+00 +3.9012e+00 +8.7860e-01
9087 +9.936582544e-04 +9.936582544e-04 +3.944809937e+02 +3.944800000e+02 -3.9221e+00 -2.8785e+00 -3.7951e+00 +3.9012e+00 +8.7390e-01
11106 +5.649741933e-04 +5.649741933e-04 +3.944805650e+02 +3.944800000e+02 -3.8961e+00 -2.9064e+00 -3.7921e+00 +3.9099e+00 +8.7253e-01
12542 +3.099761677e-04 +3.099761677e-04 +3.944803100e+02 +3.944800000e+02 -3.8961e+00 -2.8917e+00 -3.7921e+00 +3.9099e+00 +8.7253e-01
29586 +2.081202548e-04 +2.081202548e-04 +3.944802081e+02 +3.944800000e+02 -3.8961e+00 -2.8917e+00 -3.8002e+00 +3.9099e+00 +8.7253e-01
39035 +7.423418003e-05 +7.423418003e-05 +3.944800742e+02 +3.944800000e+02 -3.8961e+00 -2.8917e+00 -3.8011e+00 +3.9099e+00 +8.6604e-01
41708 +3.806670946e-05 +3.806670946e-05 +3.944800381e+02 +3.944800000e+02 -3.8961e+00 -2.8917e+00 -3.8011e+00 +3.9027e+00 +8.6375e-01
62788 +1.667972799e-05 +1.667972799e-05 +3.944800167e+02 +3.944800000e+02 -3.8961e+00 -2.8896e+00 -3.8017e+00 +3.9024e+00 +8.5870e-01
66285 +7.431671747e-06 +7.431671747e-06 +3.944800074e+02 +3.944800000e+02 -3.8961e+00 -2.8896e+00 -3.8017e+00 +3.9047e+00 +8.5870e-01
85636 +2.019619501e-06 +2.019619501e-06 +3.944800020e+02 +3.944800000e+02 -3.8980e+00 -2.8911e+00 -3.8017e+00 +3.9047e+00 +8.5870e-01
96916 +1.361580360e-06 +1.361580360e-06 +3.944800014e+02 +3.944800000e+02 -3.8980e+00 -2.8911e+00 -3.8017e+00 +3.9060e+00 +8.5870e-01
140066 +8.937409461e-07 +8.937409461e-07 +3.944800009e+02 +3.944800000e+02 -3.8980e+00 -2.8900e+00 -3.8029e+00 +3.9060e+00 +8.5870e-01
186369 +5.695052323e-07 +5.695052323e-07 +3.944800006e+02 +3.944800000e+02 -3.8980e+00 -2.8900e+00 -3.8029e+00 +3.9054e+00 +8.5925e-01
% function evaluation | noise-free fitness - Fopt (-2.471100000000e+02) | best noise-free fitness - Fopt | measured fitness | best measured fitness | x1 | x2...
1 +9.176426310e+01 +9.176426310e+01 -1.553457369e+02 -2.471100000e+02 +1.6387e+00 +2.7266e+00 +2.9473e+00 -1.8735e+00 +3.1691e+00
198 +3.419084929e+00 +3.419084929e+00 -2.436909151e+02 -2.471100000e+02 -4.0658e+00 -5.3921e-01 +6.8586e-01 -4.4778e+00 -3.6296e+00
295 +2.449315435e+00 +2.449315435e+00 -2.446606846e+02 -2.471100000e+02 -4.0658e+00 -6.2979e-02 +6.8586e-01 -4.0508e+00 -3.6296e+00
391 +1.457185631e+00 +1.457185631e+00 -2.456528144e+02 -2.471100000e+02 -3.5511e+00 +1.1650e+00 -2.7321e-01 -3.8198e+00 -2.5704e+00
491 +5.098074937e-01 +5.098074937e-01 -2.466001925e+02 -2.471100000e+02 -3.5268e+00 -6.2979e-02 -2.7321e-01 -3.8198e+00 -3.5163e+00
683 +3.795530679e-01 +3.795530679e-01 -2.467304469e+02 -2.471100000e+02 -4.0658e+00 -6.2979e-02 -4.7512e-01 -3.8198e+00 -3.5163e+00
874 +2.207479499e-01 +2.207479499e-01 -2.468892521e+02 -2.471100000e+02 -3.5268e+00 -8.3782e-03 -8.4754e-01 -3.7169e+00 -2.8215e+00
1068 +1.453271754e-01 +1.453271754e-01 -2.469646728e+02 -2.471100000e+02 -3.5268e+00 -8.3782e-03 -8.4754e-01 -3.7169e+00 -3.1405e+00
1257 +9.903266760e-02 +9.903266760e-02 -2.470109673e+02 -2.471100000e+02 -4.0658e+00 +2.2968e-01 -8.4754e-01 -3.7169e+00 -3.1405e+00
1740 +4.013084360e-02 +4.013084360e-02 -2.470698692e+02 -2.471100000e+02 -3.9882e+00 +2.2968e-01 -6.5914e-01 -3.7169e+00 -3.1405e+00
1934 +3.953686169e-02 +3.953686169e-02 -2.470704631e+02 -2.471100000e+02 -3.9882e+00 +2.2968e-01 -6.5914e-01 -3.6995e+00 -3.1405e+00
2121 +1.335194646e-02 +1.335194646e-02 -2.470966481e+02 -2.471100000e+02 -3.7022e+00 +2.2968e-01 -6.5914e-01 -3.7169e+00 -3.1405e+00
2215 +3.722074514e-03 +3.722074514e-03 -2.471062779e+02 -2.471100000e+02 -3.8133e+00 +2.2968e-01 -6.5914e-01 -3.6995e+00 -3.1405e+00
4906 +8.619683032e-04 +8.619683032e-04 -2.471091380e+02 -2.471100000e+02 -3.7926e+00 +1.8885e-01 -6.6852e-01 -3.6995e+00 -3.1054e+00
16835 +5.544784832e-04 +5.544784832e-04 -2.471094455e+02 -2.471100000e+02 -3.7926e+00 +2.0102e-01 -6.6852e-01 -3.6904e+00 -3.0983e+00
20940 +3.625744020e-05 +3.625744020e-05 -2.471099637e+02 -2.471100000e+02 -3.7975e+00 +2.0445e-01 -6.8946e-01 -3.6962e+00 -3.1016e+00
23133 +2.443864807e-05 +2.443864807e-05 -2.471099756e+02 -2.471100000e+02 -3.7975e+00 +2.0445e-01 -6.8946e-01 -3.6876e+00 -3.1016e+00
43669 +1.056851664e-05 +1.056851664e-05 -2.471099894e+02 -2.471100000e+02 -3.7975e+00 +2.0445e-01 -6.9202e-01 -3.6925e+00 -3.1016e+00
52086 +5.060818921e-06 +5.060818921e-06 -2.471099949e+02 -2.471100000e+02 -3.7975e+00 +2.0278e-01 -6.8962e-01 -3.6904e+00 -3.0983e+00
80407 +3.245984658e-06 +3.245984658e-06 -2.471099968e+02 -2.471100000e+02 -3.7975e+00 +2.0278e-01 -6.9202e-01 -3.6904e+00 -3.0983e+00
84693 +1.339643973e-06 +1.339643973e-06 -2.471099987e+02 -2.471100000e+02 -3.7990e+00 +2.0278e-01 -6.9202e-01 -3.6915e+00 -3.0992e+00
139325 +7.252446892e-07 +7.252446892e-07 -2.471099993e+02 -2.471100000e+02 -3.7986e+00 +2.0315e-01 -6.9202e-01 -3.6912e+00 -3.0992e+00
243417 +3.342112223e-07 +3.342112223e-07 -2.471099997e+02 -2.471100000e+02 -3.7982e+00 +2.0315e-01 -6.9174e-01 -3.6912e+00 -3.0992e+00
426004 +6.711476885e-08 +6.711476885e-08 -2.471099999e+02 -2.471100000e+02 -3.7982e+00 +2.0315e-01 -6.9136e-01 -3.6912e+00 -3.0992e+00
% function evaluation | noise-free fitness - Fopt (-1.520400000000e+02) | best noise-free fitness - Fopt | measured fitness | best measured fitness | x1 | x2...
1 +7.843657471e+01 +7.843657471e+01 -7.360342529e+01 -1.520400000e+02 +4.8728e+00 +1.2240e+00 +1.3033e+00 +2.5366e+00 -2.4865e+00
194 +5.366023056e+00 +5.366023056e+00 -1.466739769e+02 -1.520400000e+02 -1.9209e+00 +9.0858e-01 -3.6821e+00 +3.5025e+00 +9.1439e-01
291 +8.009289420e-01 +8.009289420e-01 -1.512390711e+02 -1.520400000e+02 -2.8165e-01 +2.3127e+00 -4.0107e+00 +3.3226e+00 +2.3660e+00
388 +3.699120315e-01 +3.699120315e-01 -1.516700880e+02 -1.520400000e+02 -2.8165e-01 +9.0858e-01 -3.6821e+00 +3.5025e+00 +2.3660e+00
675 +2.778502239e-02 +2.778502239e-02 -1.520122150e+02 -1.520400000e+02 -2.8165e-01 +1.4561e+00 -3.9463e+00 +3.1443e+00 +2.3660e+00
772 +5.048601094e-03 +5.048601094e-03 -1.520349514e+02 -1.520400000e+02 -2.5956e-01 +1.4561e+00 -3.9463e+00 +3.3226e+00 +2.3660e+00
2500 +3.461315017e-03 +3.461315017e-03 -1.520365387e+02 -1.520400000e+02 -2.5956e-01 +1.4050e+00 -3.9463e+00 +3.3135e+00 +2.4672e+00
3964 +1.988390672e-03 +1.988390672e-03 -1.520380116e+02 -1.520400000e+02 -2.5956e-01 +1.4189e+00 -3.9463e+00 +3.3135e+00 +2.4533e+00
4248 +1.094221546e-03 +1.094221546e-03 -1.520389058e+02 -1.520400000e+02 -2.5956e-01 +1.4189e+00 -3.9463e+00 +3.3135e+00 +2.4028e+00
4340 +6.930245594e-04 +6.930245594e-04 -1.520393070e+02 -1.520400000e+02 -2.5956e-01 +1.4189e+00 -3.9169e+00 +3.3135e+00 +2.4028e+00
12769 +5.873977169e-04 +5.873977169e-04 -1.520394126e+02 -1.520400000e+02 -2.7066e-01 +1.4189e+00 -3.9169e+00 +3.3116e+00 +2.4028e+00
13124 +1.904785010e-04 +1.904785010e-04 -1.520398095e+02 -1.520400000e+02 -2.7066e-01 +1.4189e+00 -3.9169e+00 +3.2897e+00 +2.4255e+00
26563 +1.460986000e-04 +1.460986000e-04 -1.520398539e+02 -1.520400000e+02 -2.5956e-01 +1.4191e+00 -3.9235e+00 +3.2928e+00 +2.4125e+00
36641 +7.917624441e-05 +7.917624441e-05 -1.520399208e+02 -1.520400000e+02 -2.7066e-01 +1.4269e+00 -3.9271e+00 +3.3005e+00 +2.4255e+00
60882 +6.103312984e-05 +6.103312984e-05 -1.520399390e+02 -1.520400000e+02 -2.7066e-01 +1.4259e+00 -3.9271e+00 +3.2976e+00 +2.4255e+00
65713 +3.651808350e-05 +3.651808350e-05 -1.520399635e+02 -1.520400000e+02 -2.7066e-01 +1.4259e+00 -3.9271e+00 +3.3005e+00 +2.4206e+00
69918 +2.415903123e-05 +2.415903123e-05 -1.520399758e+02 -1.520400000e+02 -2.6720e-01 +1.4259e+00 -3.9226e+00 +3.3005e+00 +2.4206e+00
90745 +1.232734462e-05 +1.232734462e-05 -1.520399877e+02 -1.520400000e+02 -2.6720e-01 +1.4259e+00 -3.9226e+00 +3.2981e+00 +2.4206e+00
97817 +6.809148658e-06 +6.809148658e-06 -1.520399932e+02 -1.520400000e+02 -2.6720e-01 +1.4259e+00 -3.9255e+00 +3.2976e+00 +2.4206e+00
121661 +3.210062459e-06 +3.210062459e-06 -1.520399968e+02 -1.520400000e+02 -2.6720e-01 +1.4236e+00 -3.9254e+00 +3.2976e+00 +2.4206e+00
131027 +1.185843672e-06 +1.185843672e-06 -1.520399988e+02 -1.520400000e+02 -2.6720e-01 +1.4236e+00 -3.9254e+00 +3.2976e+00 +2.4195e+00
158821 +6.017759517e-07 +6.017759517e-07 -1.520399994e+02 -1.520400000e+02 -2.6720e-01 +1.4236e+00 -3.9254e+00 +3.2971e+00 +2.4195e+00
246839 +2.565247712e-07 +2.565247712e-07 -1.520399997e+02 -1.520400000e+02 -2.6720e-01 +1.4236e+00 -3.9246e+00 +3.2971e+00 +2.4193e+00
336590 +2.106185377e-07 +2.106185377e-07 -1.520399998e+02 -1.520400000e+02 -2.6720e-01 +1.4237e+00 -3.9246e+00 +3.2971e+00 +2.4193e+00
408185 +1.303002080e-07 +1.303002080e-07 -1.520399999e+02 -1.520400000e+02 -2.6720e-01 +1.4243e+00 -3.9246e+00 +3.2967e+00 +2.4193e+00
423451 +9.718266369e-08 +9.718266369e-08 -1.520399999e+02 -1.520400000e+02 -2.6720e-01 +1.4243e+00 -3.9248e+00 +3.2967e+00 +2.4193e+00
% function evaluation | noise-free fitness - Fopt (-2.525000000000e+01) | best noise-free fitness - Fopt | measured fitness | best measured fitness | x1 | x2...
1 +5.256152709e+01 +5.256152709e+01 +2.731152709e+01 -2.525000000e+01 -3.5888e-01 -4.6820e-03 -2.8330e+00 +3.7091e+00 +3.1926e+00
200 +1.650101702e+00 +1.650101702e+00 -2.359989830e+01 -2.525000000e+01 +4.0004e+00 +9.5131e-02 -6.0227e-01 -1.7603e+00 +2.6771e+00
300 +1.339289382e+00 +1.339289382e+00 -2.391071062e+01 -2.525000000e+01 +4.0004e+00 +9.5131e-02 -6.0227e-01 -1.7603e+00 +3.0262e+00
498 +9.709791409e-01 +9.709791409e-01 -2.427902086e+01 -2.525000000e+01 +4.0004e+00 +4.8614e-01 -6.0227e-01 -2.3878e+00 +3.0262e+00
1092 +1.752699243e-01 +1.752699243e-01 -2.507473008e+01 -2.525000000e+01 +3.6721e+00 +4.8614e-01 -1.7422e+00 -2.3105e+00 +3.1482e+00
1192 +1.506222192e-01 +1.506222192e-01 -2.509937778e+01 -2.525000000e+01 +3.6721e+00 +4.8614e-01 -1.7422e+00 -2.1680e+00 +3.1482e+00
1988 +8.796259488e-03 +8.796259488e-03 -2.524120374e+01 -2.525000000e+01 +3.6217e+00 +5.9022e-01 -1.4235e+00 -2.2333e+00 +3.2814e+00
2088 +2.547482762e-03 +2.547482762e-03 -2.524745252e+01 -2.525000000e+01 +3.6217e+00 +5.9022e-01 -1.4235e+00 -2.1680e+00 +3.2814e+00
2188 +6.398095581e-04 +6.398095581e-04 -2.524936019e+01 -2.525000000e+01 +3.6217e+00 +6.2444e-01 -1.4235e+00 -2.1680e+00 +3.2814e+00
3083 +5.431545523e-04 +5.431545523e-04 -2.524945685e+01 -2.525000000e+01 +3.6217e+00 +6.3958e-01 -1.4235e+00 -2.1680e+00 +3.2814e+00
3775 +3.266099648e-04 +3.266099648e-04 -2.524967339e+01 -2.525000000e+01 +3.6207e+00 +6.3958e-01 -1.4235e+00 -2.1680e+00 +3.3026e+00
10638 +1.773829139e-04 +1.773829139e-04 -2.524982262e+01 -2.525000000e+01 +3.6207e+00 +6.3958e-01 -1.4235e+00 -2.1438e+00 +3.3026e+00
12679 +1.552559665e-04 +1.552559665e-04 -2.524984474e+01 -2.525000000e+01 +3.6207e+00 +6.3958e-01 -1.4235e+00 -2.1451e+00 +3.3026e+00
19404 +6.789384749e-05 +6.789384749e-05 -2.524993211e+01 -2.525000000e+01 +3.6207e+00 +6.3958e-01 -1.4235e+00 -2.1544e+00 +3.2952e+00
19601 +2.812268592e-05 +2.812268592e-05 -2.524997188e+01 -2.525000000e+01 +3.6140e+00 +6.3958e-01 -1.4235e+00 -2.1544e+00 +3.2952e+00
48384 +9.035414308e-06 +9.035414308e-06 -2.524999096e+01 -2.525000000e+01 +3.6140e+00 +6.3485e-01 -1.4235e+00 -2.1544e+00 +3.2952e+00
94964 +4.900356565e-06 +4.900356565e-06 -2.524999510e+01 -2.525000000e+01 +3.6140e+00 +6.3485e-01 -1.4222e+00 -2.1515e+00 +3.2952e+00
110654 +3.479563155e-06 +3.479563155e-06 -2.524999652e+01 -2.525000000e+01 +3.6140e+00 +6.3541e-01 -1.4222e+00 -2.1522e+00 +3.2952e+00
112810 +2.410026298e-06 +2.410026298e-06 -2.524999759e+01 -2.525000000e+01 +3.6140e+00 +6.3541e-01 -1.4222e+00 -2.1531e+00 +3.2955e+00
133506 +1.399543009e-06 +1.399543009e-06 -2.524999860e+01 -2.525000000e+01 +3.6140e+00 +6.3541e-01 -1.4222e+00 -2.1531e+00 +3.2977e+00
142364 +9.299639601e-07 +9.299639601e-07 -2.524999907e+01 -2.525000000e+01 +3.6140e+00 +6.3541e-01 -1.4222e+00 -2.1531e+00 +3.2974e+00
230531 +4.899691248e-07 +4.899691248e-07 -2.524999951e+01 -2.525000000e+01 +3.6140e+00 +6.3531e-01 -1.4218e+00 -2.1531e+00 +3.2973e+00
263314 +2.630889071e-07 +2.630889071e-07 -2.524999974e+01 -2.525000000e+01 +3.6140e+00 +6.3512e-01 -1.4218e+00 -2.1531e+00 +3.2967e+00
279269 +1.956265905e-07 +1.956265905e-07 -2.524999980e+01 -2.525000000e+01 +3.6140e+00 +6.3512e-01 -1.4218e+00 -2.1529e+00 +3.2967e+00
308869 +1.493314343e-07 +1.493314343e-07 -2.524999985e+01 -2.525000000e+01 +3.6146e+00 +6.3512e-01 -1.4218e+00 -2.1531e+00 +3.2968e+00
334683 +8.186911771e-08 +8.186911771e-08 -2.524999992e+01 -2.525000000e+01 +3.6146e+00 +6.3512e-01 -1.4218e+00 -2.1529e+00 +3.2968e+00
358101 +5.718817420e-08 +5.718817420e-08 -2.524999994e+01 -2.525000000e+01 +3.6144e+00 +6.3512e-01 -1.4218e+00 -2.1529e+00 +3.2968e+00
420286 +2.081872097e-08 +2.081872097e-08 -2.524999998e+01 -2.525000000e+01 +3.6144e+00 +6.3512e-01 -1.4215e+00 -2.1529e+00 +3.2968e+00
% function evaluation | noise-free fitness - Fopt (2.230000000000e+00) | best noise-free fitness - Fopt | measured fitness | best measured fitness | x1 | x2...
1 +6.429243410e+01 +6.429243410e+01 +6.652243410e+01 +2.230000000e+00 -2.3394e+00 -1.8597e-01 +6.4011e-01 -2.7298e+00 -7.1313e-01
191 +1.019960573e+01 +1.019960573e+01 +1.242960573e+01 +2.230000000e+00 +4.1637e+00 -1.8049e+00 -2.0449e-01 +1.2001e+00 +4.4528e+00
278 +2.714298272e+00 +2.714298272e+00 +4.944298272e+00 +2.230000000e+00 +4.6921e+00 -1.8049e+00 +1.1793e+00 -1.2589e+00 +3.4275e+00
366 +1.016738398e+00 +1.016738398e+00 +3.246738398e+00 +2.230000000e+00 +4.1637e+00 -1.8049e+00 -2.0449e-01 -1.7978e+00 +4.4528e+00
460 +5.284257750e-01 +5.284257750e-01 +2.758425775e+00 +2.230000000e+00 +4.1637e+00 -2.5547e+00 +1.9455e-01 -1.2589e+00 +3.4275e+00
545 +2.125740174e-01 +2.125740174e-01 +2.442574017e+00 +2.230000000e+00 +4.1637e+00 -2.5547e+00 +1.9455e-01 -1.7978e+00 +3.4079e+00
639 +1.394480335e-01 +1.394480335e-01 +2.369448033e+00 +2.230000000e+00 +4.1637e+00 -2.5547e+00 -2.0449e-01 -1.7978e+00 +3.6133e+00
732 +8.539708370e-02 +8.539708370e-02 +2.315397084e+00 +2.230000000e+00 +3.9049e+00 -2.5547e+00 +1.9455e-01 -1.7978e+00 +3.6622e+00
825 +4.243284313e-02 +4.243284313e-02 +2.272432843e+00 +2.230000000e+00 +3.9253e+00 -2.5547e+00 +2.2795e-02 -1.7978e+00 +3.6622e+00
913 +3.539325207e-02 +3.539325207e-02 +2.265393252e+00 +2.230000000e+00 +3.9253e+00 -2.1742e+00 +2.2795e-02 -1.7978e+00 +3.6622e+00
1542 +1.915100837e-02 +1.915100837e-02 +2.249151008e+00 +2.230000000e+00 +3.9253e+00 -2.2267e+00 +2.2795e-02 -1.7978e+00 +3.6622e+00
1813 +9.077114268e-03 +9.077114268e-03 +2.239077114e+00 +2.230000000e+00 +3.9253e+00 -2.2750e+00 +2.2795e-02 -1.7978e+00 +3.6622e+00
2174 +3.662249457e-03 +3.662249457e-03 +2.233662249e+00 +2.230000000e+00 +3.9253e+00 -2.3872e+00 +2.2795e-02 -1.7978e+00 +3.6622e+00
2890 +2.202721610e-03 +2.202721610e-03 +2.232202722e+00 +2.230000000e+00 +3.9253e+00 -2.3510e+00 -4.8431e-02 -1.7978e+00 +3.6622e+00
3712 +1.472899189e-03 +1.472899189e-03 +2.231472899e+00 +2.230000000e+00 +3.9253e+00 -2.3510e+00 +1.5595e-02 -1.8108e+00 +3.6622e+00
8530 +8.880279256e-04 +8.880279256e-04 +2.230888028e+00 +2.230000000e+00 +3.9217e+00 -2.3362e+00 -1.6226e-02 -1.8231e+00 +3.6888e+00
13416 +5.002781686e-04 +5.002781686e-04 +2.230500278e+00 +2.230000000e+00 +3.9253e+00 -2.3510e+00 -2.9761e-02 -1.8461e+00 +3.6679e+00
14963 +3.459261755e-04 +3.459261755e-04 +2.230345926e+00 +2.230000000e+00 +3.9253e+00 -2.3510e+00 -1.2814e-02 -1.8461e+00 +3.6622e+00
16609 +1.044677652e-04 +1.044677652e-04 +2.230104468e+00 +2.230000000e+00 +3.9120e+00 -2.3540e+00 -1.9035e-02 -1.8252e+00 +3.6622e+00
18533 +9.487613490e-05 +9.487613490e-05 +2.230094876e+00 +2.230000000e+00 +3.9120e+00 -2.3540e+00 -1.9035e-02 -1.8262e+00 +3.6622e+00
24484 +3.942687136e-05 +3.942687136e-05 +2.230039427e+00 +2.230000000e+00 +3.9230e+00 -2.3534e+00 -1.3354e-02 -1.8331e+00 +3.6679e+00
48209 +2.390939739e-05 +2.390939739e-05 +2.230023909e+00 +2.230000000e+00 +3.9230e+00 -2.3549e+00 -1.4874e-02 -1.8311e+00 +3.6679e+00
55061 +9.329573328e-06 +9.329573328e-06 +2.230009330e+00 +2.230000000e+00 +3.9177e+00 -2.3549e+00 -1.4962e-02 -1.8331e+00 +3.6679e+00
57536 +3.229217551e-06 +3.229217551e-06 +2.230003229e+00 +2.230000000e+00 +3.9171e+00 -2.3549e+00 -1.6226e-02 -1.8313e+00 +3.6679e+00
60596 +1.639205236e-06 +1.639205236e-06 +2.230001639e+00 +2.230000000e+00 +3.9188e+00 -2.3549e+00 -1.6226e-02 -1.8313e+00 +3.6679e+00
85469 +1.286045265e-06 +1.286045265e-06 +2.230001286e+00 +2.230000000e+00 +3.9188e+00 -2.3549e+00 -1.6226e-02 -1.8313e+00 +3.6669e+00
129417 +4.494670800e-07 +4.494670800e-07 +2.230000449e+00 +2.230000000e+00 +3.9188e+00 -2.3549e+00 -1.6226e-02 -1.8305e+00 +3.6669e+00
188128 +2.928690370e-07 +2.928690370e-07 +2.230000293e+00 +2.230000000e+00 +3.9185e+00 -2.3549e+00 -1.6226e-02 -1.8305e+00 +3.6669e+00
207294 +1.811087547e-07 +1.811087547e-07 +2.230000181e+00 +2.230000000e+00 +3.9185e+00 -2.3549e+00 -1.6226e-02 -1.8304e+00 +3.6674e+00
268538 +1.312076927e-07 +1.312076927e-07 +2.230000131e+00 +2.230000000e+00 +3.9185e+00 -2.3549e+00 -1.5968e-02 -1.8304e+00 +3.6674e+00
319369 +7.978953054e-08 +7.978953054e-08 +2.230000080e+00 +2.230000000e+00 +3.9185e+00 -2.3549e+00 -1.5968e-02 -1.8304e+00 +3.6672e+00
% function evaluation | noise-free fitness - Fopt (-1.308000000000e+01) | best noise-free fitness - Fopt | measured fitness | best measured fitness | x1 | x2...
1 +1.772289177e+01 +1.772289177e+01 +4.642891768e+00 -1.308000000e+01 +3.8108e+00 -1.7719e+00 +4.0076e+00 +2.7208e+00 -4.3827e-01
194 +1.744702443e+00 +1.744702443e+00 -1.133529756e+01 -1.308000000e+01 +2.5587e-01 -3.0755e+00 +3.3075e+00 +4.2062e+00 -2.5698e+00
287 +6.762600893e-01 +6.762600893e-01 -1.240373991e+01 -1.308000000e+01 +2.5587e-01 -1.8754e+00 +2.9894e+00 +4.2062e+00 -2.5698e+00
384 +3.669590443e-01 +3.669590443e-01 -1.271304096e+01 -1.308000000e+01 +2.5587e-01 -1.8754e+00 +3.4662e+00 +4.2062e+00 -2.3369e+00
481 +5.545009280e-02 +5.545009280e-02 -1.302454991e+01 -1.308000000e+01 +2.5587e-01 -1.8754e+00 +3.4662e+00 +3.3898e+00 -2.3369e+00
579 +1.836094893e-02 +1.836094893e-02 -1.306163905e+01 -1.308000000e+01 +2.5587e-01 -1.8754e+00 +3.4662e+00 +3.5064e+00 -2.3369e+00
765 +8.196088247e-03 +8.196088247e-03 -1.307180391e+01 -1.308000000e+01 +2.5587e-01 -1.8754e+00 +3.4662e+00 +3.6090e+00 -2.3369e+00
2529 +5.738470958e-03 +5.738470958e-03 -1.307426153e+01 -1.308000000e+01 +1.9760e-01 -1.8754e+00 +3.4662e+00 +3.6090e+00 -2.3616e+00
3660 +3.361799528e-03 +3.361799528e-03 -1.307663820e+01 -1.308000000e+01 +1.9760e-01 -1.9676e+00 +3.4662e+00 +3.6090e+00 -2.3616e+00
4394 +1.869065697e-03 +1.869065697e-03 -1.307813093e+01 -1.308000000e+01 +1.9760e-01 -1.9606e+00 +3.5401e+00 +3.6090e+00 -2.3616e+00
7517 +1.523340583e-03 +1.523340583e-03 -1.307847666e+01 -1.308000000e+01 +1.8492e-01 -1.9398e+00 +3.5227e+00 +3.5882e+00 -2.3807e+00
8364 +8.990243760e-04 +8.990243760e-04 -1.307910098e+01 -1.308000000e+01 +2.2768e-01 -1.9398e+00 +3.5227e+00 +3.5882e+00 -2.3807e+00
9305 +5.568067851e-04 +5.568067851e-04 -1.307944319e+01 -1.308000000e+01 +2.2768e-01 -1.9398e+00 +3.5227e+00 +3.6114e+00 -2.3807e+00
24380 +2.719952904e-04 +2.719952904e-04 -1.307972800e+01 -1.308000000e+01 +2.2768e-01 -1.9398e+00 +3.5098e+00 +3.6090e+00 -2.3616e+00
31914 +2.453101354e-04 +2.453101354e-04 -1.307975469e+01 -1.308000000e+01 +2.2022e-01 -1.9398e+00 +3.4991e+00 +3.6090e+00 -2.3616e+00
33108 +1.045210444e-04 +1.045210444e-04 -1.307989548e+01 -1.308000000e+01 +2.1445e-01 -1.9398e+00 +3.5064e+00 +3.6114e+00 -2.3616e+00
33206 +9.019594566e-05 +9.019594566e-05 -1.307990980e+01 -1.308000000e+01 +2.1445e-01 -1.9398e+00 +3.5064e+00 +3.6090e+00 -2.3616e+00
35121 +4.068749223e-05 +4.068749223e-05 -1.307995931e+01 -1.308000000e+01 +2.1293e-01 -1.9398e+00 +3.5127e+00 +3.6090e+00 -2.3696e+00
37444 +3.900788407e-05 +3.900788407e-05 -1.307996099e+01 -1.308000000e+01 +2.1293e-01 -1.9398e+00 +3.5127e+00 +3.6084e+00 -2.3696e+00
82472 +1.029372956e-05 +1.029372956e-05 -1.307998971e+01 -1.308000000e+01 +2.1319e-01 -1.9370e+00 +3.5095e+00 +3.6071e+00 -2.3696e+00
93168 +3.716302375e-06 +3.716302375e-06 -1.307999628e+01 -1.308000000e+01 +2.1319e-01 -1.9346e+00 +3.5095e+00 +3.6071e+00 -2.3696e+00
158033 +2.451756460e-06 +2.451756460e-06 -1.307999755e+01 -1.308000000e+01 +2.1319e-01 -1.9346e+00 +3.5095e+00 +3.6071e+00 -2.3692e+00
233707 +1.125660255e-06 +1.125660255e-06 -1.307999887e+01 -1.308000000e+01 +2.1343e-01 -1.9346e+00 +3.5095e+00 +3.6071e+00 -2.3685e+00
234507 +3.941516908e-07 +3.941516908e-07 -1.307999961e+01 -1.308000000e+01 +2.1343e-01 -1.9346e+00 +3.5107e+00 +3.6071e+00 -2.3685e+00
328150 +1.567850152e-07 +1.567850152e-07 -1.307999984e+01 -1.308000000e+01 +2.1344e-01 -1.9346e+00 +3.5104e+00 +3.6071e+00 -2.3683e+00
375380 +7.161784765e-08 +7.161784765e-08 -1.307999993e+01 -1.308000000e+01 +2.1344e-01 -1.9346e+00 +3.5104e+00 +3.6071e+00 -2.3680e+00
% function evaluation | noise-free fitness - Fopt (2.671600000000e+02) | best noise-free fitness - Fopt | measured fitness | best measured fitness | x1 | x2...
1 +9.224288592e+01 +9.224288592e+01 +3.594028859e+02 +2.671600000e+02 +3.0254e+00 -3.1375e+00 +1.4372e+00 +3.8029e+00 +3.8297e+00
193 +3.288241224e+00 +3.288241224e+00 +2.704482412e+02 +2.671600000e+02 -1.7275e+00 -3.4660e+00 -2.9109e+00 -2.9563e+00 +3.9392e+00
281 +1.959466288e+00 +1.959466288e+00 +2.691194663e+02 +2.671600000e+02 -2.5901e+00 -3.0795e+00 -2.9109e+00 -1.4013e+00 +2.3541e+00
371 +1.238611389e+00 +1.238611389e+00 +2.683986114e+02 +2.671600000e+02 -3.4307e+00 -3.0795e+00 -3.1383e+00 -1.4013e+00 +3.9392e+00
455 +9.571707578e-01 +9.571707578e-01 +2.681171708e+02 +2.671600000e+02 -3.4307e+00 -3.4660e+00 -3.1383e+00 -1.4013e+00 +3.9392e+00
1161 +5.410715231e-01 +5.410715231e-01 +2.677010715e+02 +2.671600000e+02 -2.5901e+00 -3.4660e+00 -3.4939e+00 -1.4013e+00 +2.9425e+00
1340 +3.182473739e-01 +3.182473739e-01 +2.674782474e+02 +2.671600000e+02 -2.5901e+00 -3.4660e+00 -3.4939e+00 -1.8144e+00 +2.9425e+00
1690 +2.326999828e-01 +2.326999828e-01 +2.673927000e+02 +2.671600000e+02 -2.7021e+00 -3.5523e+00 -3.4939e+00 -1.8144e+00 +2.9425e+00
2492 +1.116201678e-01 +1.116201678e-01 +2.672716202e+02 +2.671600000e+02 -2.8896e+00 -3.5927e+00 -3.4939e+00 -1.9274e+00 +3.0299e+00
3025 +6.493534842e-02 +6.493534842e-02 +2.672249353e+02 +2.671600000e+02 -2.8896e+00 -3.6075e+00 -3.4939e+00 -1.8903e+00 +3.1056e+00
3217 +1.033851552e-02 +1.033851552e-02 +2.671703385e+02 +2.671600000e+02 -2.8896e+00 -3.6075e+00 -3.4939e+00 -1.8903e+00 +3.2704e+00
3305 +6.713293959e-03 +6.713293959e-03 +2.671667133e+02 +2.671600000e+02 -2.8896e+00 -3.6075e+00 -3.4939e+00 -1.8903e+00 +3.4110e+00
3484 +6.244914302e-03 +6.244914302e-03 +2.671662449e+02 +2.671600000e+02 -2.8896e+00 -3.6565e+00 -3.4939e+00 -1.8903e+00 +3.4110e+00
8002 +2.540193768e-03 +2.540193768e-03 +2.671625402e+02 +2.671600000e+02 -2.9214e+00 -3.6324e+00 -3.4742e+00 -1.8390e+00 +3.3834e+00
9547 +1.907350196e-03 +1.907350196e-03 +2.671619074e+02 +2.671600000e+02 -2.9197e+00 -3.6565e+00 -3.4939e+00 -1.8903e+00 +3.3322e+00
10232 +1.016661408e-03 +1.016661408e-03 +2.671610167e+02 +2.671600000e+02 -2.9197e+00 -3.6565e+00 -3.4591e+00 -1.8830e+00 +3.3322e+00
12197 +6.469621360e-04 +6.469621360e-04 +2.671606470e+02 +2.671600000e+02 -2.9197e+00 -3.6565e+00 -3.4591e+00 -1.8830e+00 +3.3631e+00
14251 +5.616934654e-04 +5.616934654e-04 +2.671605617e+02 +2.671600000e+02 -2.9260e+00 -3.6565e+00 -3.4591e+00 -1.8830e+00 +3.3631e+00
23619 +2.790908123e-04 +2.790908123e-04 +2.671602791e+02 +2.671600000e+02 -2.9197e+00 -3.6324e+00 -3.4591e+00 -1.8830e+00 +3.3631e+00
26227 +2.308193082e-04 +2.308193082e-04 +2.671602308e+02 +2.671600000e+02 -2.9197e+00 -3.6366e+00 -3.4591e+00 -1.8823e+00 +3.3453e+00
46661 +1.376229364e-04 +1.376229364e-04 +2.671601376e+02 +2.671600000e+02 -2.9329e+00 -3.6366e+00 -3.4593e+00 -1.8819e+00 +3.3453e+00
46833 +8.224084218e-05 +8.224084218e-05 +2.671600822e+02 +2.671600000e+02 -2.9329e+00 -3.6366e+00 -3.4593e+00 -1.8819e+00 +3.3500e+00
74617 +5.879067561e-05 +5.879067561e-05 +2.671600588e+02 +2.671600000e+02 -2.9329e+00 -3.6366e+00 -3.4603e+00 -1.8819e+00 +3.3524e+00
74881 +3.771340545e-05 +3.771340545e-05 +2.671600377e+02 +2.671600000e+02 -2.9319e+00 -3.6366e+00 -3.4681e+00 -1.8744e+00 +3.3576e+00
75397 +2.491971139e-05 +2.491971139e-05 +2.671600249e+02 +2.671600000e+02 -2.9319e+00 -3.6366e+00 -3.4681e+00 -1.8781e+00 +3.3500e+00
78057 +1.322761096e-05 +1.322761096e-05 +2.671600132e+02 +2.671600000e+02 -2.9319e+00 -3.6366e+00 -3.4681e+00 -1.8781e+00 +3.3548e+00
93847 +8.119578922e-06 +8.119578922e-06 +2.671600081e+02 +2.671600000e+02 -2.9300e+00 -3.6366e+00 -3.4681e+00 -1.8781e+00 +3.3548e+00
104065 +4.521888400e-06 +4.521888400e-06 +2.671600045e+02 +2.671600000e+02 -2.9276e+00 -3.6366e+00 -3.4657e+00 -1.8781e+00 +3.3533e+00
125895 +5.459046406e-07 +5.459046406e-07 +2.671600005e+02 +2.671600000e+02 -2.9300e+00 -3.6366e+00 -3.4657e+00 -1.8781e+00 +3.3533e+00
250108 +3.734281222e-07 +3.734281222e-07 +2.671600004e+02 +2.671600000e+02 -2.9300e+00 -3.6366e+00 -3.4655e+00 -1.8773e+00 +3.3533e+00
295285 +1.493746140e-07 +1.493746140e-07 +2.671600001e+02 +2.671600000e+02 -2.9294e+00 -3.6366e+00 -3.4655e+00 -1.8773e+00 +3.3537e+00
% function evaluation | noise-free fitness - Fopt (3.710000000000e+00) | best noise-free fitness - Fopt | measured fitness | best measured fitness | x1 | x2...
1 +7.513024884e+01 +7.513024884e+01 +7.884024884e+01 +3.710000000e+00 +3.8142e+00 +2.2273e+00 -3.3621e+00 +2.8600e+00 +2.6492e+00
191 +2.828257851e+00 +2.828257851e+00 +6.538257851e+00 +3.710000000e+00 +4.9134e+00 -3.5886e+00 +1.5392e-01 -2.6841e+00 -3.3558e-01
281 +1.236627351e+00 +1.236627351e+00 +4.946627351e+00 +3.710000000e+00 +4.2586e+00 -3.5886e+00 +1.5392e-01 -2.6841e+00 +2.5012e-01
374 +5.632350763e-01 +5.632350763e-01 +4.273235076e+00 +3.710000000e+00 +4.2586e+00 -3.5886e+00 +1.1949e+00 -1.7916e+00 +2.5012e-01
558 +3.955973235e-01 +3.955973235e-01 +4.105597323e+00 +3.710000000e+00 +3.8399e+00 -3.3889e+00 +1.1949e+00 -1.7916e+00 +2.5012e-01
922 +1.649563185e-01 +1.649563185e-01 +3.874956319e+00 +3.710000000e+00 +4.0557e+00 -3.3889e+00 +1.0034e+00 -1.7916e+00 +4.3938e-01
1011 +1.223342006e-01 +1.223342006e-01 +3.832334201e+00 +3.710000000e+00 +3.8826e+00 -3.3889e+00 +1.0034e+00 -2.1362e+00 +4.3938e-01
1546 +8.897455672e-02 +8.897455672e-02 +3.798974557e+00 +3.710000000e+00 +4.0557e+00 -3.1485e+00 +1.0034e+00 -2.1362e+00 +4.5407e-01
1722 +5.633660152e-02 +5.633660152e-02 +3.766336602e+00 +3.710000000e+00 +4.0557e+00 -3.1485e+00 +1.0034e+00 -2.1362e+00 +6.0939e-01
2084 +3.759587149e-02 +3.759587149e-02 +3.747595871e+00 +3.710000000e+00 +3.9891e+00 -3.1727e+00 +1.0034e+00 -2.0631e+00 +6.0939e-01
2362 +2.313482475e-02 +2.313482475e-02 +3.733134825e+00 +3.710000000e+00 +3.9891e+00 -3.1727e+00 +6.8148e-01 -2.0631e+00 +6.0939e-01
2723 +7.719940011e-03 +7.719940011e-03 +3.717719940e+00 +3.710000000e+00 +3.9891e+00 -3.1735e+00 +7.5805e-01 -2.0631e+00 +6.0939e-01
3437 +5.997904739e-03 +5.997904739e-03 +3.715997905e+00 +3.710000000e+00 +3.9714e+00 -3.1735e+00 +7.5805e-01 -2.0401e+00 +6.2856e-01
3521 +3.207679940e-03 +3.207679940e-03 +3.713207680e+00 +3.710000000e+00 +3.9714e+00 -3.1735e+00 +8.1137e-01 -2.0631e+00 +6.2856e-01
3610 +2.234340910e-03 +2.234340910e-03 +3.712234341e+00 +3.710000000e+00 +3.9714e+00 -3.1735e+00 +8.1137e-01 -2.0401e+00 +6.2856e-01
3885 +2.899107114e-04 +2.899107114e-04 +3.710289911e+00 +3.710000000e+00 +3.9714e+00 -3.2194e+00 +8.1137e-01 -2.0401e+00 +6.2856e-01
4064 +2.451153978e-04 +2.451153978e-04 +3.710245115e+00 +3.710000000e+00 +3.9714e+00 -3.2194e+00 +8.1137e-01 -2.0401e+00 +6.4161e-01
12528 +1.344412503e-04 +1.344412503e-04 +3.710134441e+00 +3.710000000e+00 +3.9714e+00 -3.2194e+00 +8.2543e-01 -2.0358e+00 +6.4161e-01
15942 +7.601723693e-05 +7.601723693e-05 +3.710076017e+00 +3.710000000e+00 +3.9714e+00 -3.2194e+00 +8.2053e-01 -2.0309e+00 +6.4161e-01
16129 +5.295251904e-05 +5.295251904e-05 +3.710052953e+00 +3.710000000e+00 +3.9714e+00 -3.2194e+00 +8.2053e-01 -2.0309e+00 +6.3651e-01
16222 +2.887406292e-05 +2.887406292e-05 +3.710028874e+00 +3.710000000e+00 +3.9798e+00 -3.2194e+00 +8.2053e-01 -2.0309e+00 +6.4161e-01
16313 +5.809345029e-06 +5.809345029e-06 +3.710005809e+00 +3.710000000e+00 +3.9798e+00 -3.2194e+00 +8.2053e-01 -2.0309e+00 +6.3651e-01
44534 +1.732864454e-06 +1.732864454e-06 +3.710001733e+00 +3.710000000e+00 +3.9791e+00 -3.2168e+00 +8.2053e-01 -2.0309e+00 +6.3651e-01
65228 +1.540558288e-06 +1.540558288e-06 +3.710001541e+00 +3.710000000e+00 +3.9791e+00 -3.2168e+00 +8.1969e-01 -2.0309e+00 +6.3651e-01
104782 +9.881982366e-07 +9.881982366e-07 +3.710000988e+00 +3.710000000e+00 +3.9783e+00 -3.2168e+00 +8.1997e-01 -2.0309e+00 +6.3651e-01
266784 +2.516813415e-07 +2.516813415e-07 +3.710000252e+00 +3.710000000e+00 +3.9783e+00 -3.2177e+00 +8.1997e-01 -2.0308e+00 +6.3651e-01
325544 +2.435625279e-07 +2.435625279e-07 +3.710000244e+00 +3.710000000e+00 +3.9784e+00 -3.2177e+00 +8.1997e-01 -2.0308e+00 +6.3651e-01
419584 +9.568747394e-08 +9.568747394e-08 +3.710000096e+00 +3.710000000e+00 +3.9784e+00 -3.2177e+00 +8.1997e-01 -2.0304e+00 +6.3651e-01
% function evaluation | noise-free fitness - Fopt (9.478000000000e+01) | best noise-free fitness - Fopt | measured fitness | best measured fitness | x1 | x2...
1 +9.851705060e+01 +9.851705060e+01 +1.932970506e+02 +9.478000000e+01 +2.8405e+00 -1.7965e+00 -1.3988e+00 +4.2883e+00 +4.5607e+00
196 +4.652746474e+00 +4.652746474e+00 +9.943274647e+01 +9.478000000e+01 -2.6855e-02 -3.0522e+00 +4.2592e+00 -2.2608e+00 +3.9467e+00
293 +2.495752831e+00 +2.495752831e+00 +9.727575283e+01 +9.478000000e+01 +5.5489e-01 -2.7216e+00 +4.2592e+00 -2.2608e+00 +1.8137e+00
390 +1.360454340e+00 +1.360454340e+00 +9.614045434e+01 +9.478000000e+01 -2.6855e-02 -3.0522e+00 +4.2592e+00 -3.6552e+00 +3.0448e+00
490 +5.814012141e-01 +5.814012141e-01 +9.536140121e+01 +9.478000000e+01 +5.5489e-01 -3.0522e+00 +4.2592e+00 -3.6552e+00 +3.0448e+00
778 +3.681772577e-01 +3.681772577e-01 +9.514817726e+01 +9.478000000e+01 +1.0603e+00 -3.0522e+00 +3.7054e+00 -3.6552e+00 +3.0448e+00
1075 +8.928185507e-02 +8.928185507e-02 +9.486928186e+01 +9.478000000e+01 +1.0603e+00 -3.0522e+00 +3.7054e+00 -3.5656e+00 +2.6562e+00
1469 +5.564888506e-02 +5.564888506e-02 +9.483564889e+01 +9.478000000e+01 +9.5519e-01 -3.0522e+00 +3.7054e+00 -3.5656e+00 +2.4759e+00
1669 +8.805295992e-03 +8.805295992e-03 +9.478880530e+01 +9.478000000e+01 +9.5519e-01 -3.1018e+00 +3.9256e+00 -3.5656e+00 +2.4759e+00
1769 +5.891764658e-03 +5.891764658e-03 +9.478589176e+01 +9.478000000e+01 +9.5519e-01 -3.1018e+00 +3.9256e+00 -3.5328e+00 +2.4759e+00
1866 +3.389774200e-03 +3.389774200e-03 +9.478338977e+01 +9.478000000e+01 +9.5519e-01 -3.1429e+00 +3.9256e+00 -3.5328e+00 +2.4759e+00
1964 +2.073505265e-03 +2.073505265e-03 +9.478207351e+01 +9.478000000e+01 +9.5519e-01 -3.1429e+00 +3.9256e+00 -3.5328e+00 +2.5330e+00
2353 +1.298391196e-03 +1.298391196e-03 +9.478129839e+01 +9.478000000e+01 +9.5519e-01 -3.1429e+00 +3.9256e+00 -3.5082e+00 +2.5330e+00
2646 +9.881871567e-04 +9.881871567e-04 +9.478098819e+01 +9.478000000e+01 +9.5519e-01 -3.1429e+00 +3.8936e+00 -3.5082e+00 +2.5330e+00
3924 +6.100451773e-04 +6.100451773e-04 +9.478061005e+01 +9.478000000e+01 +9.2066e-01 -3.1429e+00 +3.9115e+00 -3.5082e+00 +2.5330e+00
15695 +2.934633327e-04 +2.934633327e-04 +9.478029346e+01 +9.478000000e+01 +9.2066e-01 -3.1429e+00 +3.9024e+00 -3.5082e+00 +2.5128e+00
16690 +1.157616325e-04 +1.157616325e-04 +9.478011576e+01 +9.478000000e+01 +9.3443e-01 -3.1429e+00 +3.9058e+00 -3.5071e+00 +2.5128e+00
18768 +5.450731641e-05 +5.450731641e-05 +9.478005451e+01 +9.478000000e+01 +9.3443e-01 -3.1464e+00 +3.9058e+00 -3.5061e+00 +2.5128e+00
50484 +5.960189213e-06 +5.960189213e-06 +9.478000596e+01 +9.478000000e+01 +9.3311e-01 -3.1529e+00 +3.9058e+00 -3.5061e+00 +2.5142e+00
81080 +3.641813933e-06 +3.641813933e-06 +9.478000364e+01 +9.478000000e+01 +9.3311e-01 -3.1529e+00 +3.9049e+00 -3.5061e+00 +2.5147e+00
109786 +1.971402540e-06 +1.971402540e-06 +9.478000197e+01 +9.478000000e+01 +9.3311e-01 -3.1529e+00 +3.9049e+00 -3.5049e+00 +2.5147e+00
136373 +5.946735513e-07 +5.946735513e-07 +9.478000059e+01 +9.478000000e+01 +9.3311e-01 -3.1529e+00 +3.9049e+00 -3.5049e+00 +2.5166e+00
160293 +3.898729943e-07 +3.898729943e-07 +9.478000039e+01 +9.478000000e+01 +9.3379e-01 -3.1529e+00 +3.9049e+00 -3.5049e+00 +2.5166e+00
284557 +6.768169669e-08 +6.768169669e-08 +9.478000007e+01 +9.478000000e+01 +9.3379e-01 -3.1529e+00 +3.9049e+00 -3.5049e+00 +2.5160e+00
311421 +5.881935294e-08 +5.881935294e-08 +9.478000006e+01 +9.478000000e+01 +9.3379e-01 -3.1527e+00 +3.9049e+00 -3.5049e+00 +2.5160e+00
351727 +1.778842318e-08 +1.778842318e-08 +9.478000002e+01 +9.478000000e+01 +9.3351e-01 -3.1528e+00 +3.9049e+00 -3.5049e+00 +2.5160e+00
% function evaluation | noise-free fitness - Fopt (2.339200000000e+02) | best noise-free fitness - Fopt | measured fitness | best measured fitness | x1 | x2...
1 +3.144226155e+01 +3.144226155e+01 +2.653622616e+02 +2.339200000e+02 -1.3065e+00 +1.4434e+00 -2.1248e+00 +1.0452e+00 +2.6484e+00
192 +1.895505948e+00 +1.895505948e+00 +2.358155059e+02 +2.339200000e+02 -3.8393e+00 -6.1240e-01 -2.8736e+00 -2.7863e+00 -1.3559e-01
280 +7.462838496e-01 +7.462838496e-01 +2.346662838e+02 +2.339200000e+02 -3.8393e+00 +9.4843e-01 -2.3553e+00 -2.7863e+00 -1.3559e-01
372 +4.246255630e-01 +4.246255630e-01 +2.343446256e+02 +2.339200000e+02 -3.8393e+00 +9.4843e-01 -2.8736e+00 -2.7863e+00 -1.3559e-01
456 +3.418876352e-01 +3.418876352e-01 +2.342618876e+02 +2.339200000e+02 -3.8393e+00 +9.4843e-01 -2.8736e+00 -2.7863e+00 -2.7576e-01
1014 +1.016385326e-01 +1.016385326e-01 +2.340216385e+02 +2.339200000e+02 -3.3816e+00 +9.4843e-01 -2.8736e+00 -2.9387e+00 -5.4000e-01
1285 +9.901867773e-02 +9.901867773e-02 +2.340190187e+02 +2.339200000e+02 -3.3816e+00 +9.4843e-01 -2.9248e+00 -2.9387e+00 -5.4000e-01
1918 +9.232281884e-03 +9.232281884e-03 +2.339292323e+02 +2.339200000e+02 -3.3816e+00 +7.1560e-01 -2.9248e+00 -2.9387e+00 -5.4000e-01
3536 +3.760144013e-03 +3.760144013e-03 +2.339237601e+02 +2.339200000e+02 -3.4040e+00 +5.9803e-01 -2.9248e+00 -2.9387e+00 -5.4000e-01
4496 +1.490120676e-03 +1.490120676e-03 +2.339214901e+02 +2.339200000e+02 -3.4040e+00 +6.1569e-01 -2.9248e+00 -2.9387e+00 -5.2101e-01
7258 +6.062556472e-04 +6.062556472e-04 +2.339206063e+02 +2.339200000e+02 -3.4392e+00 +6.3485e-01 -2.9203e+00 -2.9340e+00 -5.1498e-01
7551 +3.780448640e-04 +3.780448640e-04 +2.339203780e+02 +2.339200000e+02 -3.4151e+00 +6.3485e-01 -2.9203e+00 -2.9340e+00 -5.1498e-01
8837 +1.875013969e-04 +1.875013969e-04 +2.339201875e+02 +2.339200000e+02 -3.4151e+00 +6.3485e-01 -2.9203e+00 -2.9340e+00 -4.9757e-01
23281 +8.508658726e-05 +8.508658726e-05 +2.339200851e+02 +2.339200000e+02 -3.4151e+00 +6.3489e-01 -2.9232e+00 -2.9242e+00 -4.9757e-01
25110 +3.134219796e-05 +3.134219796e-05 +2.339200313e+02 +2.339200000e+02 -3.4195e+00 +6.3485e-01 -2.9248e+00 -2.9235e+00 -5.0221e-01
35395 +1.698833324e-05 +1.698833324e-05 +2.339200170e+02 +2.339200000e+02 -3.4229e+00 +6.3675e-01 -2.9248e+00 -2.9243e+00 -4.9757e-01
37020 +1.141282482e-05 +1.141282482e-05 +2.339200114e+02 +2.339200000e+02 -3.4229e+00 +6.3987e-01 -2.9248e+00 -2.9243e+00 -4.9757e-01
54439 +1.201553260e-06 +1.201553260e-06 +2.339200012e+02 +2.339200000e+02 -3.4229e+00 +6.3987e-01 -2.9248e+00 -2.9251e+00 -5.0144e-01
117066 +9.718736180e-07 +9.718736180e-07 +2.339200010e+02 +2.339200000e+02 -3.4229e+00 +6.3987e-01 -2.9248e+00 -2.9250e+00 -5.0130e-01
163528 +5.957005556e-07 +5.957005556e-07 +2.339200006e+02 +2.339200000e+02 -3.4229e+00 +6.3885e-01 -2.9248e+00 -2.9250e+00 -5.0125e-01
235022 +2.004227042e-07 +2.004227042e-07 +2.339200002e+02 +2.339200000e+02 -3.4222e+00 +6.3885e-01 -2.9248e+00 -2.9250e+00 -5.0066e-01
262192 +1.347900991e-07 +1.347900991e-07 +2.339200001e+02 +2.339200000e+02 -3.4222e+00 +6.3943e-01 -2.9248e+00 -2.9250e+00 -5.0066e-01
369430 +8.690579989e-08 +8.690579989e-08 +2.339200001e+02 +2.339200000e+02 -3.4225e+00 +6.3934e-01 -2.9248e+00 -2.9250e+00 -5.0066e-01
392466 +6.291642762e-08 +6.291642762e-08 +2.339200001e+02 +2.339200000e+02 -3.4225e+00 +6.3934e-01 -2.9248e+00 -2.9247e+00 -5.0066e-01
% function evaluation | noise-free fitness - Fopt (-6.092000000000e+01) | best noise-free fitness - Fopt | measured fitness | best measured fitness | x1 | x2...
1 +7.951653382e+01 +7.951653382e+01 +1.859653382e+01 -6.092000000e+01 -4.8580e+00 -2.0716e+00 +1.4038e+00 +1.0152e+00 +9.1480e-01
181 +4.108435255e+00 +4.108435255e+00 -5.681156474e+01 -6.092000000e+01 -1.0423e-01 +2.0180e+00 +1.8324e+00 -8.0509e-01 -2.6602e+00
265 +1.328126739e+00 +1.328126739e+00 -5.959187326e+01 -6.092000000e+01 -1.0423e-01 +2.6637e+00 +3.6436e+00 -8.0509e-01 -2.6602e+00
359 +4.807094628e-01 +4.807094628e-01 -6.043929054e+01 -6.092000000e+01 +1.5172e+00 +2.6637e+00 +3.6436e+00 -9.5642e-01 -3.1295e+00
617 +3.074512144e-01 +3.074512144e-01 -6.061254879e+01 -6.092000000e+01 +1.3595e+00 +2.6637e+00 +3.6436e+00 -9.5642e-01 -3.1295e+00
896 +1.141593925e-01 +1.141593925e-01 -6.080584061e+01 -6.092000000e+01 +1.0570e+00 +2.6637e+00 +3.6436e+00 -9.5642e-01 -3.1295e+00
989 +6.098371758e-02 +6.098371758e-02 -6.085901628e+01 -6.092000000e+01 +1.0570e+00 +2.5518e+00 +3.4506e+00 -9.5642e-01 -3.1295e+00
1168 +3.465076818e-02 +3.465076818e-02 -6.088534923e+01 -6.092000000e+01 +1.0570e+00 +2.5518e+00 +3.4506e+00 -1.0946e+00 -3.1295e+00
1441 +2.031991501e-02 +2.031991501e-02 -6.089968008e+01 -6.092000000e+01 +7.7063e-01 +2.5518e+00 +3.4506e+00 -1.0946e+00 -3.1295e+00
1795 +1.357132710e-02 +1.357132710e-02 -6.090642867e+01 -6.092000000e+01 +9.8689e-01 +2.5878e+00 +3.4506e+00 -1.0946e+00 -3.1295e+00
1981 +7.765467525e-03 +7.765467525e-03 -6.091223453e+01 -6.092000000e+01 +8.1977e-01 +2.5878e+00 +3.4353e+00 -1.0946e+00 -3.1295e+00
2250 +6.308019427e-03 +6.308019427e-03 -6.091369198e+01 -6.092000000e+01 +8.1977e-01 +2.5878e+00 +3.4353e+00 -1.0946e+00 -3.0817e+00
2721 +3.714622983e-03 +3.714622983e-03 -6.091628538e+01 -6.092000000e+01 +9.4518e-01 +2.5909e+00 +3.3963e+00 -1.1287e+00 -3.0817e+00
6880 +1.708112512e-03 +1.708112512e-03 -6.091829189e+01 -6.092000000e+01 +8.9846e-01 +2.6408e+00 +3.4113e+00 -1.1100e+00 -3.0810e+00
7164 +7.873853298e-04 +7.873853298e-04 -6.091921261e+01 -6.092000000e+01 +8.9846e-01 +2.6253e+00 +3.4113e+00 -1.1100e+00 -3.0810e+00
9818 +3.556074169e-04 +3.556074169e-04 -6.091964439e+01 -6.092000000e+01 +8.8297e-01 +2.5909e+00 +3.4233e+00 -1.1246e+00 -3.0849e+00
13750 +2.488832256e-04 +2.488832256e-04 -6.091975112e+01 -6.092000000e+01 +8.8896e-01 +2.5920e+00 +3.4031e+00 -1.1246e+00 -3.0849e+00
25935 +1.406981077e-04 +1.406981077e-04 -6.091985930e+01 -6.092000000e+01 +8.8896e-01 +2.5920e+00 +3.4115e+00 -1.1246e+00 -3.0909e+00
26201 +2.265896972e-05 +2.265896972e-05 -6.091997734e+01 -6.092000000e+01 +8.8896e-01 +2.6060e+00 +3.4115e+00 -1.1246e+00 -3.0909e+00
53342 +8.699208259e-06 +8.699208259e-06 -6.091999130e+01 -6.092000000e+01 +8.8896e-01 +2.6060e+00 +3.4118e+00 -1.1214e+00 -3.0909e+00
74755 +4.704857290e-06 +4.704857290e-06 -6.091999530e+01 -6.092000000e+01 +8.8896e-01 +2.6052e+00 +3.4118e+00 -1.1214e+00 -3.0909e+00
75232 +1.866156495e-06 +1.866156495e-06 -6.091999813e+01 -6.092000000e+01 +8.8896e-01 +2.6043e+00 +3.4118e+00 -1.1214e+00 -3.0909e+00
129015 +1.424099935e-06 +1.424099935e-06 -6.091999858e+01 -6.092000000e+01 +8.8885e-01 +2.6043e+00 +3.4118e+00 -1.1207e+00 -3.0909e+00
137529 +6.046216328e-07 +6.046216328e-07 -6.091999940e+01 -6.092000000e+01 +8.8885e-01 +2.6031e+00 +3.4118e+00 -1.1214e+00 -3.0909e+00
159356 +2.568439115e-07 +2.568439115e-07 -6.091999974e+01 -6.092000000e+01 +8.8885e-01 +2.6031e+00 +3.4118e+00 -1.1207e+00 -3.0909e+00
196734 +5.727592622e-08 +5.727592622e-08 -6.091999994e+01 -6.092000000e+01 +8.8885e-01 +2.6031e+00 +3.4118e+00 -1.1207e+00 -3.0903e+00
297328 +3.548576899e-08 +3.548576899e-08 -6.091999996e+01 -6.092000000e+01 +8.8885e-01 +2.6031e+00 +3.4119e+00 -1.1207e+00 -3.0903e+00
407169 +2.014311207e-08 +2.014311207e-08 -6.091999998e+01 -6.092000000e+01 +8.8885e-01 +2.6033e+00 +3.4120e+00 -1.1207e+00 -3.0903e+00
% function evaluation | noise-free fitness - Fopt (-1.948000000000e+01) | best noise-free fitness - Fopt | measured fitness | best measured fitness | x1 | x2...
1 +4.326977418e+01 +4.326977418e+01 +2.378977418e+01 -1.948000000e+01 +1.5880e-02 -2.5973e+00 +3.5809e+00 +4.9271e+00 +1.7075e+00
193 +5.190696255e+00 +5.190696255e+00 -1.428930374e+01 -1.948000000e+01 -1.1274e+00 +1.3788e+00 +3.0128e+00 +1.6876e+00 +3.9010e+00
283 +1.618536741e+00 +1.618536741e+00 -1.786146326e+01 -1.948000000e+01 -1.1274e+00 +1.3788e+00 +3.4687e-01 +1.9306e+00 +3.9010e+00
369 +5.835488934e-01 +5.835488934e-01 -1.889645111e+01 -1.948000000e+01 -1.1274e+00 +1.3788e+00 +1.1643e+00 +1.3533e+00 +3.4060e+00
546 +1.348522063e-01 +1.348522063e-01 -1.934514779e+01 -1.948000000e+01 -1.1274e+00 +1.9479e+00 +1.1643e+00 +1.6876e+00 +3.3036e+00
733 +8.094450951e-02 +8.094450951e-02 -1.939905549e+01 -1.948000000e+01 -9.1345e-01 +1.9479e+00 +1.1643e+00 +1.3533e+00 +3.3036e+00
1105 +3.378219760e-02 +3.378219760e-02 -1.944621780e+01 -1.948000000e+01 -9.1345e-01 +1.9479e+00 +9.1175e-01 +1.3533e+00 +3.1308e+00
1281 +2.123505668e-02 +2.123505668e-02 -1.945876494e+01 -1.948000000e+01 -9.1345e-01 +1.9479e+00 +9.1175e-01 +1.5442e+00 +3.1308e+00
1749 +1.498561888e-02 +1.498561888e-02 -1.946501438e+01 -1.948000000e+01 -9.3999e-01 +1.9759e+00 +9.1175e-01 +1.5442e+00 +3.1308e+00
2110 +7.611425534e-03 +7.611425534e-03 -1.947238857e+01 -1.948000000e+01 -9.4989e-01 +2.0026e+00 +1.0032e+00 +1.5442e+00 +3.1308e+00
2197 +4.601406274e-03 +4.601406274e-03 -1.947539859e+01 -1.948000000e+01 -9.4989e-01 +2.0026e+00 +1.0032e+00 +1.5117e+00 +3.1308e+00
2646 +2.687794489e-03 +2.687794489e-03 -1.947731221e+01 -1.948000000e+01 -9.4989e-01 +2.0471e+00 +1.0032e+00 +1.5117e+00 +3.1308e+00
3641 +2.133164016e-03 +2.133164016e-03 -1.947786684e+01 -1.948000000e+01 -9.4989e-01 +2.0471e+00 +1.0032e+00 +1.5117e+00 +3.1912e+00
3815 +1.335191001e-03 +1.335191001e-03 -1.947866481e+01 -1.948000000e+01 -9.4989e-01 +2.0471e+00 +1.0032e+00 +1.4921e+00 +3.1912e+00
4356 +7.691330491e-04 +7.691330491e-04 -1.947923087e+01 -1.948000000e+01 -9.4989e-01 +2.0471e+00 +1.0032e+00 +1.4921e+00 +3.1751e+00
4540 +2.762757787e-04 +2.762757787e-04 -1.947972372e+01 -1.948000000e+01 -9.4989e-01 +2.0471e+00 +9.7310e-01 +1.4921e+00 +3.1751e+00
4635 +1.864783578e-04 +1.864783578e-04 -1.947981352e+01 -1.948000000e+01 -9.4989e-01 +2.0471e+00 +9.7310e-01 +1.4771e+00 +3.1751e+00
9640 +1.106404717e-04 +1.106404717e-04 -1.947988936e+01 -1.948000000e+01 -9.4989e-01 +2.0471e+00 +9.7310e-01 +1.4771e+00 +3.1618e+00
29625 +9.340075029e-05 +9.340075029e-05 -1.947990660e+01 -1.948000000e+01 -9.6016e-01 +2.0465e+00 +9.7310e-01 +1.4771e+00 +3.1667e+00
31986 +5.428230680e-05 +5.428230680e-05 -1.947994572e+01 -1.948000000e+01 -9.5728e-01 +2.0465e+00 +9.8664e-01 +1.4837e+00 +3.1667e+00
41312 +3.160272893e-05 +3.160272893e-05 -1.947996840e+01 -1.948000000e+01 -9.5291e-01 +2.0465e+00 +9.7726e-01 +1.4837e+00 +3.1618e+00
51855 +9.000856462e-06 +9.000856462e-06 -1.947999100e+01 -1.948000000e+01 -9.5728e-01 +2.0471e+00 +9.8164e-01 +1.4811e+00 +3.1667e+00
94649 +5.232663469e-06 +5.232663469e-06 -1.947999477e+01 -1.948000000e+01 -9.5728e-01 +2.0465e+00 +9.8078e-01 +1.4811e+00 +3.1657e+00
94835 +3.014641482e-06 +3.014641482e-06 -1.947999699e+01 -1.948000000e+01 -9.5665e-01 +2.0465e+00 +9.8078e-01 +1.4811e+00 +3.1657e+00
116507 +4.327724454e-07 +4.327724454e-07 -1.947999957e+01 -1.948000000e+01 -9.5524e-01 +2.0465e+00 +9.8036e-01 +1.4811e+00 +3.1657e+00
177804 +1.135968013e-07 +1.135968013e-07 -1.947999989e+01 -1.948000000e+01 -9.5524e-01 +2.0465e+00 +9.8031e-01 +1.4816e+00 +3.1657e+00
367423 +5.591131824e-08 +5.591131824e-08 -1.947999994e+01 -1.948000000e+01 -9.5524e-01 +2.0465e+00 +9.7980e-01 +1.4816e+00 +3.1657e+00
% function evaluation | noise-free fitness - Fopt (1.344700000000e+02) | best noise-free fitness - Fopt | measured fitness | best measured fitness | x1 | x2...
1 +1.261410393e+02 +1.261410393e+02 +2.606110393e+02 +1.344700000e+02 -2.9729e+00 -1.4778e+00 -3.9427e+00 +1.8435e+00 +4.8095e+00
197 +2.638256204e+00 +2.638256204e+00 +1.371082562e+02 +1.344700000e+02 -3.0684e+00 +4.2810e+00 -3.7333e-01 -2.0574e+00 -2.7502e+00
297 +2.063990385e+00 +2.063990385e+00 +1.365339904e+02 +1.344700000e+02 -2.4872e+00 +3.5163e+00 -3.7333e-01 -2.0574e+00 -2.7502e+00
392 +1.247971015e+00 +1.247971015e+00 +1.357179710e+02 +1.344700000e+02 -3.0684e+00 +3.4174e+00 -3.7333e-01 -2.0574e+00 -3.3366e+00
488 +6.728873922e-01 +6.728873922e-01 +1.351428874e+02 +1.344700000e+02 -3.0684e+00 +2.8107e+00 -3.7333e-01 -2.8303e+00 -3.3366e+00
585 +3.974017565e-01 +3.974017565e-01 +1.348674018e+02 +1.344700000e+02 -3.0684e+00 +2.8107e+00 +8.0717e-01 -2.8303e+00 -3.3366e+00
681 +2.203431365e-01 +2.203431365e-01 +1.346903431e+02 +1.344700000e+02 -3.0684e+00 +2.8107e+00 +1.1632e-01 -2.8303e+00 -3.3366e+00
878 +5.511000791e-02 +5.511000791e-02 +1.345251100e+02 +1.344700000e+02 -3.0684e+00 +3.1605e+00 +3.6803e-01 -2.8303e+00 -3.3366e+00
1270 +3.299074712e-02 +3.299074712e-02 +1.345029907e+02 +1.344700000e+02 -3.4195e+00 +3.1605e+00 +3.6803e-01 -2.8303e+00 -3.1290e+00
1369 +8.298334827e-03 +8.298334827e-03 +1.344782983e+02 +1.344700000e+02 -3.2384e+00 +3.1605e+00 +3.6803e-01 -2.8303e+00 -3.1290e+00
1852 +2.265181247e-03 +2.265181247e-03 +1.344722652e+02 +1.344700000e+02 -3.2384e+00 +3.1605e+00 +3.6803e-01 -2.8399e+00 -3.2299e+00
3882 +8.432443360e-04 +8.432443360e-04 +1.344708432e+02 +1.344700000e+02 -3.2769e+00 +3.1605e+00 +3.3129e-01 -2.8399e+00 -3.2299e+00
7848 +3.478269229e-04 +3.478269229e-04 +1.344703478e+02 +1.344700000e+02 -3.2621e+00 +3.1575e+00 +3.3420e-01 -2.8338e+00 -3.1971e+00
12761 +9.420669448e-05 +9.420669448e-05 +1.344700942e+02 +1.344700000e+02 -3.2653e+00 +3.1553e+00 +3.3129e-01 -2.8438e+00 -3.2146e+00
20997 +5.656059574e-05 +5.656059574e-05 +1.344700566e+02 +1.344700000e+02 -3.2621e+00 +3.1575e+00 +3.3420e-01 -2.8523e+00 -3.2017e+00
21555 +1.902992861e-05 +1.902992861e-05 +1.344700190e+02 +1.344700000e+02 -3.2621e+00 +3.1575e+00 +3.3420e-01 -2.8523e+00 -3.2064e+00
48136 +6.935078488e-06 +6.935078488e-06 +1.344700069e+02 +1.344700000e+02 -3.2621e+00 +3.1575e+00 +3.3420e-01 -2.8483e+00 -3.2064e+00
48232 +4.629174612e-06 +4.629174612e-06 +1.344700046e+02 +1.344700000e+02 -3.2597e+00 +3.1553e+00 +3.3420e-01 -2.8483e+00 -3.2064e+00
54631 +3.138557332e-06 +3.138557332e-06 +1.344700031e+02 +1.344700000e+02 -3.2597e+00 +3.1553e+00 +3.3420e-01 -2.8483e+00 -3.2070e+00
131602 +2.260246703e-06 +2.260246703e-06 +1.344700023e+02 +1.344700000e+02 -3.2597e+00 +3.1553e+00 +3.3349e-01 -2.8488e+00 -3.2072e+00
142922 +1.253652869e-06 +1.253652869e-06 +1.344700013e+02 +1.344700000e+02 -3.2606e+00 +3.1555e+00 +3.3420e-01 -2.8488e+00 -3.2072e+00
168375 +9.085811712e-07 +9.085811712e-07 +1.344700009e+02 +1.344700000e+02 -3.2606e+00 +3.1555e+00 +3.3349e-01 -2.8488e+00 -3.2072e+00
305401 +5.750305831e-08 +5.750305831e-08 +1.344700001e+02 +1.344700000e+02 -3.2610e+00 +3.1559e+00 +3.3370e-01 -2.8488e+00 -3.2079e+00
326385 +2.583135483e-08 +2.583135483e-08 +1.344700000e+02 +1.344700000e+02 -3.2607e+00 +3.1559e+00 +3.3370e-01 -2.8488e+00 -3.2079e+00
358113 +2.373283792e-08 +2.373283792e-08 +1.344700000e+02 +1.344700000e+02 -3.2607e+00 +3.1561e+00 +3.3370e-01 -2.8488e+00 -3.2079e+00
% function evaluation | noise-free fitness - Fopt (4.453500000000e+02) | best noise-free fitness - Fopt | measured fitness | best measured fitness | x1 | x2...
1 +7.426980828e+01 +7.426980828e+01 +5.196198083e+02 +4.453500000e+02 +3.9519e+00 +4.9968e+00 +4.3437e-01 +4.4947e+00 +4.5924e+00
195 +4.433875960e+00 +4.433875960e+00 +4.497838760e+02 +4.453500000e+02 -2.3516e+00 +3.0949e+00 -1.8329e+00 +4.5302e-01 +1.8069e+00
286 +3.146282715e+00 +3.146282715e+00 +4.484962827e+02 +4.453500000e+02 -3.2601e+00 +3.0949e+00 -1.8329e+00 +6.2925e-01 +4.5124e+00
373 +2.252979738e+00 +2.252979738e+00 +4.476029797e+02 +4.453500000e+02 -3.2601e+00 +3.0949e+00 -1.8329e+00 +4.5302e-01 +4.1217e+00
459 +1.004408778e+00 +1.004408778e+00 +4.463544088e+02 +4.453500000e+02 -3.2601e+00 +3.7617e+00 -3.2523e-01 +4.5302e-01 +4.1217e+00
553 +8.759472719e-01 +8.759472719e-01 +4.462259473e+02 +4.453500000e+02 -3.2601e+00 +3.0949e+00 -3.2523e-01 +4.5302e-01 +4.1217e+00
648 +2.614709765e-01 +2.614709765e-01 +4.456114710e+02 +4.453500000e+02 -3.2601e+00 +3.0949e+00 -3.2523e-01 +6.2925e-01 +3.2278e+00
743 +9.039552455e-02 +9.039552455e-02 +4.454403955e+02 +4.453500000e+02 -3.2601e+00 +3.0949e+00 -5.6961e-01 +4.5302e-01 +3.2278e+00
837 +3.706916822e-02 +3.706916822e-02 +4.453870692e+02 +4.453500000e+02 -3.2601e+00 +3.3857e+00 -5.6961e-01 +4.5302e-01 +3.2278e+00
1630 +1.912833855e-02 +1.912833855e-02 +4.453691283e+02 +4.453500000e+02 -3.1272e+00 +3.3421e+00 -5.7529e-01 +3.9499e-01 +3.2278e+00
2257 +1.122128162e-02 +1.122128162e-02 +4.453612213e+02 +4.453500000e+02 -3.1272e+00 +3.3421e+00 -5.7529e-01 +2.6068e-01 +3.2278e+00
2879 +9.840566977e-03 +9.840566977e-03 +4.453598406e+02 +4.453500000e+02 -3.1272e+00 +3.3421e+00 -5.7529e-01 +3.0491e-01 +3.2278e+00
3687 +6.290901146e-03 +6.290901146e-03 +4.453562909e+02 +4.453500000e+02 -3.1272e+00 +3.3287e+00 -6.4091e-01 +3.0491e-01 +3.2447e+00
4317 +2.786071290e-03 +2.786071290e-03 +4.453527861e+02 +4.453500000e+02 -3.2237e+00 +3.3287e+00 -6.4091e-01 +3.0491e-01 +3.2447e+00
8275 +2.050520781e-03 +2.050520781e-03 +4.453520505e+02 +4.453500000e+02 -3.1773e+00 +3.3128e+00 -6.3094e-01 +3.3509e-01 +3.2834e+00
8943 +8.528260821e-04 +8.528260821e-04 +4.453508528e+02 +4.453500000e+02 -3.1773e+00 +3.3128e+00 -6.3094e-01 +2.8623e-01 +3.2834e+00
12732 +6.134107488e-04 +6.134107488e-04 +4.453506134e+02 +4.453500000e+02 -3.1744e+00 +3.3287e+00 -6.2172e-01 +3.0491e-01 +3.2694e+00
13549 +1.175336139e-04 +1.175336139e-04 +4.453501175e+02 +4.453500000e+02 -3.2015e+00 +3.3287e+00 -6.2172e-01 +3.0491e-01 +3.2843e+00
16014 +8.775869156e-05 +8.775869156e-05 +4.453500878e+02 +4.453500000e+02 -3.1959e+00 +3.3287e+00 -6.2640e-01 +3.0491e-01 +3.2868e+00
33236 +5.629333572e-05 +5.629333572e-05 +4.453500563e+02 +4.453500000e+02 -3.1969e+00 +3.3287e+00 -6.2172e-01 +3.0418e-01 +3.2834e+00
38526 +3.127733606e-05 +3.127733606e-05 +4.453500313e+02 +4.453500000e+02 -3.1914e+00 +3.3288e+00 -6.2640e-01 +2.9776e-01 +3.2834e+00
43498 +1.798338411e-05 +1.798338411e-05 +4.453500180e+02 +4.453500000e+02 -3.1959e+00 +3.3296e+00 -6.2172e-01 +3.0071e-01 +3.2843e+00
66788 +1.259417309e-05 +1.259417309e-05 +4.453500126e+02 +4.453500000e+02 -3.1959e+00 +3.3296e+00 -6.2172e-01 +2.9776e-01 +3.2841e+00
74506 +5.957926930e-06 +5.957926930e-06 +4.453500060e+02 +4.453500000e+02 -3.1914e+00 +3.3326e+00 -6.2172e-01 +2.9776e-01 +3.2834e+00
96132 +1.291575131e-06 +1.291575131e-06 +4.453500013e+02 +4.453500000e+02 -3.1934e+00 +3.3326e+00 -6.2172e-01 +2.9776e-01 +3.2834e+00
98134 +9.743631040e-07 +9.743631040e-07 +4.453500010e+02 +4.453500000e+02 -3.1934e+00 +3.3321e+00 -6.2172e-01 +2.9776e-01 +3.2834e+00
143689 +6.070844165e-07 +6.070844165e-07 +4.453500006e+02 +4.453500000e+02 -3.1934e+00 +3.3321e+00 -6.2205e-01 +2.9776e-01 +3.2831e+00
204480 +3.672771527e-07 +3.672771527e-07 +4.453500004e+02 +4.453500000e+02 -3.1934e+00 +3.3321e+00 -6.2247e-01 +2.9894e-01 +3.2831e+00
251225 +2.309638489e-07 +2.309638489e-07 +4.453500002e+02 +4.453500000e+02 -3.1936e+00 +3.3321e+00 -6.2247e-01 +2.9795e-01 +3.2831e+00
423877 +1.524003892e-07 +1.524003892e-07 +4.453500002e+02 +4.453500000e+02 -3.1936e+00 +3.3320e+00 -6.2243e-01 +2.9801e-01 +3.2832e+00
435372 +4.140326837e-08 +4.140326837e-08 +4.453500000e+02 +4.453500000e+02 -3.1936e+00 +3.3320e+00 -6.2243e-01 +2.9857e-01 +3.2831e+00
451634 +3.074632104e-08 +3.074632104e-08 +4.453500000e+02 +4.453500000e+02 -3.1936e+00 +3.3320e+00 -6.2243e-01 +2.9857e-01 +3.2832e+00
