% function evaluation | noise-free fitness - Fopt (7.948000000000e+01) | best noise-free fitness - Fopt | measured fitness | best measured fitness | x1 | x2...
1 +2.785403435e+01 +2.785403435e+01 +1.073340343e+02 +7.948000000e+01 +4.9460e+00 -3.5350e+00 -1.1395e+00
190 +4.104989891e-01 +4.104989891e-01 +7.989049899e+01 +7.948000000e+01 +2.6993e-01 -5.1686e-01 -6.9788e-01
286 +2.666712835e-01 +2.666712835e-01 +7.974667128e+01 +7.948000000e+01 +4.7865e-01 -6.9314e-01 -6.9788e-01
385 +1.719505023e-01 +1.719505023e-01 +7.965195050e+01 +7.948000000e+01 +5.8487e-01 -9.3381e-01 -6.1465e-01
481 +5.069961365e-02 +5.069961365e-02 +7.953069961e+01 +7.948000000e+01 +2.6993e-01 -9.3381e-01 -6.9788e-01
578 +1.722560475e-02 +1.722560475e-02 +7.949722560e+01 +7.948000000e+01 +2.6993e-01 -1.0293e+00 -6.9788e-01
672 +7.059496384e-03 +7.059496384e-03 +7.948705950e+01 +7.948000000e+01 +2.6993e-01 -1.0788e+00 -6.9788e-01
4389 +6.206571668e-03 +6.206571668e-03 +7.948620657e+01 +7.948000000e+01 +2.5319e-01 -1.0788e+00 -7.3507e-01
4481 +3.085435384e-03 +3.085435384e-03 +7.948308544e+01 +7.948000000e+01 +2.5319e-01 -1.1078e+00 -6.9788e-01
6054 +1.716564812e-03 +1.716564812e-03 +7.948171656e+01 +7.948000000e+01 +2.6715e-01 -1.1343e+00 -6.9232e-01
6638 +1.325939531e-03 +1.325939531e-03 +7.948132594e+01 +7.948000000e+01 +2.6715e-01 -1.1343e+00 -6.9924e-01
6935 +8.777197904e-04 +8.777197904e-04 +7.948087772e+01 +7.948000000e+01 +2.6715e-01 -1.1343e+00 -7.1117e-01
7826 +5.589227527e-04 +5.589227527e-04 +7.948055892e+01 +7.948000000e+01 +2.6715e-01 -1.1754e+00 -7.2171e-01
8211 +2.111687828e-04 +2.111687828e-04 +7.948021117e+01 +7.948000000e+01 +2.6715e-01 -1.1569e+00 -7.2171e-01
10101 +1.426456721e-04 +1.426456721e-04 +7.948014265e+01 +7.948000000e+01 +2.5319e-01 -1.1613e+00 -7.3507e-01
23897 +5.428457314e-06 +5.428457314e-06 +7.948000543e+01 +7.948000000e+01 +2.5319e-01 -1.1569e+00 -7.2171e-01
27315 +5.364917541e-07 +5.364917541e-07 +7.948000054e+01 +7.948000000e+01 +2.5265e-01 -1.1569e+00 -7.2471e-01
88264 +1.803584837e-08 +1.803584837e-08 +7.948000002e+01 +7.948000000e+01 +2.5274e-01 -1.1569e+00 -7.2398e-01
% function evaluation | noise-free fitness - Fopt (3.944800000000e+02) | best noise-free fitness - Fopt | measured fitness | best measured fitness | x1 | x2...
1 +6.045772758e+00 +6.045772758e+00 +4.005257728e+02 +3.944800000e+02 -4.4144e+00 -4.4598e+00 -1.9812e+00
194 +7.569917091e-01 +7.569917091e-01 +3.952369917e+02 +3.944800000e+02 -4.5884e+00 -2.7553e+00 -4.3149e+00
287 +4.692632990e-01 +4.692632990e-01 +3.949492633e+02 +3.944800000e+02 -3.3020e+00 -3.1817e+00 -3.6328e+00
380 +3.855978827e-01 +3.855978827e-01 +3.948655979e+02 +3.944800000e+02 -3.3020e+00 -2.9249e+00 -3.6328e+00
478 +1.293271063e-01 +1.293271063e-01 +3.946093271e+02 +3.944800000e+02 -3.7731e+00 -3.1817e+00 -3.6328e+00
570 +4.566168997e-02 +4.566168997e-02 +3.945256617e+02 +3.944800000e+02 -3.7731e+00 -2.9249e+00 -3.6328e+00
1034 +2.998851373e-02 +2.998851373e-02 +3.945099885e+02 +3.944800000e+02 -3.8934e+00 -2.9249e+00 -3.6328e+00
1223 +7.818148098e-03 +7.818148098e-03 +3.944878181e+02 +3.944800000e+02 -3.8575e+00 -2.9249e+00 -3.8728e+00
1320 +6.167094598e-03 +6.167094598e-03 +3.944861671e+02 +3.944800000e+02 -3.8934e+00 -2.9249e+00 -3.8728e+00
1794 +1.455853712e-03 +1.455853712e-03 +3.944814559e+02 +3.944800000e+02 -3.8934e+00 -2.9249e+00 -3.7868e+00
5636 +6.041501472e-04 +6.041501472e-04 +3.944806042e+02 +3.944800000e+02 -3.8956e+00 -2.8688e+00 -3.7909e+00
6448 +1.420971857e-04 +1.420971857e-04 +3.944801421e+02 +3.944800000e+02 -3.8956e+00 -2.8887e+00 -3.7909e+00
14123 +4.389668271e-05 +4.389668271e-05 +3.944800439e+02 +3.944800000e+02 -3.8982e+00 -2.8899e+00 -3.7958e+00
34111 +1.092153639e-07 +1.092153639e-07 +3.944800001e+02 +3.944800000e+02 -3.8982e+00 -2.8904e+00 -3.8026e+00
50812 +8.700038734e-08 +8.700038734e-08 +3.944800001e+02 +3.944800000e+02 -3.8982e+00 -2.8904e+00 -3.8026e+00
246897 +5.078652521e-08 +5.078652521e-08 +3.944800001e+02 +3.944800000e+02 -3.8982e+00 -2.8904e+00 -3.8025e+00
% function evaluation | noise-free fitness - Fopt (-2.471100000000e+02) | best noise-free fitness - Fopt | measured fitness | best measured fitness | x1 | x2...
1 +9.063041209e+01 +9.063041209e+01 -1.564795879e+02 -2.471100000e+02 +4.6838e+00 +4.4579e+00 -1.4532e+00
195 +3.427950907e-02 +3.427950907e-02 -2.470757205e+02 -2.471100000e+02 -3.6280e+00 +2.6270e-01 -7.3233e-01
289 +5.509003273e-03 +5.509003273e-03 -2.471044910e+02 -2.471100000e+02 -3.8150e+00 +2.6270e-01 -7.3233e-01
760 +2.028267428e-03 +2.028267428e-03 -2.471079717e+02 -2.471100000e+02 -3.8150e+00 +1.9551e-01 -7.3233e-01
855 +1.477531286e-03 +1.477531286e-03 -2.471085225e+02 -2.471100000e+02 -3.8150e+00 +1.9551e-01 -6.5742e-01
4086 +8.850198946e-04 +8.850198946e-04 -2.471091150e+02 -2.471100000e+02 -3.8044e+00 +1.9551e-01 -6.6309e-01
4467 +9.542302860e-05 +9.542302860e-05 -2.471099046e+02 -2.471100000e+02 -3.8044e+00 +1.9551e-01 -6.9029e-01
14113 +5.696933840e-05 +5.696933840e-05 -2.471099430e+02 -2.471100000e+02 -3.8044e+00 +2.0775e-01 -6.9029e-01
18071 +2.044437156e-05 +2.044437156e-05 -2.471099796e+02 -2.471100000e+02 -3.7955e+00 +2.0655e-01 -6.9029e-01
25687 +1.405032225e-05 +1.405032225e-05 -2.471099859e+02 -2.471100000e+02 -3.7970e+00 +2.0655e-01 -6.9029e-01
31969 +9.864291911e-06 +9.864291911e-06 -2.471099901e+02 -2.471100000e+02 -3.7955e+00 +2.0400e-01 -6.9029e-01
45984 +5.686609228e-06 +5.686609228e-06 -2.471099943e+02 -2.471100000e+02 -3.7970e+00 +2.0132e-01 -6.9080e-01
65880 +3.704639568e-06 +3.704639568e-06 -2.471099963e+02 -2.471100000e+02 -3.7988e+00 +2.0132e-01 -6.9123e-01
109255 +4.592658627e-07 +4.592658627e-07 -2.471099995e+02 -2.471100000e+02 -3.7988e+00 +2.0373e-01 -6.9123e-01
156212 +3.058501079e-07 +3.058501079e-07 -2.471099997e+02 -2.471100000e+02 -3.7985e+00 +2.0373e-01 -6.9123e-01
164988 +8.235039672e-08 +8.235039672e-08 -2.471099999e+02 -2.471100000e+02 -3.7985e+00 +2.0295e-01 -6.9123e-01
% function evaluation | noise-free fitness - Fopt (-1.520400000000e+02) | best noise-free fitness - Fopt | measured fitness | best measured fitness | x1 | x2...
1 +2.975300980e+01 +2.975300980e+01 -1.222869902e+02 -1.520400000e+02 +1.7944e+00 -3.6260e+00 -3.9203e+00
188 +1.145333197e+00 +1.145333197e+00 -1.508946668e+02 -1.520400000e+02 +2.6364e-01 +1.3302e+00 -3.0003e+00
353 +9.317110114e-01 +9.317110114e-01 -1.511082890e+02 -1.520400000e+02 -6.0998e-03 +1.3302e+00 -3.0003e+00
440 +4.400161495e-01 +4.400161495e-01 -1.515999839e+02 -1.520400000e+02 +1.9216e-01 +1.3302e+00 -3.4555e+00
527 +2.971744738e-01 +2.971744738e-01 -1.517428255e+02 -1.520400000e+02 -6.0998e-03 +1.3302e+00 -3.4555e+00
611 +2.290505337e-01 +2.290505337e-01 -1.518109495e+02 -1.520400000e+02 -2.7423e-01 +1.3302e+00 -3.4555e+00
1213 +5.160719096e-02 +5.160719096e-02 -1.519883928e+02 -1.520400000e+02 -2.7423e-01 +1.4193e+00 -3.6978e+00
1570 +2.754803509e-05 +2.754803509e-05 -1.520399725e+02 -1.520400000e+02 -2.6554e-01 +1.4193e+00 -3.9265e+00
2262 +2.496267308e-05 +2.496267308e-05 -1.520399750e+02 -1.520400000e+02 -2.6677e-01 +1.4193e+00 -3.9265e+00
14888 +7.259816925e-07 +7.259816925e-07 -1.520399993e+02 -1.520400000e+02 -2.6677e-01 +1.4247e+00 -3.9250e+00
20956 +3.397900059e-07 +3.397900059e-07 -1.520399997e+02 -1.520400000e+02 -2.6677e-01 +1.4243e+00 -3.9250e+00
39689 +1.561590750e-07 +1.561590750e-07 -1.520399998e+02 -1.520400000e+02 -2.6719e-01 +1.4243e+00 -3.9250e+00
% function evaluation | noise-free fitness - Fopt (-2.525000000000e+01) | best noise-free fitness - Fopt | measured fitness | best measured fitness | x1 | x2...
1 +6.886980780e+01 +6.886980780e+01 +4.361980780e+01 -2.525000000e+01 -2.8488e+00 -4.4475e+00 -2.5456e+00
200 +9.411146277e-01 +9.411146277e-01 -2.430888537e+01 -2.525000000e+01 +3.9950e+00 +1.1467e+00 -6.9040e-01
300 +4.465776926e-01 +4.465776926e-01 -2.480342231e+01 -2.525000000e+01 +3.7247e+00 +1.1467e+00 -1.0059e+00
398 +2.318770509e-01 +2.318770509e-01 -2.501812295e+01 -2.525000000e+01 +3.7247e+00 +8.5183e-01 -1.0059e+00
592 +8.310089252e-02 +8.310089252e-02 -2.516689911e+01 -2.525000000e+01 +3.7247e+00 +8.5183e-01 -1.2667e+00
692 +4.776123172e-02 +4.776123172e-02 -2.520223877e+01 -2.525000000e+01 +3.7247e+00 +5.2755e-01 -1.2667e+00
987 +3.678302627e-02 +3.678302627e-02 -2.521321697e+01 -2.525000000e+01 +3.7247e+00 +6.1051e-01 -1.2667e+00
1573 +2.490973894e-02 +2.490973894e-02 -2.522509026e+01 -2.525000000e+01 +3.5972e+00 +6.1051e-01 -1.2667e+00
1673 +2.201712287e-03 +2.201712287e-03 -2.524779829e+01 -2.525000000e+01 +3.6457e+00 +6.1051e-01 -1.3968e+00
1771 +1.520040607e-03 +1.520040607e-03 -2.524847996e+01 -2.525000000e+01 +3.5972e+00 +6.1051e-01 -1.3968e+00
1965 +9.290124091e-04 +9.290124091e-04 -2.524907099e+01 -2.525000000e+01 +3.5972e+00 +6.3091e-01 -1.3968e+00
11816 +1.874042300e-05 +1.874042300e-05 -2.524998126e+01 -2.525000000e+01 +3.6147e+00 +6.3091e-01 -1.4211e+00
23291 +1.410484276e-05 +1.410484276e-05 -2.524998590e+01 -2.525000000e+01 +3.6147e+00 +6.3149e-01 -1.4211e+00
33812 +1.577471323e-06 +1.577471323e-06 -2.524999842e+01 -2.525000000e+01 +3.6147e+00 +6.3631e-01 -1.4211e+00
34083 +4.851837616e-07 +4.851837616e-07 -2.524999951e+01 -2.525000000e+01 +3.6147e+00 +6.3481e-01 -1.4211e+00
47829 +2.453459977e-07 +2.453459977e-07 -2.524999975e+01 -2.525000000e+01 +3.6147e+00 +6.3481e-01 -1.4217e+00
118010 +1.299323422e-07 +1.299323422e-07 -2.524999987e+01 -2.525000000e+01 +3.6147e+00 +6.3501e-01 -1.4217e+00
170563 +9.229619735e-09 +9.229619735e-09 -2.524999999e+01 -2.525000000e+01 +3.6144e+00 +6.3528e-01 -1.4216e+00
% function evaluation | noise-free fitness - Fopt (2.230000000000e+00) | best noise-free fitness - Fopt | measured fitness | best measured fitness | x1 | x2...
1 +8.422223807e+00 +8.422223807e+00 +1.065222381e+01 +2.230000000e+00 +3.0593e+00 -2.2428e+00 -2.7858e+00
199 +2.111400896e+00 +2.111400896e+00 +4.341400896e+00 +2.230000000e+00 +4.4933e+00 -2.8538e+00 +1.2218e+00
298 +1.927198741e-01 +1.927198741e-01 +2.422719874e+00 +2.230000000e+00 +3.8790e+00 -2.5944e+00 +3.4999e-01
594 +6.007885453e-02 +6.007885453e-02 +2.290078855e+00 +2.230000000e+00 +3.8790e+00 -2.5944e+00 -5.2167e-02
790 +1.063313666e-02 +1.063313666e-02 +2.240633137e+00 +2.230000000e+00 +3.9300e+00 -2.4511e+00 -5.2167e-02
889 +9.837635020e-03 +9.837635020e-03 +2.239837635e+00 +2.230000000e+00 +3.9300e+00 -2.4468e+00 -5.2167e-02
1480 +1.058682048e-03 +1.058682048e-03 +2.231058682e+00 +2.230000000e+00 +3.9300e+00 -2.3251e+00 -1.1525e-02
1870 +3.419846256e-04 +3.419846256e-04 +2.230341985e+00 +2.230000000e+00 +3.9300e+00 -2.3415e+00 -1.1525e-02
3540 +1.779912430e-04 +1.779912430e-04 +2.230177991e+00 +2.230000000e+00 +3.9300e+00 -2.3504e+00 -1.1525e-02
3638 +1.550893265e-04 +1.550893265e-04 +2.230155089e+00 +2.230000000e+00 +3.9290e+00 -2.3504e+00 -1.1525e-02
10445 +4.709488860e-05 +4.709488860e-05 +2.230047095e+00 +2.230000000e+00 +3.9204e+00 -2.3504e+00 -1.1525e-02
20953 +3.976581366e-05 +3.976581366e-05 +2.230039766e+00 +2.230000000e+00 +3.9204e+00 -2.3504e+00 -1.9563e-02
22652 +1.732517329e-05 +1.732517329e-05 +2.230017325e+00 +2.230000000e+00 +3.9204e+00 -2.3543e+00 -1.9563e-02
29410 +1.360930574e-05 +1.360930574e-05 +2.230013609e+00 +2.230000000e+00 +3.9180e+00 -2.3543e+00 -1.9563e-02
33302 +7.222692371e-06 +7.222692371e-06 +2.230007223e+00 +2.230000000e+00 +3.9204e+00 -2.3543e+00 -1.4390e-02
36107 +4.869886019e-06 +4.869886019e-06 +2.230004870e+00 +2.230000000e+00 +3.9172e+00 -2.3543e+00 -1.4390e-02
42108 +9.355889432e-07 +9.355889432e-07 +2.230000936e+00 +2.230000000e+00 +3.9180e+00 -2.3543e+00 -1.5860e-02
91489 +5.218327668e-07 +5.218327668e-07 +2.230000522e+00 +2.230000000e+00 +3.9180e+00 -2.3546e+00 -1.5860e-02
213581 +3.490915086e-07 +3.490915086e-07 +2.230000349e+00 +2.230000000e+00 +3.9184e+00 -2.3546e+00 -1.5915e-02
265635 +2.460307913e-08 +2.460307913e-08 +2.230000025e+00 +2.230000000e+00 +3.9184e+00 -2.3551e+00 -1.5915e-02
% function evaluation | noise-free fitness - Fopt (-1.308000000000e+01) | best noise-free fitness - Fopt | measured fitness | best measured fitness | x1 | x2...
1 +7.470718252e+01 +7.470718252e+01 +6.162718252e+01 -1.308000000e+01 +1.3416e+00 +2.1221e+00 -4.0381e+00
186 +5.535996977e-01 +5.535996977e-01 -1.252640030e+01 -1.308000000e+01 -2.6845e-01 -2.4560e+00 +3.7320e+00
352 +2.153585306e-01 +2.153585306e-01 -1.286464147e+01 -1.308000000e+01 +2.4268e-01 -2.3411e+00 +3.7320e+00
518 +8.810616129e-02 +8.810616129e-02 -1.299189384e+01 -1.308000000e+01 +2.4268e-01 -2.1297e+00 +3.7320e+00
606 +5.254587021e-02 +5.254587021e-02 -1.302745413e+01 -1.308000000e+01 +2.4268e-01 -1.9853e+00 +3.7320e+00
1041 +2.575089985e-02 +2.575089985e-02 -1.305424910e+01 -1.308000000e+01 +2.4268e-01 -1.9853e+00 +3.3610e+00
1795 +2.493394596e-02 +2.493394596e-02 -1.305506605e+01 -1.308000000e+01 +2.4268e-01 -1.8923e+00 +3.3610e+00
3255 +1.339876422e-02 +1.339876422e-02 -1.306660124e+01 -1.308000000e+01 +2.4268e-01 -1.9024e+00 +3.4030e+00
5159 +5.396643228e-03 +5.396643228e-03 -1.307460336e+01 -1.308000000e+01 +1.6226e-01 -1.9048e+00 +3.4670e+00
5245 +1.125397756e-03 +1.125397756e-03 -1.307887460e+01 -1.308000000e+01 +2.0062e-01 -1.9048e+00 +3.5015e+00
5419 +9.665159942e-04 +9.665159942e-04 -1.307903348e+01 -1.308000000e+01 +2.1672e-01 -1.9048e+00 +3.5015e+00
6031 +3.979689649e-04 +3.979689649e-04 -1.307960203e+01 -1.308000000e+01 +2.1672e-01 -1.9520e+00 +3.5015e+00
13781 +2.319434444e-04 +2.319434444e-04 -1.307976806e+01 -1.308000000e+01 +2.1672e-01 -1.9225e+00 +3.5015e+00
16542 +1.294058198e-04 +1.294058198e-04 -1.307987059e+01 -1.308000000e+01 +2.1672e-01 -1.9248e+00 +3.5157e+00
18223 +8.096163680e-05 +8.096163680e-05 -1.307991904e+01 -1.308000000e+01 +2.1454e-01 -1.9416e+00 +3.5157e+00
26287 +5.481249004e-05 +5.481249004e-05 -1.307994519e+01 -1.308000000e+01 +2.1454e-01 -1.9416e+00 +3.5117e+00
27822 +2.925172977e-05 +2.925172977e-05 -1.307997075e+01 -1.308000000e+01 +2.1454e-01 -1.9351e+00 +3.5157e+00
29702 +5.751146983e-06 +5.751146983e-06 -1.307999425e+01 -1.308000000e+01 +2.1454e-01 -1.9351e+00 +3.5125e+00
35462 +3.157044201e-06 +3.157044201e-06 -1.307999684e+01 -1.308000000e+01 +2.1454e-01 -1.9336e+00 +3.5117e+00
42545 +1.653266773e-06 +1.653266773e-06 -1.307999835e+01 -1.308000000e+01 +2.1454e-01 -1.9336e+00 +3.5108e+00
48770 +1.539338241e-06 +1.539338241e-06 -1.307999846e+01 -1.308000000e+01 +2.1275e-01 -1.9351e+00 +3.5109e+00
112660 +7.374814963e-07 +7.374814963e-07 -1.307999926e+01 -1.308000000e+01 +2.1297e-01 -1.9340e+00 +3.5108e+00
142225 +5.846294986e-07 +5.846294986e-07 -1.307999942e+01 -1.308000000e+01 +2.1297e-01 -1.9340e+00 +3.5106e+00
172605 +2.346093062e-07 +2.346093062e-07 -1.307999977e+01 -1.308000000e+01 +2.1337e-01 -1.9340e+00 +3.5106e+00
215378 +7.660468349e-08 +7.660468349e-08 -1.307999992e+01 -1.308000000e+01 +2.1351e-01 -1.9346e+00 +3.5106e+00
253636 +6.188370527e-08 +6.188370527e-08 -1.307999994e+01 -1.308000000e+01 +2.1351e-01 -1.9346e+00 +3.5103e+00
280866 +3.717378760e-08 +3.717378760e-08 -1.307999996e+01 -1.308000000e+01 +2.1351e-01 -1.9346e+00 +3.5105e+00
% function evaluation | noise-free fitness - Fopt (2.671600000000e+02) | best noise-free fitness - Fopt | measured fitness | best measured fitness | x1 | x2...
1 +9.285142666e+01 +9.285142666e+01 +3.600114267e+02 +2.671600000e+02 -2.3786e-01 +4.3761e+00 +1.1603e+00
196 +9.485161955e-01 +9.485161955e-01 +2.681085162e+02 +2.671600000e+02 -3.4100e+00 -3.5850e+00 -4.3112e+00
294 +1.967448667e-01 +1.967448667e-01 +2.673567449e+02 +2.671600000e+02 -2.5372e+00 -3.5850e+00 -3.6659e+00
392 +4.374391398e-02 +4.374391398e-02 +2.672037439e+02 +2.671600000e+02 -2.9605e+00 -3.5850e+00 -3.6659e+00
974 +1.986547023e-02 +1.986547023e-02 +2.671798655e+02 +2.671600000e+02 -2.9605e+00 -3.5850e+00 -3.5930e+00
1164 +1.100744894e-02 +1.100744894e-02 +2.671710074e+02 +2.671600000e+02 -2.9605e+00 -3.5850e+00 -3.5514e+00
1255 +8.608596971e-03 +8.608596971e-03 +2.671686086e+02 +2.671600000e+02 -2.9605e+00 -3.6537e+00 -3.5514e+00
3595 +1.903111242e-03 +1.903111242e-03 +2.671619031e+02 +2.671600000e+02 -2.9451e+00 -3.6537e+00 -3.4285e+00
6369 +8.631505819e-04 +8.631505819e-04 +2.671608632e+02 +2.671600000e+02 -2.9587e+00 -3.6367e+00 -3.4614e+00
7227 +1.572256385e-04 +1.572256385e-04 +2.671601572e+02 +2.671600000e+02 -2.9414e+00 -3.6367e+00 -3.4614e+00
8094 +2.198070507e-05 +2.198070507e-05 +2.671600220e+02 +2.671600000e+02 -2.9275e+00 -3.6367e+00 -3.4614e+00
33905 +6.881959109e-06 +6.881959109e-06 +2.671600069e+02 +2.671600000e+02 -2.9275e+00 -3.6367e+00 -3.4672e+00
40686 +3.719871302e-06 +3.719871302e-06 +2.671600037e+02 +2.671600000e+02 -2.9311e+00 -3.6367e+00 -3.4644e+00
58722 +2.190772079e-06 +2.190772079e-06 +2.671600022e+02 +2.671600000e+02 -2.9305e+00 -3.6367e+00 -3.4644e+00
72844 +1.482896380e-06 +1.482896380e-06 +2.671600015e+02 +2.671600000e+02 -2.9305e+00 -3.6367e+00 -3.4648e+00
119600 +9.441867519e-07 +9.441867519e-07 +2.671600009e+02 +2.671600000e+02 -2.9288e+00 -3.6367e+00 -3.4662e+00
158576 +3.859097433e-07 +3.859097433e-07 +2.671600004e+02 +2.671600000e+02 -2.9294e+00 -3.6367e+00 -3.4662e+00
185477 +1.288321982e-07 +1.288321982e-07 +2.671600001e+02 +2.671600000e+02 -2.9294e+00 -3.6367e+00 -3.4659e+00
% function evaluation | noise-free fitness - Fopt (3.710000000000e+00) | best noise-free fitness - Fopt | measured fitness | best measured fitness | x1 | x2...
1 +1.701239709e+01 +1.701239709e+01 +2.072239709e+01 +3.710000000e+00 +3.1112e+00 -3.5975e+00 +4.8345e+00
196 +4.480837116e-01 +4.480837116e-01 +4.158083712e+00 +3.710000000e+00 +4.0817e+00 -3.1382e+00 +1.6342e-01
296 +1.712187531e-02 +1.712187531e-02 +3.727121875e+00 +3.710000000e+00 +4.0817e+00 -3.1382e+00 +8.0832e-01
493 +1.464191018e-02 +1.464191018e-02 +3.724641910e+00 +3.710000000e+00 +4.0689e+00 -3.1382e+00 +8.0832e-01
781 +6.753680670e-03 +6.753680670e-03 +3.716753681e+00 +3.710000000e+00 +3.9959e+00 -3.1382e+00 +8.0832e-01
1175 +4.670120743e-04 +4.670120743e-04 +3.710467012e+00 +3.710000000e+00 +3.9959e+00 -3.2128e+00 +8.0832e-01
10634 +1.053729923e-04 +1.053729923e-04 +3.710105373e+00 +3.710000000e+00 +3.9778e+00 -3.2128e+00 +8.1095e-01
11363 +8.795412844e-05 +8.795412844e-05 +3.710087954e+00 +3.710000000e+00 +3.9778e+00 -3.2200e+00 +8.1095e-01
18681 +8.517712548e-06 +8.517712548e-06 +3.710008518e+00 +3.710000000e+00 +3.9778e+00 -3.2200e+00 +8.1845e-01
47752 +5.510508913e-06 +5.510508913e-06 +3.710005511e+00 +3.710000000e+00 +3.9778e+00 -3.2193e+00 +8.1845e-01
49773 +3.629289945e-06 +3.629289945e-06 +3.710003629e+00 +3.710000000e+00 +3.9778e+00 -3.2193e+00 +8.1929e-01
73719 +8.773984543e-07 +8.773984543e-07 +3.710000877e+00 +3.710000000e+00 +3.9778e+00 -3.2174e+00 +8.1929e-01
117506 +4.676060978e-07 +4.676060978e-07 +3.710000468e+00 +3.710000000e+00 +3.9778e+00 -3.2175e+00 +8.2035e-01
160922 +3.263777035e-07 +3.263777035e-07 +3.710000326e+00 +3.710000000e+00 +3.9788e+00 -3.2175e+00 +8.2035e-01
269711 +1.900714692e-07 +1.900714692e-07 +3.710000190e+00 +3.710000000e+00 +3.9782e+00 -3.2175e+00 +8.2035e-01
% function evaluation | noise-free fitness - Fopt (9.478000000000e+01) | best noise-free fitness - Fopt | measured fitness | best measured fitness | x1 | x2...
1 +1.633389383e+01 +1.633389383e+01 +1.111138938e+02 +9.478000000e+01 -1.0424e-01 +6.3108e-01 +2.9357e+00
188 +1.225637431e-01 +1.225637431e-01 +9.490256374e+01 +9.478000000e+01 +1.2131e+00 -2.9675e+00 +4.0053e+00
266 +2.400008545e-02 +2.400008545e-02 +9.480400009e+01 +9.478000000e+01 +9.8566e-01 -3.0073e+00 +3.9153e+00
628 +3.803797466e-04 +3.803797466e-04 +9.478038038e+01 +9.478000000e+01 +9.1792e-01 -3.1480e+00 +3.9153e+00
10856 +2.095449381e-04 +2.095449381e-04 +9.478020954e+01 +9.478000000e+01 +9.4351e-01 -3.1530e+00 +3.9153e+00
12602 +1.383598003e-04 +1.383598003e-04 +9.478013836e+01 +9.478000000e+01 +9.4351e-01 -3.1530e+00 +3.9111e+00
13146 +7.713555885e-05 +7.713555885e-05 +9.478007714e+01 +9.478000000e+01 +9.2751e-01 -3.1530e+00 +3.9111e+00
21800 +5.363300856e-05 +5.363300856e-05 +9.478005363e+01 +9.478000000e+01 +9.2751e-01 -3.1530e+00 +3.9007e+00
22324 +1.918737341e-05 +1.918737341e-05 +9.478001919e+01 +9.478000000e+01 +9.3755e-01 -3.1530e+00 +3.9029e+00
26770 +2.268532171e-07 +2.268532171e-07 +9.478000023e+01 +9.478000000e+01 +9.3353e-01 -3.1530e+00 +3.9044e+00
110308 +9.679300206e-08 +9.679300206e-08 +9.478000010e+01 +9.478000000e+01 +9.3353e-01 -3.1530e+00 +3.9046e+00
267853 +5.319324714e-08 +5.319324714e-08 +9.478000005e+01 +9.478000000e+01 +9.3353e-01 -3.1528e+00 +3.9046e+00
% function evaluation | noise-free fitness - Fopt (2.339200000000e+02) | best noise-free fitness - Fopt | measured fitness | best measured fitness | x1 | x2...
1 +4.187500085e-01 +4.187500085e-01 +2.343387500e+02 +2.339200000e+02 -3.9225e+00 +7.2461e-01 -2.5232e+00
194 +6.939774001e-01 +6.939774001e-01 +2.346139774e+02 +2.339200000e+02 -3.0264e+00 +2.7520e-01 -2.2887e+00
288 +1.952794674e-01 +1.952794674e-01 +2.341152795e+02 +2.339200000e+02 -3.5193e+00 +2.7520e-01 -2.6937e+00
382 +1.492648081e-01 +1.492648081e-01 +2.340692648e+02 +2.339200000e+02 -3.5193e+00 +2.7520e-01 -3.0107e+00
470 +9.078446790e-02 +9.078446790e-02 +2.340107845e+02 +2.339200000e+02 -3.5193e+00 +8.0654e-01 -2.6937e+00
568 +4.476980863e-02 +4.476980863e-02 +2.339647698e+02 +2.339200000e+02 -3.5193e+00 +8.0654e-01 -3.0107e+00
663 +2.898302184e-02 +2.898302184e-02 +2.339489830e+02 +2.339200000e+02 -3.5193e+00 +7.4972e-01 -3.0107e+00
759 +8.029232331e-03 +8.029232331e-03 +2.339280292e+02 +2.339200000e+02 -3.4183e+00 +6.6425e-01 -3.0107e+00
854 +1.010214396e-03 +1.010214396e-03 +2.339210102e+02 +2.339200000e+02 -3.4183e+00 +6.6425e-01 -2.9439e+00
949 +4.782958812e-04 +4.782958812e-04 +2.339204783e+02 +2.339200000e+02 -3.4183e+00 +6.2943e-01 -2.9439e+00
1888 +3.833530402e-04 +3.833530402e-04 +2.339203834e+02 +2.339200000e+02 -3.4183e+00 +6.3993e-01 -2.9439e+00
2083 +2.202014930e-04 +2.202014930e-04 +2.339202202e+02 +2.339200000e+02 -3.4183e+00 +6.3993e-01 -2.9391e+00
2462 +2.966380120e-05 +2.966380120e-05 +2.339200297e+02 +2.339200000e+02 -3.4183e+00 +6.3993e-01 -2.9213e+00
14992 +1.313061452e-05 +1.313061452e-05 +2.339200131e+02 +2.339200000e+02 -3.4226e+00 +6.3993e-01 -2.9213e+00
17627 +8.881058875e-06 +8.881058875e-06 +2.339200089e+02 +2.339200000e+02 -3.4226e+00 +6.3993e-01 -2.9219e+00
28914 +4.749650401e-06 +4.749650401e-06 +2.339200047e+02 +2.339200000e+02 -3.4226e+00 +6.3993e-01 -2.9228e+00
33101 +7.031283928e-07 +7.031283928e-07 +2.339200007e+02 +2.339200000e+02 -3.4226e+00 +6.3993e-01 -2.9251e+00
39409 +2.751760348e-07 +2.751760348e-07 +2.339200003e+02 +2.339200000e+02 -3.4226e+00 +6.3952e-01 -2.9251e+00
99248 +1.731486634e-07 +1.731486634e-07 +2.339200002e+02 +2.339200000e+02 -3.4226e+00 +6.3952e-01 -2.9247e+00
267596 +1.271032204e-07 +1.271032204e-07 +2.339200001e+02 +2.339200000e+02 -3.4223e+00 +6.3952e-01 -2.9247e+00
% function evaluation | noise-free fitness - Fopt (-6.092000000000e+01) | best noise-free fitness - Fopt | measured fitness | best measured fitness | x1 | x2...
1 +4.053493931e+01 +4.053493931e+01 -2.038506069e+01 -6.092000000e+01 -4.7952e+00 -2.5340e-01 +3.1530e+00
190 +4.630194225e-01 +4.630194225e-01 -6.045698058e+01 -6.092000000e+01 +1.1641e+00 +3.1486e+00 +3.7117e+00
286 +1.416268323e-01 +1.416268323e-01 -6.077837317e+01 -6.092000000e+01 +1.1641e+00 +2.7709e+00 +3.2178e+00
379 +9.940061331e-02 +9.940061331e-02 -6.082059939e+01 -6.092000000e+01 +1.1011e+00 +2.7709e+00 +3.5739e+00
761 +6.009187752e-02 +6.009187752e-02 -6.085990812e+01 -6.092000000e+01 +8.1294e-01 +2.7709e+00 +3.5739e+00
858 +3.635025826e-02 +3.635025826e-02 -6.088364974e+01 -6.092000000e+01 +8.1294e-01 +2.7709e+00 +3.4616e+00
1047 +9.503507075e-03 +9.503507075e-03 -6.091049649e+01 -6.092000000e+01 +8.1294e-01 +2.6392e+00 +3.4616e+00
1141 +5.224834606e-03 +5.224834606e-03 -6.091477517e+01 -6.092000000e+01 +8.5037e-01 +2.6392e+00 +3.4616e+00
3495 +3.622114272e-03 +3.622114272e-03 -6.091637789e+01 -6.092000000e+01 +9.1878e-01 +2.6249e+00 +3.4595e+00
3582 +2.393094536e-03 +2.393094536e-03 -6.091760691e+01 -6.092000000e+01 +9.1878e-01 +2.6249e+00 +3.3800e+00
5369 +3.163816198e-04 +3.163816198e-04 -6.091968362e+01 -6.092000000e+01 +8.7365e-01 +2.6087e+00 +3.4045e+00
5914 +1.989216838e-04 +1.989216838e-04 -6.091980108e+01 -6.092000000e+01 +8.7822e-01 +2.6087e+00 +3.4045e+00
7315 +1.561796125e-04 +1.561796125e-04 -6.091984382e+01 -6.092000000e+01 +8.8048e-01 +2.6087e+00 +3.4045e+00
16876 +8.765753957e-05 +8.765753957e-05 -6.091991234e+01 -6.092000000e+01 +8.9555e-01 +2.6072e+00 +3.4069e+00
21442 +6.151944518e-05 +6.151944518e-05 -6.091993848e+01 -6.092000000e+01 +8.8948e-01 +2.6053e+00 +3.4045e+00
32120 +9.673283877e-06 +9.673283877e-06 -6.091999033e+01 -6.092000000e+01 +8.8948e-01 +2.6053e+00 +3.4142e+00
52076 +4.609571661e-06 +4.609571661e-06 -6.091999539e+01 -6.092000000e+01 +8.8948e-01 +2.6015e+00 +3.4109e+00
62626 +1.842454637e-06 +1.842454637e-06 -6.091999816e+01 -6.092000000e+01 +8.8948e-01 +2.6027e+00 +3.4109e+00
125433 +5.426361938e-07 +5.426361938e-07 -6.091999946e+01 -6.092000000e+01 +8.8948e-01 +2.6034e+00 +3.4122e+00
% function evaluation | noise-free fitness - Fopt (-1.948000000000e+01) | best noise-free fitness - Fopt | measured fitness | best measured fitness | x1 | x2...
1 +1.180922757e+01 +1.180922757e+01 -7.670772427e+00 -1.948000000e+01 -3.5149e+00 +2.3676e+00 -1.2902e+00
192 +6.068369737e-01 +6.068369737e-01 -1.887316303e+01 -1.948000000e+01 -9.6543e-01 +1.4706e+00 +1.5046e+00
284 +1.889379678e-01 +1.889379678e-01 -1.929106203e+01 -1.948000000e+01 -5.7902e-01 +1.9327e+00 +1.1657e+00
378 +4.753130358e-02 +4.753130358e-02 -1.943246870e+01 -1.948000000e+01 -9.6543e-01 +1.9327e+00 +1.1657e+00
567 +2.610738176e-02 +2.610738176e-02 -1.945389262e+01 -1.948000000e+01 -9.6543e-01 +1.9327e+00 +1.0943e+00
662 +1.438106078e-02 +1.438106078e-02 -1.946561894e+01 -1.948000000e+01 -9.6543e-01 +2.0117e+00 +1.0943e+00
1391 +4.315871218e-03 +4.315871218e-03 -1.947568413e+01 -1.948000000e+01 -9.6543e-01 +2.0268e+00 +1.0419e+00
2046 +1.725500530e-03 +1.725500530e-03 -1.947827450e+01 -1.948000000e+01 -9.6543e-01 +2.0321e+00 +9.4237e-01
3235 +8.689374352e-04 +8.689374352e-04 -1.947913106e+01 -1.948000000e+01 -9.6543e-01 +2.0321e+00 +1.0037e+00
8851 +3.018471927e-04 +3.018471927e-04 -1.947969815e+01 -1.948000000e+01 -9.4933e-01 +2.0301e+00 +9.8075e-01
9242 +2.429117218e-04 +2.429117218e-04 -1.947975709e+01 -1.948000000e+01 -9.4933e-01 +2.0320e+00 +9.8075e-01
13459 +6.880586007e-05 +6.880586007e-05 -1.947993119e+01 -1.948000000e+01 -9.5382e-01 +2.0513e+00 +9.7345e-01
13823 +4.215747422e-05 +4.215747422e-05 -1.947995784e+01 -1.948000000e+01 -9.5382e-01 +2.0513e+00 +9.7598e-01
16840 +2.652300116e-05 +2.652300116e-05 -1.947997348e+01 -1.948000000e+01 -9.5382e-01 +2.0513e+00 +9.8075e-01
17797 +8.523274186e-06 +8.523274186e-06 -1.947999148e+01 -1.948000000e+01 -9.5382e-01 +2.0439e+00 +9.8075e-01
82802 +5.650636581e-06 +5.650636581e-06 -1.947999435e+01 -1.948000000e+01 -9.5382e-01 +2.0482e+00 +9.8075e-01
116123 +2.835628205e-06 +2.835628205e-06 -1.947999716e+01 -1.948000000e+01 -9.5382e-01 +2.0458e+00 +9.8075e-01
130045 +1.044586991e-06 +1.044586991e-06 -1.947999896e+01 -1.948000000e+01 -9.5488e-01 +2.0458e+00 +9.8075e-01
160573 +6.302380733e-07 +6.302380733e-07 -1.947999937e+01 -1.948000000e+01 -9.5488e-01 +2.0458e+00 +9.8038e-01
229423 +8.479002389e-08 +8.479002389e-08 -1.947999992e+01 -1.948000000e+01 -9.5534e-01 +2.0463e+00 +9.8021e-01
273343 +2.878200434e-08 +2.878200434e-08 -1.947999997e+01 -1.948000000e+01 -9.5525e-01 +2.0463e+00 +9.7992e-01
% function evaluation | noise-free fitness - Fopt (1.344700000000e+02) | best noise-free fitness - Fopt | measured fitness | best measured fitness | x1 | x2...
1 +3.142464029e+01 +3.142464029e+01 +1.658946403e+02 +1.344700000e+02 -1.5125e+00 +4.7344e+00 -4.7533e+00
100 +2.912221753e-01 +2.912221753e-01 +1.347612222e+02 +1.344700000e+02 -2.9939e+00 +2.8316e+00 +6.7237e-01
399 +2.065927417e-01 +2.065927417e-01 +1.346765927e+02 +1.344700000e+02 -3.2642e+00 +2.8316e+00 +6.5197e-01
499 +1.256222590e-01 +1.256222590e-01 +1.345956223e+02 +1.344700000e+02 -3.2642e+00 +3.0003e+00 +6.5197e-01
596 +2.755002993e-02 +2.755002993e-02 +1.344975500e+02 +1.344700000e+02 -3.2642e+00 +3.0003e+00 +3.9091e-01
795 +2.491255774e-02 +2.491255774e-02 +1.344949126e+02 +1.344700000e+02 -3.2642e+00 +3.0003e+00 +3.5904e-01
894 +1.475559409e-02 +1.475559409e-02 +1.344847556e+02 +1.344700000e+02 -3.2642e+00 +3.0490e+00 +3.9091e-01
1389 +3.250099833e-03 +3.250099833e-03 +1.344732501e+02 +1.344700000e+02 -3.2642e+00 +3.1051e+00 +3.5904e-01
1686 +2.400963892e-03 +2.400963892e-03 +1.344724010e+02 +1.344700000e+02 -3.2642e+00 +3.1977e+00 +3.5904e-01
1786 +6.618898052e-04 +6.618898052e-04 +1.344706619e+02 +1.344700000e+02 -3.2642e+00 +3.1578e+00 +3.5904e-01
1986 +1.753325239e-05 +1.753325239e-05 +1.344700175e+02 +1.344700000e+02 -3.2642e+00 +3.1578e+00 +3.3533e-01
3480 +7.218293376e-06 +7.218293376e-06 +1.344700072e+02 +1.344700000e+02 -3.2598e+00 +3.1578e+00 +3.3533e-01
22996 +5.436622729e-06 +5.436622729e-06 +1.344700054e+02 +1.344700000e+02 -3.2598e+00 +3.1578e+00 +3.3249e-01
34767 +3.684865050e-06 +3.684865050e-06 +1.344700037e+02 +1.344700000e+02 -3.2598e+00 +3.1543e+00 +3.3363e-01
38572 +2.148459856e-06 +2.148459856e-06 +1.344700021e+02 +1.344700000e+02 -3.2598e+00 +3.1559e+00 +3.3249e-01
65147 +9.225972519e-07 +9.225972519e-07 +1.344700009e+02 +1.344700000e+02 -3.2598e+00 +3.1559e+00 +3.3363e-01
76604 +3.495168244e-07 +3.495168244e-07 +1.344700003e+02 +1.344700000e+02 -3.2602e+00 +3.1559e+00 +3.3363e-01
118278 +5.109075119e-08 +5.109075119e-08 +1.344700001e+02 +1.344700000e+02 -3.2606e+00 +3.1560e+00 +3.3363e-01
159475 +1.476479383e-09 +1.476479383e-09 +1.344700000e+02 +1.344700000e+02 -3.2608e+00 +3.1560e+00 +3.3363e-01
% function evaluation | noise-free fitness - Fopt (4.453500000000e+02) | best noise-free fitness - Fopt | measured fitness | best measured fitness | x1 | x2...
1 +3.625357310e+01 +3.625357310e+01 +4.816035731e+02 +4.453500000e+02 +1.8980e+00 +2.3442e+00 -3.6807e+00
199 +5.950596771e-01 +5.950596771e-01 +4.459450597e+02 +4.453500000e+02 -2.5800e+00 +2.8689e+00 -6.8596e-01
298 +5.443962092e-02 +5.443962092e-02 +4.454044396e+02 +4.453500000e+02 -3.0004e+00 +3.2177e+00 -6.8596e-01
396 +1.975201924e-02 +1.975201924e-02 +4.453697520e+02 +4.453500000e+02 -3.1421e+00 +3.2177e+00 -6.8596e-01
496 +1.308409029e-02 +1.308409029e-02 +4.453630841e+02 +4.453500000e+02 -3.1421e+00 +3.2521e+00 -6.8596e-01
888 +9.901748299e-03 +9.901748299e-03 +4.453599017e+02 +4.453500000e+02 -3.1421e+00 +3.2754e+00 -6.8596e-01
1381 +4.848690430e-03 +4.848690430e-03 +4.453548487e+02 +4.453500000e+02 -3.1549e+00 +3.3646e+00 -5.7455e-01
1477 +2.831214039e-03 +2.831214039e-03 +4.453528312e+02 +4.453500000e+02 -3.1549e+00 +3.3646e+00 -6.3889e-01
2747 +1.637173004e-03 +1.637173004e-03 +4.453516372e+02 +4.453500000e+02 -3.1549e+00 +3.3406e+00 -6.1410e-01
3043 +1.668038378e-04 +1.668038378e-04 +4.453501668e+02 +4.453500000e+02 -3.1986e+00 +3.3406e+00 -6.1410e-01
3934 +1.549113413e-04 +1.549113413e-04 +4.453501549e+02 +4.453500000e+02 -3.1986e+00 +3.3242e+00 -6.1410e-01
10584 +8.759985298e-05 +8.759985298e-05 +4.453500876e+02 +4.453500000e+02 -3.1969e+00 +3.3348e+00 -6.1410e-01
12093 +5.435708897e-05 +5.435708897e-05 +4.453500544e+02 +4.453500000e+02 -3.1969e+00 +3.3348e+00 -6.2837e-01
12182 +1.886848975e-05 +1.886848975e-05 +4.453500189e+02 +4.453500000e+02 -3.1969e+00 +3.3348e+00 -6.2273e-01
13313 +8.013684862e-06 +8.013684862e-06 +4.453500080e+02 +4.453500000e+02 -3.1934e+00 +3.3348e+00 -6.2273e-01
24058 +4.450988456e-06 +4.450988456e-06 +4.453500045e+02 +4.453500000e+02 -3.1934e+00 +3.3341e+00 -6.2273e-01
35247 +2.943362801e-06 +2.943362801e-06 +4.453500029e+02 +4.453500000e+02 -3.1934e+00 +3.3337e+00 -6.2273e-01
55111 +9.422397511e-07 +9.422397511e-07 +4.453500009e+02 +4.453500000e+02 -3.1934e+00 +3.3311e+00 -6.2273e-01
167774 +5.154751079e-07 +5.154751079e-07 +4.453500005e+02 +4.453500000e+02 -3.1937e+00 +3.3327e+00 -6.2224e-01
177576 +3.038450700e-07 +3.038450700e-07 +4.453500003e+02 +4.453500000e+02 -3.1937e+00 +3.3325e+00 -6.2224e-01
