% function evaluation | noise-free fitness - Fopt (-4.620900000000e+02) | best noise-free fitness - Fopt | measured fitness | best measured fitness | x1 | x2...
1 +3.701369795e+02 +3.701369795e+02 -9.195302046e+01 -4.620900000e+02 -1.9447e-01 +2.6428e+00 -3.2741e+00 +4.7669e+00 -2.9446e+00 +4.8064e+00 +2.1494e-01 +2.1119e+00 +2.4994e+00 -2.2419e+00
179 +1.656219326e+02 +1.656219326e+02 -2.964680674e+02 -4.620900000e+02 -2.7561e+00 +2.5903e+00 +3.9955e+00 +2.0352e+00 +3.5943e+00 +2.1722e+00 +2.1720e+00 +4.1944e+00 -2.3098e-01 -3.8343e-01
556 +1.492322116e+02 +1.492322116e+02 -3.128577884e+02 -4.620900000e+02 -4.7492e+00 +1.4526e+00 +3.7805e+00 +1.4317e+00 +3.3395e+00 +1.4381e+00 +8.7690e-01 +2.4133e+00 +1.6553e+00 +1.3085e+00
909 +9.384029189e+01 +9.384029189e+01 -3.682497081e+02 -4.620900000e+02 +9.5168e-01 +1.4526e+00 +3.7805e+00 +1.9833e+00 +6.5577e-01 +2.3722e+00 +1.8853e+00 +1.7189e+00 +1.0955e+00 -8.9337e-01
1988 +5.479735274e+01 +5.479735274e+01 -4.072926473e+02 -4.620900000e+02 -4.3673e+00 +1.4526e+00 +3.7805e+00 +1.9090e+00 +1.1436e+00 +2.1722e+00 +2.1720e+00 +3.0456e+00 +3.1732e+00 +3.9717e-01
2701 +3.959259042e+01 +3.959259042e+01 -4.224974096e+02 -4.620900000e+02 -3.4010e-01 +7.1294e-01 +3.8916e+00 +2.0352e+00 +1.1436e+00 +2.1722e+00 +3.7831e+00 +3.0456e+00 +1.7566e+00 +3.9717e-01
3239 +2.347122440e+01 +2.347122440e+01 -4.386187756e+02 -4.620900000e+02 -3.4010e-01 +1.4526e+00 +3.7805e+00 +6.5994e-01 +1.6486e+00 +2.1722e+00 +2.1720e+00 +3.0456e+00 +1.8409e+00 +3.9717e-01
5926 +1.484458575e+01 +1.484458575e+01 -4.472454143e+02 -4.620900000e+02 -3.4010e-01 +1.3806e+00 +3.8916e+00 +7.3920e-01 +1.6486e+00 +2.1722e+00 +2.5632e+00 +3.0456e+00 +1.8409e+00 +3.9717e-01
15177 +8.531351521e+00 +8.531351521e+00 -4.535586485e+02 -4.620900000e+02 -2.2991e+00 +3.2374e+00 +2.2129e+00 +7.7087e-01 +2.2871e+00 +2.1234e+00 +2.5407e+00 +3.0757e+00 +2.2522e+00 +7.5914e-02
16725 +6.039349639e+00 +6.039349639e+00 -4.560506504e+02 -4.620900000e+02 -2.3395e+00 +3.2374e+00 +2.2129e+00 +7.7087e-01 +2.2871e+00 +2.2153e+00 +2.5407e+00 +2.2169e+00 +2.2447e+00 +7.5914e-02
25392 +3.432788592e+00 +3.432788592e+00 -4.586572114e+02 -4.620900000e+02 -2.3245e+00 +2.3167e+00 +3.0631e+00 -3.6811e-03 +1.6637e+00 +2.1589e+00 +2.5483e+00 +2.6007e+00 +1.8087e+00 +5.5605e-02
26366 +2.389229830e+00 +2.389229830e+00 -4.597007702e+02 -4.620900000e+02 -2.3245e+00 +2.3167e+00 +3.0631e+00 +7.2880e-01 +1.6607e+00 +2.1589e+00 +2.5483e+00 +2.6007e+00 +1.8087e+00 +5.5605e-02
27146 +1.458560971e+00 +1.458560971e+00 -4.606314390e+02 -4.620900000e+02 -2.3245e+00 +2.3167e+00 +3.0631e+00 +7.2880e-01 +2.3121e+00 +2.1589e+00 +2.5483e+00 +2.6007e+00 +1.8087e+00 +5.5605e-02
44657 +9.166701394e-01 +9.166701394e-01 -4.611733299e+02 -4.620900000e+02 -2.3395e+00 +2.2922e+00 +2.2129e+00 +7.4147e-01 +2.2871e+00 +2.1755e+00 +2.5407e+00 +2.5956e+00 +1.7912e+00 +7.5914e-02
45350 +6.148344224e-01 +6.148344224e-01 -4.614751656e+02 -4.620900000e+02 -2.3395e+00 +2.2922e+00 +2.2129e+00 +7.4147e-01 +2.3011e+00 +2.1755e+00 +2.5407e+00 +2.6125e+00 +1.7912e+00 +5.1985e-02
56461 +2.329842217e-01 +2.329842217e-01 -4.618570158e+02 -4.620900000e+02 -2.3395e+00 +2.3167e+00 +2.2129e+00 +7.2880e-01 +2.3121e+00 +2.1719e+00 +2.5483e+00 +2.6007e+00 +1.8100e+00 +5.5605e-02
57955 +1.496639827e-01 +1.496639827e-01 -4.619403360e+02 -4.620900000e+02 -2.3395e+00 +2.2978e+00 +2.2129e+00 +7.2880e-01 +2.3121e+00 +2.1719e+00 +2.5483e+00 +2.6007e+00 +1.8087e+00 +5.5605e-02
63781 +8.415562403e-02 +8.415562403e-02 -4.620058444e+02 -4.620900000e+02 -2.3395e+00 +2.2978e+00 +2.2129e+00 +7.2880e-01 +2.3058e+00 +2.1719e+00 +2.5483e+00 +2.6007e+00 +1.8087e+00 +5.5605e-02
64157 +5.337409101e-02 +5.337409101e-02 -4.620366259e+02 -4.620900000e+02 -2.3395e+00 +2.2978e+00 +2.2129e+00 +7.2880e-01 +2.3058e+00 +2.1719e+00 +2.5483e+00 +2.6007e+00 +1.8053e+00 +5.5605e-02
158042 +1.795443018e-02 +1.795443018e-02 -4.620720456e+02 -4.620900000e+02 -2.3395e+00 +2.2978e+00 +2.2129e+00 +7.2880e-01 +2.2991e+00 +2.1755e+00 +2.5483e+00 +2.5977e+00 +1.8053e+00 +5.5605e-02
210096 +1.237274211e-02 +1.237274211e-02 -4.620776273e+02 -4.620900000e+02 -2.3418e+00 +2.2965e+00 +2.2129e+00 +7.2772e-01 +2.2991e+00 +2.1755e+00 +2.5472e+00 +2.5975e+00 +1.8036e+00 +5.5605e-02
245990 +4.200492419e-03 +4.200492419e-03 -4.620857995e+02 -4.620900000e+02 -2.3418e+00 +2.2965e+00 +2.2129e+00 +7.2772e-01 +2.2991e+00 +2.1755e+00 +2.5472e+00 +2.5982e+00 +1.8031e+00 +5.7905e-02
248498 +1.576741611e-03 +1.576741611e-03 -4.620884233e+02 -4.620900000e+02 -2.3418e+00 +2.2980e+00 +2.2129e+00 +7.2772e-01 +2.2991e+00 +2.1755e+00 +2.5472e+00 +2.5982e+00 +1.8031e+00 +5.7905e-02
360287 +4.686111514e-04 +4.686111514e-04 -4.620895314e+02 -4.620900000e+02 -2.3418e+00 +2.3001e+00 +2.2136e+00 +7.2772e-01 +2.2991e+00 +2.1755e+00 +2.5472e+00 +2.5982e+00 +1.8031e+00 +5.7905e-02
362996 +3.778676884e-04 +3.778676884e-04 -4.620896221e+02 -4.620900000e+02 -2.3414e+00 +2.3001e+00 +2.2136e+00 +7.2772e-01 +2.2991e+00 +2.1755e+00 +2.5472e+00 +2.5982e+00 +1.8031e+00 +5.7905e-02
467518 +2.072512560e-04 +2.072512560e-04 -4.620897927e+02 -4.620900000e+02 -2.3414e+00 +2.3001e+00 +2.2136e+00 +7.2772e-01 +2.2991e+00 +2.1755e+00 +2.5472e+00 +2.5982e+00 +1.8031e+00 +5.7594e-02
540745 +1.507628050e-04 +1.507628050e-04 -4.620898492e+02 -4.620900000e+02 -2.3405e+00 +2.3001e+00 +2.2136e+00 +7.2772e-01 +2.2991e+00 +2.1755e+00 +2.5472e+00 +2.5982e+00 +1.8032e+00 +5.7726e-02
% function evaluation | noise-free fitness - Fopt (7.766000000000e+01) | best noise-free fitness - Fopt | measured fitness | best measured fitness | x1 | x2...
1 +8.072462471e+03 +8.072462471e+03 +8.150122471e+03 +7.766000000e+01 +8.7282e-02 +1.0151e+00 +2.2857e+00 -2.9285e+00 -2.8553e+00 -3.6955e+00 -4.6755e+00 +3.9045e+00 -1.6303e+00 +4.3337e+00
189 +1.763141558e+02 +1.763141558e+02 +2.539741558e+02 +7.766000000e+01 -1.8850e+00 -3.5582e+00 -3.2349e-01 +2.1662e+00 -1.5878e+00 +1.8620e+00 -1.1869e+00 -1.4531e+00 +8.6876e-01 -3.3925e+00
557 +1.392899514e+02 +1.392899514e+02 +2.169499514e+02 +7.766000000e+01 -2.8358e+00 +3.4480e-02 -1.9941e+00 +4.1761e+00 -1.2850e+00 -7.2902e-02 -2.1248e+00 +1.1983e+00 +1.0491e+00 -4.0816e+00
1302 +9.772506307e+01 +9.772506307e+01 +1.753850631e+02 +7.766000000e+01 -3.8481e-01 +5.2274e-03 -3.2349e-01 +2.0597e+00 -3.9791e+00 -6.2709e-01 +1.9436e+00 +1.1983e+00 +1.0491e+00 -3.2537e+00
2029 +6.015441423e+01 +6.015441423e+01 +1.378144142e+02 +7.766000000e+01 +2.1344e-01 +9.0167e-01 -3.2272e-01 +3.9969e+00 -2.3610e+00 -6.2709e-01 +1.6086e+00 -3.3314e-01 +9.8914e-01 -4.5737e+00
3131 +3.752279643e+01 +3.752279643e+01 +1.151827964e+02 +7.766000000e+01 +3.4471e+00 +5.2274e-03 -2.0856e+00 +3.2520e+00 -4.0944e+00 -6.2709e-01 +6.2794e-03 +5.8996e-01 -2.2443e-01 -3.5066e+00
4390 +2.399673717e+01 +2.399673717e+01 +1.016567372e+02 +7.766000000e+01 +3.3666e+00 +5.2274e-03 -2.0856e+00 +3.3642e+00 -3.6025e+00 -5.5198e-01 +6.2794e-03 +5.8996e-01 -2.1503e-01 -4.1771e+00
6237 +1.493919536e+01 +1.493919536e+01 +9.259919536e+01 +7.766000000e+01 +3.3666e+00 -8.2861e-01 -1.2908e+00 +3.9929e+00 -3.6025e+00 -1.0463e+00 +6.2197e-01 +5.8996e-01 -2.1503e-01 -4.1771e+00
7523 +9.735238655e+00 +9.735238655e+00 +8.739523865e+01 +7.766000000e+01 +3.3666e+00 -8.2861e-01 -1.2908e+00 +3.9929e+00 -2.4984e+00 -1.0463e+00 +6.2197e-01 +5.8996e-01 -1.6265e-01 -4.1771e+00
27088 +6.282132868e+00 +6.282132868e+00 +8.394213287e+01 +7.766000000e+01 +2.3586e+00 -7.9156e-01 -1.2430e+00 +3.2996e+00 -3.1291e+00 -1.0918e+00 +5.6602e-01 +1.1410e-01 +1.4869e-01 -4.1798e+00
42473 +3.797022908e+00 +3.797022908e+00 +8.145702291e+01 +7.766000000e+01 +3.3666e+00 -8.2861e-01 -1.2908e+00 +3.3256e+00 -2.4340e+00 -5.5198e-01 +5.6437e-01 +9.2742e-02 +1.6713e-01 -3.8700e+00
43951 +2.347683165e+00 +2.347683165e+00 +8.000768317e+01 +7.766000000e+01 +2.4354e+00 -8.4222e-01 -1.2684e+00 +3.3065e+00 -2.4340e+00 -5.3628e-01 +6.2197e-01 +9.2742e-02 +1.6713e-01 -3.8700e+00
53365 +1.493961242e+00 +1.493961242e+00 +7.915396124e+01 +7.766000000e+01 +2.3763e+00 -8.3803e-01 -1.2430e+00 +3.2996e+00 -2.4574e+00 -5.3958e-01 +5.6602e-01 +1.1410e-01 +1.8334e-01 -3.8555e+00
69300 +9.391869332e-01 +9.391869332e-01 +7.859918693e+01 +7.766000000e+01 +2.3763e+00 -8.6862e-01 -1.2885e+00 +3.3050e+00 -2.4643e+00 -5.5494e-01 +5.7888e-01 +1.1410e-01 +1.6046e-01 -3.8506e+00
72100 +6.215695649e-01 +6.215695649e-01 +7.828156956e+01 +7.766000000e+01 +2.3979e+00 -8.6862e-01 -1.2885e+00 +3.3050e+00 -2.4643e+00 -5.4717e-01 +5.9424e-01 +1.1410e-01 +1.6046e-01 -3.8506e+00
84169 +3.258184897e-01 +3.258184897e-01 +7.798581849e+01 +7.766000000e+01 +2.4118e+00 -8.6843e-01 -1.2684e+00 +3.3256e+00 -2.4625e+00 -5.3628e-01 +5.7597e-01 +1.1974e-01 +1.6713e-01 -3.8565e+00
107601 +2.260646914e-01 +2.260646914e-01 +7.788606469e+01 +7.766000000e+01 +2.3979e+00 -8.5765e-01 -1.2685e+00 +3.3386e+00 -2.4643e+00 -5.3951e-01 +5.9424e-01 +1.1410e-01 +1.6753e-01 -3.8684e+00
112810 +1.220605123e-01 +1.220605123e-01 +7.778206051e+01 +7.766000000e+01 +2.3979e+00 -8.6843e-01 -1.2684e+00 +3.3256e+00 -2.4625e+00 -5.3628e-01 +5.9424e-01 +1.1974e-01 +1.6713e-01 -3.8571e+00
113199 +7.864423853e-02 +7.864423853e-02 +7.773864424e+01 +7.766000000e+01 +2.3979e+00 -8.5166e-01 -1.2684e+00 +3.3256e+00 -2.4625e+00 -5.3628e-01 +5.9424e-01 +1.1974e-01 +1.6713e-01 -3.8575e+00
113788 +6.215718142e-02 +6.215718142e-02 +7.772215718e+01 +7.766000000e+01 +2.3979e+00 -8.5765e-01 -1.2684e+00 +3.3256e+00 -2.4625e+00 -5.3628e-01 +5.9424e-01 +1.1410e-01 +1.6713e-01 -3.8575e+00
133836 +3.539597560e-02 +3.539597560e-02 +7.769539598e+01 +7.766000000e+01 +2.3979e+00 -8.5765e-01 -1.2685e+00 +3.3219e+00 -2.4643e+00 -5.3951e-01 +5.8976e-01 +1.1410e-01 +1.6753e-01 -3.8639e+00
177019 +2.438522026e-02 +2.438522026e-02 +7.768438522e+01 +7.766000000e+01 +2.3979e+00 -8.5765e-01 -1.2685e+00 +3.3219e+00 -2.4643e+00 -5.3951e-01 +5.8976e-01 +1.1515e-01 +1.6753e-01 -3.8580e+00
177594 +1.449765655e-02 +1.449765655e-02 +7.767449766e+01 +7.766000000e+01 +2.3979e+00 -8.5765e-01 -1.2685e+00 +3.3219e+00 -2.4643e+00 -5.3951e-01 +5.8976e-01 +1.1469e-01 +1.6753e-01 -3.8615e+00
302135 +8.385212982e-03 +8.385212982e-03 +7.766838521e+01 +7.766000000e+01 +2.3979e+00 -8.5765e-01 -1.2685e+00 +3.3244e+00 -2.4643e+00 -5.3946e-01 +5.8976e-01 +1.1747e-01 +1.6976e-01 -3.8615e+00
302704 +4.618374204e-03 +4.618374204e-03 +7.766461837e+01 +7.766000000e+01 +2.3979e+00 -8.5765e-01 -1.2714e+00 +3.3244e+00 -2.4643e+00 -5.3946e-01 +5.8976e-01 +1.1747e-01 +1.6976e-01 -3.8615e+00
303082 +3.945820178e-03 +3.945820178e-03 +7.766394582e+01 +7.766000000e+01 +2.3979e+00 -8.5580e-01 -1.2714e+00 +3.3244e+00 -2.4643e+00 -5.3946e-01 +5.8976e-01 +1.1747e-01 +1.6976e-01 -3.8615e+00
357690 +1.347964982e-03 +1.347964982e-03 +7.766134796e+01 +7.766000000e+01 +2.3979e+00 -8.5580e-01 -1.2714e+00 +3.3233e+00 -2.4643e+00 -5.3951e-01 +5.8976e-01 +1.1582e-01 +1.6976e-01 -3.8615e+00
433801 +4.738842659e-04 +4.738842659e-04 +7.766047388e+01 +7.766000000e+01 +2.3979e+00 -8.5580e-01 -1.2714e+00 +3.3233e+00 -2.4643e+00 -5.3951e-01 +5.8976e-01 +1.1582e-01 +1.6976e-01 -3.8606e+00
728782 +2.224325353e-04 +2.224325353e-04 +7.766022243e+01 +7.766000000e+01 +2.3985e+00 -8.5580e-01 -1.2715e+00 +3.3233e+00 -2.4638e+00 -5.3928e-01 +5.8976e-01 +1.1582e-01 +1.6965e-01 -3.8607e+00
920771 +1.367434487e-04 +1.367434487e-04 +7.766013674e+01 +7.766000000e+01 +2.3985e+00 -8.5580e-01 -1.2723e+00 +3.3231e+00 -2.4641e+00 -5.3928e-01 +5.8958e-01 +1.1582e-01 +1.6965e-01 -3.8607e+00
% function evaluation | noise-free fitness - Fopt (1.156800000000e+02) | best noise-free fitness - Fopt | measured fitness | best measured fitness | x1 | x2...
1 +2.025582299e+03 +2.025582299e+03 +2.141262299e+03 +1.156800000e+02 -4.2416e+00 -3.3758e+00 -7.3701e-01 +4.0323e-01 +3.5161e+00 +3.7865e+00 -3.2181e+00 -2.1585e+00 +1.1519e+00 -5.6808e-01
181 +2.198938519e+02 +2.198938519e+02 +3.355738519e+02 +1.156800000e+02 -2.3742e+00 -2.6368e+00 -3.1436e+00 +2.1967e+00 -4.0144e+00 -2.3962e+00 -1.0635e+00 +4.3289e-01 -2.8031e+00 -1.4124e+00
919 +1.543291952e+02 +1.543291952e+02 +2.700091952e+02 +1.156800000e+02 -3.1792e+00 +6.4485e-01 +3.8540e+00 +1.7544e+00 -3.8452e+00 -4.6582e+00 -2.3449e+00 +2.3085e+00 -3.1429e+00 -1.0424e-01
1869 +9.307463720e+01 +9.307463720e+01 +2.087546372e+02 +1.156800000e+02 +1.5007e+00 -2.8286e+00 +1.9047e+00 +2.2432e+00 -4.0144e+00 -4.6582e+00 -2.3449e+00 +2.3085e+00 -3.1429e+00 -2.2868e+00
2426 +6.190617984e+01 +6.190617984e+01 +1.775861798e+02 +1.156800000e+02 -2.0783e+00 -2.6283e+00 +1.6409e-01 +1.7544e+00 -3.5998e+00 -3.6289e+00 -2.3449e+00 +2.4326e+00 -3.1429e+00 -2.0679e+00
3350 +3.481563854e+01 +3.481563854e+01 +1.504956385e+02 +1.156800000e+02 -2.2002e+00 -1.5531e-01 +1.6409e-01 +3.7436e+00 -3.7309e+00 -3.6862e+00 -3.0311e+00 +2.3085e+00 -3.1429e+00 -2.2868e+00
4659 +2.298368823e+01 +2.298368823e+01 +1.386636882e+02 +1.156800000e+02 -2.2441e+00 -2.6283e+00 +1.6409e-01 +3.0990e+00 -3.5998e+00 -4.2555e+00 -3.0311e+00 +2.3577e+00 -3.1429e+00 -2.2868e+00
5796 +1.570125295e+01 +1.570125295e+01 +1.313812529e+02 +1.156800000e+02 -2.2002e+00 -2.6283e+00 +1.6409e-01 +3.0990e+00 -3.5998e+00 -3.8266e+00 -4.0579e+00 +2.3085e+00 -4.2705e+00 -2.2868e+00
7105 +9.582053856e+00 +9.582053856e+00 +1.252620539e+02 +1.156800000e+02 -2.2002e+00 -6.5455e-02 +1.0131e+00 +3.0990e+00 -3.5998e+00 -3.7791e+00 -4.0579e+00 +2.3577e+00 -3.9445e+00 -2.2868e+00
8769 +6.182441796e+00 +6.182441796e+00 +1.218624418e+02 +1.156800000e+02 -2.2002e+00 -6.5455e-02 +2.6016e-01 +3.0990e+00 -3.6088e+00 -3.7791e+00 -4.0579e+00 +2.3577e+00 -3.9445e+00 -1.6148e+00
37422 +3.468874947e+00 +3.468874947e+00 +1.191488749e+02 +1.156800000e+02 -2.2027e+00 -1.9053e+00 +2.5693e-01 +3.0580e+00 -3.5877e+00 -3.2715e+00 -3.5603e+00 +2.3578e+00 -3.8963e+00 -1.9550e+00
38490 +2.344161592e+00 +2.344161592e+00 +1.180241616e+02 +1.156800000e+02 -2.2027e+00 -9.4290e-01 +2.5693e-01 +3.0580e+00 -3.5877e+00 -3.2715e+00 -3.5603e+00 +2.3578e+00 -3.9028e+00 -1.9550e+00
39568 +1.202266682e+00 +1.202266682e+00 +1.168822667e+02 +1.156800000e+02 -2.2027e+00 -9.4290e-01 +2.5693e-01 +3.0580e+00 -3.5993e+00 -3.2345e+00 -3.5603e+00 +2.3578e+00 -3.9348e+00 -1.9550e+00
42069 +6.054580586e-01 +6.054580586e-01 +1.162854581e+02 +1.156800000e+02 -2.2027e+00 -9.5715e-01 +2.5693e-01 +3.0931e+00 -3.5993e+00 -3.2345e+00 -3.5603e+00 +2.3578e+00 -3.9348e+00 -1.9550e+00
45826 +3.953047436e-01 +3.953047436e-01 +1.160753047e+02 +1.156800000e+02 -2.1744e+00 -9.5715e-01 +2.5693e-01 +3.0931e+00 -3.5993e+00 -3.2345e+00 -3.5603e+00 +2.3578e+00 -3.9294e+00 -1.9550e+00
97026 +2.250474755e-01 +2.250474755e-01 +1.159050475e+02 +1.156800000e+02 -2.1808e+00 -9.7503e-01 +2.4532e-01 +3.0912e+00 -3.5998e+00 -3.2554e+00 -3.5602e+00 +2.3577e+00 -3.9291e+00 -1.9557e+00
98156 +1.580162376e-01 +1.580162376e-01 +1.158380162e+02 +1.156800000e+02 -2.1808e+00 -9.7503e-01 +2.4532e-01 +3.0912e+00 -3.6046e+00 -3.2523e+00 -3.5602e+00 +2.3577e+00 -3.9291e+00 -1.9557e+00
101003 +9.759017397e-02 +9.759017397e-02 +1.157775902e+02 +1.156800000e+02 -2.1808e+00 -9.8554e-01 +2.4532e-01 +3.0912e+00 -3.6046e+00 -3.2462e+00 -3.5602e+00 +2.3577e+00 -3.9291e+00 -1.9557e+00
121960 +5.539362589e-02 +5.539362589e-02 +1.157353936e+02 +1.156800000e+02 -2.1804e+00 -9.7983e-01 +2.4196e-01 +3.0892e+00 -3.6025e+00 -3.2433e+00 -3.5603e+00 +2.3578e+00 -3.9274e+00 -1.9550e+00
143320 +3.742311061e-02 +3.742311061e-02 +1.157174231e+02 +1.156800000e+02 -2.1855e+00 -9.8072e-01 +2.3995e-01 +3.0892e+00 -3.6062e+00 -3.2409e+00 -3.5613e+00 +2.3576e+00 -3.9274e+00 -1.9507e+00
160381 +2.224236292e-02 +2.224236292e-02 +1.157022424e+02 +1.156800000e+02 -2.1804e+00 -9.8659e-01 +2.4532e-01 +3.0892e+00 -3.6064e+00 -3.2409e+00 -3.5613e+00 +2.3576e+00 -3.9274e+00 -1.9507e+00
167653 +1.420083470e-02 +1.420083470e-02 +1.156942008e+02 +1.156800000e+02 -2.1804e+00 -9.8659e-01 +2.4532e-01 +3.0892e+00 -3.6064e+00 -3.2409e+00 -3.5603e+00 +2.3576e+00 -3.9238e+00 -1.9507e+00
196394 +6.914626365e-03 +6.914626365e-03 +1.156869146e+02 +1.156800000e+02 -2.1766e+00 -9.8366e-01 +2.4532e-01 +3.0892e+00 -3.6064e+00 -3.2433e+00 -3.5603e+00 +2.3576e+00 -3.9238e+00 -1.9507e+00
225100 +5.608588815e-03 +5.608588815e-03 +1.156856086e+02 +1.156800000e+02 -2.1766e+00 -9.8366e-01 +2.4532e-01 +3.0892e+00 -3.6046e+00 -3.2433e+00 -3.5603e+00 +2.3576e+00 -3.9238e+00 -1.9507e+00
263478 +3.894364272e-03 +3.894364272e-03 +1.156838944e+02 +1.156800000e+02 -2.1796e+00 -9.8366e-01 +2.4532e-01 +3.0892e+00 -3.6046e+00 -3.2433e+00 -3.5604e+00 +2.3576e+00 -3.9243e+00 -1.9507e+00
292344 +1.908458909e-03 +1.908458909e-03 +1.156819085e+02 +1.156800000e+02 -2.1796e+00 -9.8366e-01 +2.4532e-01 +3.0892e+00 -3.6046e+00 -3.2432e+00 -3.5603e+00 +2.3566e+00 -3.9243e+00 -1.9507e+00
402781 +1.352841170e-03 +1.352841170e-03 +1.156813528e+02 +1.156800000e+02 -2.1784e+00 -9.8366e-01 +2.4532e-01 +3.0892e+00 -3.6046e+00 -3.2433e+00 -3.5611e+00 +2.3566e+00 -3.9243e+00 -1.9507e+00
444242 +9.959926306e-04 +9.959926306e-04 +1.156809960e+02 +1.156800000e+02 -2.1784e+00 -9.8366e-01 +2.4532e-01 +3.0891e+00 -3.6046e+00 -3.2432e+00 -3.5611e+00 +2.3561e+00 -3.9243e+00 -1.9507e+00
566474 +4.718766346e-04 +4.718766346e-04 +1.156804719e+02 +1.156800000e+02 -2.1784e+00 -9.8366e-01 +2.4532e-01 +3.0891e+00 -3.6046e+00 -3.2432e+00 -3.5611e+00 +2.3561e+00 -3.9245e+00 -1.9514e+00
608928 +3.955893338e-04 +3.955893338e-04 +1.156803956e+02 +1.156800000e+02 -2.1784e+00 -9.8366e-01 +2.4460e-01 +3.0891e+00 -3.6046e+00 -3.2432e+00 -3.5611e+00 +2.3561e+00 -3.9245e+00 -1.9514e+00
676001 +2.458339758e-04 +2.458339758e-04 +1.156802458e+02 +1.156800000e+02 -2.1784e+00 -9.8366e-01 +2.4460e-01 +3.0888e+00 -3.6046e+00 -3.2432e+00 -3.5611e+00 +2.3561e+00 -3.9247e+00 -1.9514e+00
% function evaluation | noise-free fitness - Fopt (-3.710000000000e+00) | best noise-free fitness - Fopt | measured fitness | best measured fitness | x1 | x2...
1 +3.380261298e+03 +3.380261298e+03 +3.376551298e+03 -3.710000000e+00 -8.0493e-01 +2.1573e+00 +5.4470e-01 -2.5167e+00 -4.5148e+00 +1.4758e+00 +3.6658e-01 +2.8481e+00 +4.5225e+00 -8.4838e-01
183 +1.718827002e+02 +1.718827002e+02 +1.681727002e+02 -3.710000000e+00 +3.7491e+00 -3.1044e+00 +1.7210e+00 +2.1817e+00 +3.2503e+00 +2.5318e+00 -7.3469e-01 -1.0465e+00 -1.3771e+00 -1.9240e+00
544 +1.378761237e+02 +1.378761237e+02 +1.341661237e+02 -3.710000000e+00 +3.4729e+00 +4.2179e-01 +1.7210e+00 +2.1817e+00 +3.2503e+00 +2.5318e+00 -7.3469e-01 -1.0465e+00 -1.3771e+00 +1.4625e+00
910 +9.340539298e+01 +9.340539298e+01 +8.969539298e+01 -3.710000000e+00 -9.2757e-01 -2.4430e+00 +2.6251e+00 +4.6825e+00 +2.2300e+00 +2.7048e+00 +2.1666e-01 -2.9590e+00 -2.4281e+00 +9.7901e-01
2542 +6.256533069e+01 +6.256533069e+01 +5.885533069e+01 -3.710000000e+00 +1.1347e-01 -2.1646e+00 +8.7608e-01 +4.4333e+00 +4.9087e+00 +3.7102e+00 -7.3469e-01 -2.4234e+00 -2.4281e+00 +9.7901e-01
3445 +3.900157281e+01 +3.900157281e+01 +3.529157281e+01 -3.710000000e+00 +3.9502e+00 -2.4430e+00 +2.6251e+00 +4.6825e+00 +3.1996e+00 +3.7102e+00 +9.6499e-02 -2.4234e+00 -2.4281e+00 +9.7901e-01
4867 +2.380394691e+01 +2.380394691e+01 +2.009394691e+01 -3.710000000e+00 +3.9502e+00 -1.3516e+00 +2.6251e+00 +4.6825e+00 +3.1996e+00 +3.7102e+00 -2.6960e-01 -1.1085e+00 -1.9420e+00 +6.6369e-01
5769 +1.500806685e+01 +1.500806685e+01 +1.129806685e+01 -3.710000000e+00 +4.1512e+00 -1.3516e+00 +2.6251e+00 +3.8779e+00 +3.1996e+00 +3.7102e+00 -2.6960e-01 -1.1085e+00 -2.7085e+00 +6.6369e-01
6686 +8.938834924e+00 +8.938834924e+00 +5.228834924e+00 -3.710000000e+00 +4.1512e+00 -1.3516e+00 +2.6251e+00 +3.9249e+00 +3.1996e+00 +3.7102e+00 +1.4343e-01 -1.5185e+00 -2.6734e+00 +6.6369e-01
26879 +6.098242880e+00 +6.098242880e+00 +2.388242880e+00 -3.710000000e+00 +3.1922e+00 -2.2466e+00 +1.8485e+00 +3.9181e+00 +3.1439e+00 +3.6972e+00 +1.7261e-01 -2.0058e+00 -2.3044e+00 +7.0352e-01
39496 +3.965914786e+00 +3.965914786e+00 +2.559147859e-01 -3.710000000e+00 +3.1766e+00 -2.3122e+00 +1.7704e+00 +3.9249e+00 +3.1917e+00 +3.7102e+00 +1.4343e-01 -1.5203e+00 -2.3331e+00 +6.6369e-01
51625 +1.964576398e+00 +1.964576398e+00 -1.745423602e+00 -3.710000000e+00 +3.1340e+00 -2.2707e+00 +1.7622e+00 +3.9181e+00 +3.1571e+00 +3.6840e+00 +1.7261e-01 -2.0058e+00 -2.3405e+00 +1.0233e+00
52718 +1.577690272e+00 +1.577690272e+00 -2.132309728e+00 -3.710000000e+00 +3.1340e+00 -2.3079e+00 +1.7622e+00 +3.9181e+00 +3.1571e+00 +3.6646e+00 +1.7261e-01 -1.9858e+00 -2.3405e+00 +1.0233e+00
53996 +5.970795297e-01 +5.970795297e-01 -3.112920470e+00 -3.710000000e+00 +3.1340e+00 -2.3079e+00 +1.7622e+00 +3.9181e+00 +3.1571e+00 +3.6840e+00 +1.7261e-01 -1.9858e+00 -2.3405e+00 +6.6963e-01
84677 +3.165332064e-01 +3.165332064e-01 -3.393466794e+00 -3.710000000e+00 +3.1340e+00 -2.3079e+00 +1.7986e+00 +3.9181e+00 +3.1571e+00 +3.6646e+00 +1.5980e-01 -1.9969e+00 -2.3405e+00 +6.6963e-01
88465 +2.399339913e-01 +2.399339913e-01 -3.470066009e+00 -3.710000000e+00 +3.1340e+00 -2.3056e+00 +1.7702e+00 +3.9181e+00 +3.1527e+00 +3.6646e+00 +1.5980e-01 -1.9912e+00 -2.3405e+00 +6.6963e-01
97782 +1.546414491e-01 +1.546414491e-01 -3.555358551e+00 -3.710000000e+00 +3.1180e+00 -2.3010e+00 +1.7875e+00 +3.9181e+00 +3.1532e+00 +3.6646e+00 +1.5340e-01 -1.9911e+00 -2.3396e+00 +6.6963e-01
131411 +9.852947477e-02 +9.852947477e-02 -3.611470525e+00 -3.710000000e+00 +3.1340e+00 -2.2892e+00 +1.7863e+00 +3.9100e+00 +3.1527e+00 +3.6646e+00 +1.5980e-01 -1.9912e+00 -2.3337e+00 +6.6963e-01
169765 +6.303816229e-02 +6.303816229e-02 -3.646961838e+00 -3.710000000e+00 +3.1180e+00 -2.2952e+00 +1.7823e+00 +3.9099e+00 +3.1532e+00 +3.6764e+00 +1.5980e-01 -1.9912e+00 -2.3396e+00 +6.6963e-01
176688 +3.083673520e-02 +3.083673520e-02 -3.679163265e+00 -3.710000000e+00 +3.1180e+00 -2.2952e+00 +1.7823e+00 +3.9100e+00 +3.1527e+00 +3.6764e+00 +1.5980e-01 -1.9912e+00 -2.3335e+00 +6.6963e-01
214537 +2.403438901e-02 +2.403438901e-02 -3.685965611e+00 -3.710000000e+00 +3.1214e+00 -2.2913e+00 +1.7866e+00 +3.9100e+00 +3.1527e+00 +3.6737e+00 +1.5980e-01 -1.9912e+00 -2.3337e+00 +6.6963e-01
243997 +1.567412979e-02 +1.567412979e-02 -3.694325870e+00 -3.710000000e+00 +3.1204e+00 -2.2943e+00 +1.7857e+00 +3.9080e+00 +3.1528e+00 +3.6691e+00 +1.5796e-01 -1.9911e+00 -2.3340e+00 +6.7154e-01
268130 +5.753428035e-03 +5.753428035e-03 -3.704246572e+00 -3.710000000e+00 +3.1187e+00 -2.2952e+00 +1.7823e+00 +3.9103e+00 +3.1528e+00 +3.6737e+00 +1.5980e-01 -1.9912e+00 -2.3362e+00 +6.7268e-01
282037 +3.497685143e-03 +3.497685143e-03 -3.706502315e+00 -3.710000000e+00 +3.1204e+00 -2.2952e+00 +1.7823e+00 +3.9103e+00 +3.1528e+00 +3.6731e+00 +1.5980e-01 -1.9912e+00 -2.3359e+00 +6.7154e-01
355030 +2.265716323e-03 +2.265716323e-03 -3.707734284e+00 -3.710000000e+00 +3.1204e+00 -2.2952e+00 +1.7823e+00 +3.9103e+00 +3.1528e+00 +3.6724e+00 +1.5980e-01 -1.9912e+00 -2.3347e+00 +6.7154e-01
468203 +1.405774074e-03 +1.405774074e-03 -3.708594226e+00 -3.710000000e+00 +3.1204e+00 -2.2952e+00 +1.7823e+00 +3.9103e+00 +3.1528e+00 +3.6716e+00 +1.5980e-01 -1.9925e+00 -2.3347e+00 +6.7211e-01
514933 +9.569908198e-04 +9.569908198e-04 -3.709043009e+00 -3.710000000e+00 +3.1202e+00 -2.2952e+00 +1.7823e+00 +3.9103e+00 +3.1528e+00 +3.6723e+00 +1.5956e-01 -1.9923e+00 -2.3357e+00 +6.7211e-01
916493 +5.872608526e-04 +5.872608526e-04 -3.709412739e+00 -3.710000000e+00 +3.1199e+00 -2.2952e+00 +1.7829e+00 +3.9103e+00 +3.1528e+00 +3.6723e+00 +1.5956e-01 -1.9921e+00 -2.3347e+00 +6.7211e-01
% function evaluation | noise-free fitness - Fopt (1.321800000000e+02) | best noise-free fitness - Fopt | measured fitness | best measured fitness | x1 | x2...
1 +5.600151040e+02 +5.600151040e+02 +6.921951040e+02 +1.321800000e+02 +3.7412e+00 +3.2721e+00 -1.9908e+00 -4.6926e-01 -2.9634e+00 -4.0439e+00 -2.0267e+00 -2.9075e+00 +2.6301e+00 -4.5721e+00
176 +2.120746097e+02 +2.120746097e+02 +3.442546097e+02 +1.321800000e+02 +1.6203e+00 -2.4664e+00 +2.0534e+00 -1.4581e+00 -1.8431e+00 -2.3357e+00 -3.7037e+00 -1.3811e-01 +2.8340e+00 +8.1482e-01
861 +1.326822463e+02 +1.326822463e+02 +2.648622463e+02 +1.321800000e+02 -1.6554e+00 +2.2413e+00 +1.8519e+00 -7.9533e-01 -3.3221e+00 +1.2181e+00 -2.7230e+00 -6.2978e-01 +8.9665e-01 +8.9638e-01
1547 +9.765012386e+01 +9.765012386e+01 +2.298301239e+02 +1.321800000e+02 -1.6554e+00 +2.2413e+00 +1.8519e+00 -7.9533e-01 -2.4081e+00 -3.2279e+00 -2.7230e+00 -6.2978e-01 +8.9665e-01 +8.9638e-01
2258 +6.225791603e+01 +6.225791603e+01 +1.944379160e+02 +1.321800000e+02 -2.7872e+00 +6.9732e-01 +1.8519e+00 -7.9533e-01 -2.4081e+00 -2.1914e+00 -2.7230e+00 -1.0906e+00 +8.9665e-01 +8.1482e-01
2784 +2.858818778e+01 +2.858818778e+01 +1.607681878e+02 +1.321800000e+02 -3.6312e+00 +2.2413e+00 +3.4944e+00 -6.8261e-01 -2.4081e+00 -1.0051e+00 -2.7230e+00 +8.2845e-02 +8.9665e-01 +1.0109e+00
3316 +2.392516418e+01 +2.392516418e+01 +1.561051642e+02 +1.321800000e+02 -3.6312e+00 +1.5749e+00 +3.4944e+00 -7.9533e-01 -2.3688e+00 -1.0051e+00 -2.7230e+00 +8.2845e-02 +8.9665e-01 +8.1482e-01
4203 +1.476836388e+01 +1.476836388e+01 +1.469483639e+02 +1.321800000e+02 -3.6312e+00 +1.5053e+00 +3.4944e+00 -2.6991e+00 -2.4081e+00 -1.0051e+00 -2.7230e+00 +8.2845e-02 +8.9665e-01 +8.1482e-01
5771 +8.757631986e+00 +8.757631986e+00 +1.409376320e+02 +1.321800000e+02 -3.7650e+00 +1.5053e+00 +3.4944e+00 -2.6991e+00 -2.5118e+00 -1.0051e+00 -2.7230e+00 +8.2845e-02 +8.9665e-01 +8.1482e-01
6645 +6.045111655e+00 +6.045111655e+00 +1.382251117e+02 +1.321800000e+02 -3.7650e+00 +1.5053e+00 +3.4944e+00 -2.6991e+00 -2.5118e+00 -1.0441e+00 -2.7230e+00 +8.2845e-02 +9.0715e-01 +8.1482e-01
37169 +3.014830315e+00 +3.014830315e+00 +1.351948303e+02 +1.321800000e+02 -3.7650e+00 +1.5053e+00 +3.4620e+00 -2.6991e+00 -2.5118e+00 -1.0441e+00 -2.2943e+00 +8.2845e-02 +9.0715e-01 +4.2086e-01
37726 +2.001723424e+00 +2.001723424e+00 +1.341817234e+02 +1.321800000e+02 -3.7650e+00 +1.5053e+00 +3.4620e+00 -1.9666e+00 -2.5118e+00 -1.0441e+00 -2.2943e+00 +8.2845e-02 +9.0715e-01 +4.2086e-01
40795 +1.487279190e+00 +1.487279190e+00 +1.336672792e+02 +1.321800000e+02 -3.7650e+00 +1.5053e+00 +3.4620e+00 -1.9666e+00 -2.4952e+00 -1.0441e+00 -2.2635e+00 +8.2845e-02 +9.0715e-01 +4.2086e-01
41337 +9.995721998e-01 +9.995721998e-01 +1.331795722e+02 +1.321800000e+02 -3.7650e+00 +1.5053e+00 +3.4620e+00 -1.9666e+00 -2.5118e+00 -1.0478e+00 -2.2635e+00 +8.2845e-02 +9.2868e-01 +4.2086e-01
44911 +5.784572204e-01 +5.784572204e-01 +1.327584572e+02 +1.321800000e+02 -3.7650e+00 +1.4841e+00 +3.4620e+00 -1.9666e+00 -2.4838e+00 -1.0514e+00 -2.2774e+00 +8.2845e-02 +9.2868e-01 +4.2086e-01
45442 +3.170059981e-01 +3.170059981e-01 +1.324970060e+02 +1.321800000e+02 -3.7650e+00 +1.4841e+00 +3.4620e+00 -1.9666e+00 -2.4838e+00 -1.0514e+00 -2.2774e+00 +9.4957e-02 +9.2868e-01 +4.2086e-01
65437 +2.478148712e-01 +2.478148712e-01 +1.324278149e+02 +1.321800000e+02 -3.7593e+00 +1.4877e+00 +3.4486e+00 -1.9704e+00 -2.4910e+00 -1.0537e+00 -2.2690e+00 +8.9646e-02 +9.3151e-01 +4.1522e-01
84465 +1.427496826e-01 +1.427496826e-01 +1.323227497e+02 +1.321800000e+02 -3.7650e+00 +1.4841e+00 +3.4620e+00 -1.9666e+00 -2.4838e+00 -1.0514e+00 -2.2774e+00 +9.4957e-02 +9.2868e-01 +4.0323e-01
98258 +9.873519929e-02 +9.873519929e-02 +1.322787352e+02 +1.321800000e+02 -3.7593e+00 +1.4877e+00 +3.4516e+00 -1.9704e+00 -2.4910e+00 -1.0537e+00 -2.2690e+00 +9.7435e-02 +9.3151e-01 +4.1052e-01
101312 +6.235243060e-02 +6.235243060e-02 +1.322423524e+02 +1.321800000e+02 -3.7629e+00 +1.4877e+00 +3.4613e+00 -1.9704e+00 -2.4910e+00 -1.0537e+00 -2.2690e+00 +9.7435e-02 +9.2502e-01 +4.1052e-01
118071 +3.861987030e-02 +3.861987030e-02 +1.322186199e+02 +1.321800000e+02 -3.7650e+00 +1.4841e+00 +3.4620e+00 -1.9666e+00 -2.4910e+00 -1.0561e+00 -2.2774e+00 +9.4957e-02 +9.2866e-01 +4.1171e-01
141046 +2.341770014e-02 +2.341770014e-02 +1.322034177e+02 +1.321800000e+02 -3.7640e+00 +1.4824e+00 +3.4620e+00 -1.9666e+00 -2.4912e+00 -1.0537e+00 -2.2731e+00 +1.0137e-01 +9.2852e-01 +4.0778e-01
183176 +1.484770126e-02 +1.484770126e-02 +1.321948477e+02 +1.321800000e+02 -3.7650e+00 +1.4841e+00 +3.4620e+00 -1.9666e+00 -2.4930e+00 -1.0561e+00 -2.2743e+00 +9.9861e-02 +9.2866e-01 +4.0713e-01
184364 +9.294958319e-03 +9.294958319e-03 +1.321892950e+02 +1.321800000e+02 -3.7650e+00 +1.4841e+00 +3.4620e+00 -1.9666e+00 -2.4930e+00 -1.0561e+00 -2.2743e+00 +9.6620e-02 +9.2866e-01 +4.0713e-01
206028 +3.914053108e-03 +3.914053108e-03 +1.321839141e+02 +1.321800000e+02 -3.7650e+00 +1.4841e+00 +3.4620e+00 -1.9666e+00 -2.4930e+00 -1.0561e+00 -2.2743e+00 +9.6620e-02 +9.2866e-01 +4.0877e-01
233372 +1.586345683e-03 +1.586345683e-03 +1.321815863e+02 +1.321800000e+02 -3.7640e+00 +1.4824e+00 +3.4620e+00 -1.9666e+00 -2.4912e+00 -1.0561e+00 -2.2731e+00 +9.7272e-02 +9.2852e-01 +4.0852e-01
270063 +1.466413524e-03 +1.466413524e-03 +1.321814664e+02 +1.321800000e+02 -3.7640e+00 +1.4824e+00 +3.4620e+00 -1.9666e+00 -2.4912e+00 -1.0561e+00 -2.2731e+00 +9.7507e-02 +9.2852e-01 +4.0852e-01
395592 +8.567188055e-04 +8.567188055e-04 +1.321808567e+02 +1.321800000e+02 -3.7640e+00 +1.4824e+00 +3.4620e+00 -1.9666e+00 -2.4917e+00 -1.0561e+00 -2.2739e+00 +9.7435e-02 +9.2822e-01 +4.0852e-01
571983 +4.323464022e-04 +4.323464022e-04 +1.321804323e+02 +1.321800000e+02 -3.7640e+00 +1.4830e+00 +3.4620e+00 -1.9653e+00 -2.4917e+00 -1.0561e+00 -2.2739e+00 +9.7435e-02 +9.2822e-01 +4.0877e-01
572368 +3.520340778e-04 +3.520340778e-04 +1.321803520e+02 +1.321800000e+02 -3.7640e+00 +1.4824e+00 +3.4620e+00 -1.9653e+00 -2.4917e+00 -1.0561e+00 -2.2739e+00 +9.7435e-02 +9.2822e-01 +4.0877e-01
798123 +2.450950975e-04 +2.450950975e-04 +1.321802451e+02 +1.321800000e+02 -3.7640e+00 +1.4824e+00 +3.4613e+00 -1.9653e+00 -2.4922e+00 -1.0561e+00 -2.2739e+00 +9.7507e-02 +9.2822e-01 +4.0877e-01
% function evaluation | noise-free fitness - Fopt (-4.174000000000e+01) | best noise-free fitness - Fopt | measured fitness | best measured fitness | x1 | x2...
1 +7.328228616e+02 +7.328228616e+02 +6.910828616e+02 -4.174000000e+01 -3.3648e+00 -2.3910e+00 -2.9349e+00 +1.8166e+00 -2.8335e+00 +4.9826e+00 -3.7440e+00 -4.8884e+00 -1.4741e+00 -1.5262e-01
172 +1.712160504e+02 +1.712160504e+02 +1.294760504e+02 -4.174000000e+01 +5.6230e-01 -4.4896e+00 -9.7494e-01 +4.8624e+00 +6.8724e-01 +2.5304e-02 +3.0725e+00 +3.9778e-01 -3.9898e+00 +2.9012e+00
354 +1.520952419e+02 +1.520952419e+02 +1.103552419e+02 -4.174000000e+01 +2.9771e+00 +9.1758e-01 -9.7494e-01 +4.8624e+00 +6.8724e-01 +2.5304e-02 +3.0725e+00 +3.9778e-01 -3.9898e+00 +2.7888e+00
1384 +9.990881575e+01 +9.990881575e+01 +5.816881575e+01 -4.174000000e+01 -3.0344e+00 -2.1197e+00 -4.0855e-02 +2.5604e+00 +7.9056e-01 +2.0116e+00 +2.5359e+00 -2.5464e+00 -1.4315e+00 +3.9069e+00
2066 +6.018875455e+01 +6.018875455e+01 +1.844875455e+01 -4.174000000e+01 +3.1861e+00 -3.5869e+00 +8.1693e-01 +2.4024e+00 +2.1068e+00 +1.0915e-01 +3.4125e+00 -9.5904e-01 -1.7775e+00 +4.0882e+00
3095 +3.578952792e+01 +3.578952792e+01 -5.950472076e+00 -4.174000000e+01 +1.1048e+00 -3.5869e+00 +5.4628e-01 +2.4384e+00 +9.1687e-01 +1.0915e-01 +2.5359e+00 -1.7074e+00 -1.7775e+00 +4.0882e+00
4072 +2.202139600e+01 +2.202139600e+01 -1.971860400e+01 -4.174000000e+01 +3.1648e+00 -2.7560e+00 -4.0855e-02 +4.3064e+00 +9.1687e-01 +1.0915e-01 +2.5359e+00 -1.7074e+00 -1.4315e+00 +4.0882e+00
4744 +1.542182298e+01 +1.542182298e+01 -2.631817702e+01 -4.174000000e+01 +3.2065e+00 -2.7560e+00 +5.4628e-01 +4.3064e+00 +7.8491e-01 +5.5164e-01 +2.5359e+00 -1.7074e+00 -1.4315e+00 +4.0882e+00
6479 +9.984518184e+00 +9.984518184e+00 -3.175548182e+01 -4.174000000e+01 +3.1648e+00 -2.7560e+00 +5.4628e-01 +2.9367e+00 +7.8491e-01 +5.5164e-01 +2.5359e+00 -1.7074e+00 -1.8113e+00 +3.4367e+00
24841 +4.482186027e+00 +4.482186027e+00 -3.725781397e+01 -4.174000000e+01 +3.1210e+00 -1.8683e+00 -1.1020e-01 +4.4539e+00 +8.4995e-01 +5.2787e-01 +2.9767e+00 -1.6816e+00 -1.8360e+00 +3.4537e+00
25219 +3.943987188e+00 +3.943987188e+00 -3.779601281e+01 -4.174000000e+01 +3.1210e+00 -1.8683e+00 -1.1821e-01 +4.4539e+00 +8.4995e-01 +5.2787e-01 +2.9767e+00 -2.1173e+00 -1.8360e+00 +3.4537e+00
38350 +2.447287274e+00 +2.447287274e+00 -3.929271273e+01 -4.174000000e+01 +3.1591e+00 -1.8235e+00 -9.5846e-01 +3.7249e+00 +1.4487e+00 +5.1868e-01 +2.9943e+00 -1.7235e+00 -1.8261e+00 +3.4732e+00
40272 +1.257379455e+00 +1.257379455e+00 -4.048262054e+01 -4.174000000e+01 +3.1591e+00 -1.8235e+00 -1.5205e-01 +3.7249e+00 +1.4487e+00 +5.5089e-01 +2.9943e+00 -1.7235e+00 -1.8261e+00 +3.4470e+00
41704 +7.508741793e-01 +7.508741793e-01 -4.098912582e+01 -4.174000000e+01 +3.1591e+00 -1.8235e+00 -1.5205e-01 +3.7249e+00 +1.4681e+00 +5.5089e-01 +2.9816e+00 -1.7235e+00 -1.8261e+00 +3.4470e+00
42596 +6.283972931e-01 +6.283972931e-01 -4.111160271e+01 -4.174000000e+01 +3.1591e+00 -1.8235e+00 -1.5205e-01 +3.7249e+00 +1.4681e+00 +5.4130e-01 +2.9816e+00 -1.7235e+00 -1.8261e+00 +3.4470e+00
76196 +3.904281481e-01 +3.904281481e-01 -4.134957185e+01 -4.174000000e+01 +3.1164e+00 -1.8347e+00 -1.3877e-01 +3.7249e+00 +1.4681e+00 +5.3336e-01 +2.9816e+00 -1.7235e+00 -1.8261e+00 +3.4470e+00
80244 +2.144524335e-01 +2.144524335e-01 -4.152554757e+01 -4.174000000e+01 +3.1164e+00 -1.8347e+00 -1.3877e-01 +3.7249e+00 +1.4681e+00 +5.3872e-01 +2.9816e+00 -1.7235e+00 -1.8261e+00 +3.4614e+00
82287 +1.127946372e-01 +1.127946372e-01 -4.162720536e+01 -4.174000000e+01 +3.1345e+00 -1.8347e+00 -1.3877e-01 +3.7165e+00 +1.4681e+00 +5.3872e-01 +2.9816e+00 -1.7235e+00 -1.8261e+00 +3.4534e+00
111051 +9.704141053e-02 +9.704141053e-02 -4.164295859e+01 -4.174000000e+01 +3.1345e+00 -1.8347e+00 -1.3877e-01 +3.7132e+00 +1.4681e+00 +5.3872e-01 +2.9816e+00 -1.7235e+00 -1.8261e+00 +3.4534e+00
116565 +5.469980264e-02 +5.469980264e-02 -4.168530020e+01 -4.174000000e+01 +3.1345e+00 -1.8347e+00 -1.3877e-01 +3.7132e+00 +1.4681e+00 +5.3654e-01 +2.9816e+00 -1.7235e+00 -1.8261e+00 +3.4593e+00
195428 +1.833075607e-02 +1.833075607e-02 -4.172166924e+01 -4.174000000e+01 +3.1308e+00 -1.8347e+00 -1.3877e-01 +3.7067e+00 +1.4711e+00 +5.3654e-01 +2.9816e+00 -1.7235e+00 -1.8293e+00 +3.4584e+00
251965 +1.486462414e-02 +1.486462414e-02 -4.172513538e+01 -4.174000000e+01 +3.1308e+00 -1.8320e+00 -1.3769e-01 +3.7119e+00 +1.4705e+00 +5.3606e-01 +2.9791e+00 -1.7222e+00 -1.8283e+00 +3.4589e+00
271410 +8.931616002e-03 +8.931616002e-03 -4.173106838e+01 -4.174000000e+01 +3.1307e+00 -1.8335e+00 -1.3769e-01 +3.7119e+00 +1.4734e+00 +5.3441e-01 +2.9781e+00 -1.7228e+00 -1.8283e+00 +3.4567e+00
340277 +4.786082731e-03 +4.786082731e-03 -4.173521392e+01 -4.174000000e+01 +3.1308e+00 -1.8347e+00 -1.3769e-01 +3.7079e+00 +1.4736e+00 +5.3654e-01 +2.9769e+00 -1.7226e+00 -1.8283e+00 +3.4571e+00
355191 +2.379314127e-03 +2.379314127e-03 -4.173762069e+01 -4.174000000e+01 +3.1308e+00 -1.8344e+00 -1.3769e-01 +3.7088e+00 +1.4734e+00 +5.3606e-01 +2.9781e+00 -1.7222e+00 -1.8283e+00 +3.4567e+00
467430 +1.554274229e-03 +1.554274229e-03 -4.173844573e+01 -4.174000000e+01 +3.1312e+00 -1.8344e+00 -1.3769e-01 +3.7091e+00 +1.4734e+00 +5.3606e-01 +2.9781e+00 -1.7215e+00 -1.8288e+00 +3.4567e+00
517375 +9.533739066e-04 +9.533739066e-04 -4.173904663e+01 -4.174000000e+01 +3.1312e+00 -1.8344e+00 -1.3769e-01 +3.7091e+00 +1.4736e+00 +5.3606e-01 +2.9781e+00 -1.7211e+00 -1.8283e+00 +3.4579e+00
690311 +5.191687108e-04 +5.191687108e-04 -4.173948083e+01 -4.174000000e+01 +3.1312e+00 -1.8344e+00 -1.3759e-01 +3.7090e+00 +1.4736e+00 +5.3606e-01 +2.9782e+00 -1.7216e+00 -1.8283e+00 +3.4579e+00
745452 +2.560266687e-04 +2.560266687e-04 -4.173974397e+01 -4.174000000e+01 +3.1312e+00 -1.8344e+00 -1.3759e-01 +3.7091e+00 +1.4736e+00 +5.3606e-01 +2.9781e+00 -1.7215e+00 -1.8288e+00 +3.4578e+00
870947 +2.337070293e-04 +2.337070293e-04 -4.173976629e+01 -4.174000000e+01 +3.1312e+00 -1.8344e+00 -1.3759e-01 +3.7090e+00 +1.4736e+00 +5.3606e-01 +2.9781e+00 -1.7215e+00 -1.8288e+00 +3.4579e+00
871346 +1.582443608e-04 +1.582443608e-04 -4.173984176e+01 -4.174000000e+01 +3.1312e+00 -1.8344e+00 -1.3759e-01 +3.7090e+00 +1.4736e+00 +5.3606e-01 +2.9782e+00 -1.7215e+00 -1.8288e+00 +3.4579e+00
% function evaluation | noise-free fitness - Fopt (-4.948600000000e+02) | best noise-free fitness - Fopt | measured fitness | best measured fitness | x1 | x2...
1 +1.268078528e+03 +1.268078528e+03 +7.732185276e+02 -4.948600000e+02 -1.5234e+00 +2.0987e+00 +4.4952e+00 +3.8833e+00 -2.5761e+00 +2.6995e+00 +4.3904e+00 -1.5567e+00 +4.4044e+00 +4.2610e+00
190 +1.699812368e+02 +1.699812368e+02 -3.248787632e+02 -4.948600000e+02 -2.7793e+00 +1.5716e+00 +7.7442e-01 -2.0782e+00 -4.0785e+00 -3.8925e+00 -3.7415e+00 -1.8240e+00 +1.8949e+00 +3.6042e+00
944 +1.229521666e+02 +1.229521666e+02 -3.719078334e+02 -4.948600000e+02 -2.7793e+00 -2.8176e+00 +4.1063e+00 -2.9111e+00 -4.0785e+00 -1.5747e+00 -1.2616e+00 -4.1290e-01 +1.8949e+00 +3.6042e+00
1317 +9.764911774e+01 +9.764911774e+01 -3.972108823e+02 -4.948600000e+02 -2.7793e+00 +1.5716e+00 +3.0402e+00 +1.5697e+00 -4.7286e+00 -3.8925e+00 +1.3030e-01 -1.1460e+00 +1.8949e+00 +3.6042e+00
2052 +5.208597420e+01 +5.208597420e+01 -4.427740258e+02 -4.948600000e+02 -3.8453e+00 -2.8176e+00 +3.6187e+00 +1.8914e-01 -4.2321e+00 -3.1864e+00 -1.2616e+00 -7.5700e-02 +3.3937e-01 +3.9328e+00
2980 +3.483874490e+01 +3.483874490e+01 -4.600212551e+02 -4.948600000e+02 -4.7350e+00 -9.6228e-01 +3.7606e+00 +1.8914e-01 -3.0682e+00 -3.1627e+00 -1.2616e+00 -2.0829e-01 +3.3937e-01 +3.9328e+00
3348 +2.340140854e+01 +2.340140854e+01 -4.714585915e+02 -4.948600000e+02 -2.7793e+00 -2.8176e+00 +3.0402e+00 +1.8914e-01 -3.0682e+00 -3.6281e+00 -1.6536e+00 -2.0829e-01 +1.4937e+00 +3.9328e+00
4659 +1.441678820e+01 +1.441678820e+01 -4.804432118e+02 -4.948600000e+02 -1.7563e+00 -2.8176e+00 +3.0402e+00 +1.8914e-01 -3.0682e+00 -3.1864e+00 -1.6536e+00 -2.0829e-01 +1.4937e+00 +3.5259e+00
5955 +9.911153351e+00 +9.911153351e+00 -4.849488466e+02 -4.948600000e+02 -2.7793e+00 -2.0395e+00 +3.0402e+00 +1.8914e-01 -3.0682e+00 -3.1864e+00 -2.1267e+00 -2.0829e-01 +1.4937e+00 +3.5259e+00
7461 +6.070729499e+00 +6.070729499e+00 -4.887892705e+02 -4.948600000e+02 -2.7793e+00 -2.0395e+00 +3.0402e+00 +1.8914e-01 -3.0682e+00 -3.1945e+00 -1.1942e+00 -1.7968e-01 +1.0451e+00 +3.5259e+00
38115 +3.702639835e+00 +3.702639835e+00 -4.911573602e+02 -4.948600000e+02 -2.7793e+00 -2.0395e+00 +3.0008e+00 +2.1569e-01 -3.0682e+00 -3.2439e+00 -1.6536e+00 -1.7968e-01 +1.0575e+00 +3.5259e+00
42794 +2.287460113e+00 +2.287460113e+00 -4.925725399e+02 -4.948600000e+02 -2.7793e+00 -1.1150e+00 +3.0008e+00 +2.1958e-01 -3.0489e+00 -3.2278e+00 -1.6536e+00 -1.7968e-01 +1.0575e+00 +3.5259e+00
44104 +1.345752189e+00 +1.345752189e+00 -4.935142478e+02 -4.948600000e+02 -2.7793e+00 -1.1150e+00 +3.8089e+00 +2.1958e-01 -3.0489e+00 -3.2278e+00 -1.6536e+00 -1.7968e-01 +1.0575e+00 +3.5259e+00
44865 +9.705420351e-01 +9.705420351e-01 -4.938894580e+02 -4.948600000e+02 -2.7793e+00 -1.1150e+00 +3.8089e+00 +2.1958e-01 -3.0489e+00 -3.2185e+00 -1.6654e+00 -1.7609e-01 +1.0575e+00 +3.5259e+00
45043 +3.823510392e-01 +3.823510392e-01 -4.944776490e+02 -4.948600000e+02 -2.7793e+00 -1.1150e+00 +3.8089e+00 +2.1958e-01 -3.0489e+00 -3.2278e+00 -1.6878e+00 -1.7609e-01 +1.0575e+00 +3.5259e+00
104171 +1.456520541e-01 +1.456520541e-01 -4.947143479e+02 -4.948600000e+02 -2.7821e+00 -1.1232e+00 +3.8280e+00 +2.2867e-01 -3.0532e+00 -3.2309e+00 -1.6903e+00 -1.5995e-01 +1.0644e+00 +3.5160e+00
122598 +7.493534651e-02 +7.493534651e-02 -4.947850647e+02 -4.948600000e+02 -2.7743e+00 -1.1182e+00 +3.8215e+00 +2.1958e-01 -3.0489e+00 -3.2278e+00 -1.6878e+00 -1.6155e-01 +1.0575e+00 +3.5259e+00
132867 +5.551048991e-02 +5.551048991e-02 -4.948044895e+02 -4.948600000e+02 -2.7793e+00 -1.1232e+00 +3.8280e+00 +2.2867e-01 -3.0532e+00 -3.2309e+00 -1.6903e+00 -1.5995e-01 +1.0613e+00 +3.5237e+00
141825 +3.909315734e-02 +3.909315734e-02 -4.948209068e+02 -4.948600000e+02 -2.7701e+00 -1.1232e+00 +3.8280e+00 +2.2867e-01 -3.0496e+00 -3.2309e+00 -1.6903e+00 -1.5995e-01 +1.0613e+00 +3.5237e+00
167490 +2.448028424e-02 +2.448028424e-02 -4.948355197e+02 -4.948600000e+02 -2.7743e+00 -1.1182e+00 +3.8215e+00 +2.2435e-01 -3.0489e+00 -3.2278e+00 -1.6878e+00 -1.6067e-01 +1.0586e+00 +3.5234e+00
214053 +1.511733540e-02 +1.511733540e-02 -4.948448827e+02 -4.948600000e+02 -2.7762e+00 -1.1232e+00 +3.8211e+00 +2.2867e-01 -3.0477e+00 -3.2278e+00 -1.6900e+00 -1.5995e-01 +1.0613e+00 +3.5224e+00
266607 +8.923156934e-03 +8.923156934e-03 -4.948510768e+02 -4.948600000e+02 -2.7762e+00 -1.1232e+00 +3.8211e+00 +2.2633e-01 -3.0477e+00 -3.2278e+00 -1.6903e+00 -1.6067e-01 +1.0613e+00 +3.5224e+00
304820 +6.165542974e-03 +6.165542974e-03 -4.948538345e+02 -4.948600000e+02 -2.7743e+00 -1.1232e+00 +3.8230e+00 +2.2633e-01 -3.0477e+00 -3.2278e+00 -1.6900e+00 -1.6128e-01 +1.0613e+00 +3.5224e+00
442946 +2.641595607e-03 +2.641595607e-03 -4.948573584e+02 -4.948600000e+02 -2.7743e+00 -1.1232e+00 +3.8230e+00 +2.2633e-01 -3.0477e+00 -3.2278e+00 -1.6893e+00 -1.6203e-01 +1.0605e+00 +3.5224e+00
473180 +1.849350339e-03 +1.849350339e-03 -4.948581506e+02 -4.948600000e+02 -2.7743e+00 -1.1232e+00 +3.8230e+00 +2.2633e-01 -3.0477e+00 -3.2286e+00 -1.6893e+00 -1.6203e-01 +1.0605e+00 +3.5224e+00
479564 +1.566703257e-03 +1.566703257e-03 -4.948584333e+02 -4.948600000e+02 -2.7743e+00 -1.1232e+00 +3.8230e+00 +2.2633e-01 -3.0477e+00 -3.2286e+00 -1.6893e+00 -1.6203e-01 +1.0601e+00 +3.5224e+00
558618 +9.675946325e-04 +9.675946325e-04 -4.948590324e+02 -4.948600000e+02 -2.7743e+00 -1.1232e+00 +3.8224e+00 +2.2633e-01 -3.0478e+00 -3.2291e+00 -1.6892e+00 -1.6250e-01 +1.0600e+00 +3.5222e+00
649748 +1.456715208e-04 +1.456715208e-04 -4.948598543e+02 -4.948600000e+02 -2.7743e+00 -1.1232e+00 +3.8224e+00 +2.2633e-01 -3.0477e+00 -3.2285e+00 -1.6897e+00 -1.6220e-01 +1.0600e+00 +3.5215e+00
% function evaluation | noise-free fitness - Fopt (3.484000000000e+02) | best noise-free fitness - Fopt | measured fitness | best measured fitness | x1 | x2...
1 +1.211415267e+03 +1.211415267e+03 +1.559815267e+03 +3.484000000e+02 +3.2406e+00 +1.9356e+00 +3.1393e+00 -9.4987e-01 +3.9714e+00 +1.6607e+00 -2.1206e+00 +4.2457e+00 +3.3123e+00 -6.9904e-01
199 +2.009893735e+02 +2.009893735e+02 +5.493893735e+02 +3.484000000e+02 -1.7957e+00 +4.4896e+00 +1.4901e+00 -2.6495e+00 -2.4589e+00 +4.8900e+00 +3.9292e+00 +4.3094e-02 +3.6892e+00 +5.9891e-01
399 +1.458618275e+02 +1.458618275e+02 +4.942618275e+02 +3.484000000e+02 -4.1232e+00 -1.9835e+00 -2.5845e+00 -2.8705e-01 -3.9803e+00 +3.9702e+00 +2.2026e-01 -3.8681e-01 +4.4435e+00 +2.3648e+00
1397 +9.929890239e+01 +9.929890239e+01 +4.476989024e+02 +3.484000000e+02 -1.0990e+00 -1.1158e+00 -3.8642e-01 -4.7651e+00 -4.1938e+00 +4.2986e+00 +5.4681e-01 -4.5494e-01 +3.9916e+00 +2.9676e+00
1996 +5.609902132e+01 +5.609902132e+01 +4.044990213e+02 +3.484000000e+02 -1.0990e+00 +2.9674e+00 -2.7850e+00 -4.8669e+00 -4.2718e+00 +3.9107e+00 +3.2291e+00 -3.1919e-01 +3.6187e+00 +2.9676e+00
2796 +3.871892623e+01 +3.871892623e+01 +3.871189262e+02 +3.484000000e+02 -1.0990e+00 -3.0953e-01 -2.8987e+00 -2.9620e+00 -3.0508e+00 +3.4350e+00 +3.2291e+00 -3.1919e-01 +4.0997e+00 +2.9676e+00
4194 +2.224868677e+01 +2.224868677e+01 +3.706486868e+02 +3.484000000e+02 -3.7999e+00 -3.0953e-01 -2.3021e+00 -4.8102e+00 -3.0508e+00 +3.5661e+00 +1.5168e+00 -3.1919e-01 +3.6187e+00 +2.9676e+00
5593 +1.532611680e+01 +1.532611680e+01 +3.637261168e+02 +3.484000000e+02 -9.9848e-01 -3.0953e-01 -2.8987e+00 -2.7664e+00 -4.2718e+00 +3.5368e+00 +1.5168e+00 -3.1919e-01 +3.6187e+00 +2.9676e+00
7589 +9.827880235e+00 +9.827880235e+00 +3.582278802e+02 +3.484000000e+02 -1.0137e+00 -3.0953e-01 -2.2000e+00 -2.7366e+00 -3.0508e+00 +3.5661e+00 +1.5168e+00 -3.1919e-01 +3.6187e+00 +2.9676e+00
9783 +5.335312458e+00 +5.335312458e+00 +3.537353125e+02 +3.484000000e+02 -2.0242e+00 -3.0953e-01 -2.2000e+00 -2.8208e+00 -3.6067e+00 +3.5368e+00 +1.9788e+00 -3.1919e-01 +3.6232e+00 +2.9676e+00
38319 +3.977698582e+00 +3.977698582e+00 +3.523776986e+02 +3.484000000e+02 -2.0242e+00 +1.5309e+00 -1.4156e+00 -3.5030e+00 -3.6067e+00 +3.5368e+00 +1.9788e+00 -3.1919e-01 +3.6187e+00 +2.9676e+00
39575 +2.415465542e+00 +2.415465542e+00 +3.508154655e+02 +3.484000000e+02 -2.0242e+00 -3.0953e-01 -1.4156e+00 -3.5030e+00 -3.6067e+00 +3.5368e+00 +2.0039e+00 -3.1919e-01 +3.6232e+00 +2.5910e+00
42615 +1.077492268e+00 +1.077492268e+00 +3.494774923e+02 +3.484000000e+02 -2.0060e+00 +5.9983e-01 -1.3900e+00 -3.5030e+00 -3.6067e+00 +3.5368e+00 +1.9879e+00 -3.1919e-01 +3.6232e+00 +2.5910e+00
43329 +8.141213797e-01 +8.141213797e-01 +3.492141214e+02 +3.484000000e+02 -2.0060e+00 +5.9983e-01 -1.3900e+00 -3.5268e+00 -3.6067e+00 +3.5368e+00 +1.9879e+00 -3.1919e-01 +3.6232e+00 +2.5910e+00
45474 +5.657756373e-01 +5.657756373e-01 +3.489657756e+02 +3.484000000e+02 -2.0060e+00 +5.9983e-01 -1.3900e+00 -3.5268e+00 -3.6067e+00 +3.5368e+00 +1.9879e+00 -3.0209e-01 +3.6232e+00 +2.5910e+00
46001 +3.351026316e-01 +3.351026316e-01 +3.487351026e+02 +3.484000000e+02 -2.0060e+00 +5.9983e-01 -1.3900e+00 -3.5268e+00 -3.6067e+00 +3.5368e+00 +1.9879e+00 -2.8890e-01 +3.6445e+00 +2.5910e+00
79339 +1.940663489e-01 +1.940663489e-01 +3.485940663e+02 +3.484000000e+02 -2.0060e+00 +5.9983e-01 -1.3900e+00 -3.5268e+00 -3.6067e+00 +3.5368e+00 +1.9888e+00 -3.1494e-01 +3.6445e+00 +2.5910e+00
84789 +8.908048847e-02 +8.908048847e-02 +3.484890805e+02 +3.484000000e+02 -2.0060e+00 +5.9983e-01 -1.3900e+00 -3.5268e+00 -3.6088e+00 +3.5368e+00 +1.9888e+00 -3.0748e-01 +3.6445e+00 +2.5865e+00
132991 +5.444514622e-02 +5.444514622e-02 +3.484544451e+02 +3.484000000e+02 -2.0084e+00 +5.9395e-01 -1.3840e+00 -3.5320e+00 -3.6099e+00 +3.5301e+00 +1.9900e+00 -3.0747e-01 +3.6422e+00 +2.5888e+00
134643 +3.878283537e-02 +3.878283537e-02 +3.484387828e+02 +3.484000000e+02 -2.0084e+00 +5.9829e-01 -1.3840e+00 -3.5276e+00 -3.6099e+00 +3.5346e+00 +1.9900e+00 -3.0747e-01 +3.6422e+00 +2.5888e+00
178365 +2.387745021e-02 +2.387745021e-02 +3.484238775e+02 +3.484000000e+02 -2.0084e+00 +5.9829e-01 -1.3840e+00 -3.5276e+00 -3.6099e+00 +3.5325e+00 +1.9978e+00 -3.0747e-01 +3.6422e+00 +2.5888e+00
211887 +9.667145596e-03 +9.667145596e-03 +3.484096671e+02 +3.484000000e+02 -2.0084e+00 +5.9829e-01 -1.3840e+00 -3.5276e+00 -3.6099e+00 +3.5325e+00 +1.9954e+00 -3.0593e-01 +3.6422e+00 +2.5888e+00
281814 +6.168919176e-03 +6.168919176e-03 +3.484061689e+02 +3.484000000e+02 -2.0084e+00 +5.9829e-01 -1.3879e+00 -3.5268e+00 -3.6099e+00 +3.5325e+00 +1.9954e+00 -3.0593e-01 +3.6398e+00 +2.5888e+00
362719 +3.504036986e-03 +3.504036986e-03 +3.484035040e+02 +3.484000000e+02 -2.0126e+00 +5.9829e-01 -1.3879e+00 -3.5268e+00 -3.6099e+00 +3.5327e+00 +1.9936e+00 -3.0593e-01 +3.6404e+00 +2.5888e+00
449149 +1.139793873e-03 +1.139793873e-03 +3.484011398e+02 +3.484000000e+02 -2.0102e+00 +5.9691e-01 -1.3872e+00 -3.5268e+00 -3.6099e+00 +3.5326e+00 +1.9939e+00 -3.0432e-01 +3.6404e+00 +2.5888e+00
449335 +9.814093465e-04 +9.814093465e-04 +3.484009814e+02 +3.484000000e+02 -2.0106e+00 +5.9691e-01 -1.3872e+00 -3.5268e+00 -3.6099e+00 +3.5326e+00 +1.9939e+00 -3.0432e-01 +3.6404e+00 +2.5888e+00
685192 +4.023916666e-04 +4.023916666e-04 +3.484004024e+02 +3.484000000e+02 -2.0106e+00 +5.9691e-01 -1.3872e+00 -3.5268e+00 -3.6099e+00 +3.5328e+00 +1.9944e+00 -3.0475e-01 +3.6404e+00 +2.5888e+00
903798 +3.637923409e-04 +3.637923409e-04 +3.484003638e+02 +3.484000000e+02 -2.0106e+00 +5.9691e-01 -1.3872e+00 -3.5268e+00 -3.6099e+00 +3.5328e+00 +1.9944e+00 -3.0475e-01 +3.6405e+00 +2.5888e+00
913148 +2.081771772e-04 +2.081771772e-04 +3.484002082e+02 +3.484000000e+02 -2.0106e+00 +5.9691e-01 -1.3872e+00 -3.5268e+00 -3.6099e+00 +3.5328e+00 +1.9944e+00 -3.0475e-01 +3.6407e+00 +2.5888e+00
% function evaluation | noise-free fitness - Fopt (3.770000000000e+00) | best noise-free fitness - Fopt | measured fitness | best measured fitness | x1 | x2...
1 +5.138514381e+02 +5.138514381e+02 +5.176214381e+02 +3.770000000e+00 +3.5444e+00 +4.9988e+00 -4.6612e+00 +3.9705e+00 -3.3739e+00 -2.0171e+00 +1.8120e+00 -4.0194e+00 -2.8310e+00 -3.1318e+00
197 +1.860519502e+02 +1.860519502e+02 +1.898219502e+02 +3.770000000e+00 -2.7369e+00 +3.6258e+00 -3.1469e+00 +3.9448e+00 -1.4022e+00 +4.4932e+00 +1.8626e+00 +1.7493e+00 -3.3778e+00 -1.3102e+00
787 +1.364886476e+02 +1.364886476e+02 +1.402586476e+02 +3.770000000e+00 -1.3207e-01 -2.3411e+00 -2.2506e+00 +4.1500e+00 -2.1318e+00 +2.6459e+00 +1.6398e+00 -2.7782e-01 -3.0553e+00 +8.1323e-01
1386 +9.122833627e+01 +9.122833627e+01 +9.499833627e+01 +3.770000000e+00 -5.1555e-01 -1.8418e+00 -2.2506e+00 +4.1500e+00 -2.6713e+00 +2.9852e+00 +1.6398e+00 +1.7343e+00 -4.8045e+00 -3.4933e-02
2570 +6.129926378e+01 +6.129926378e+01 +6.506926378e+01 +3.770000000e+00 +1.1395e+00 -1.8418e+00 -4.6206e+00 +3.6025e+00 -2.8735e+00 +2.6459e+00 +1.6398e+00 +8.7441e-01 -4.8045e+00 -1.3102e+00
3747 +3.709986259e+01 +3.709986259e+01 +4.086986259e+01 +3.770000000e+00 +1.1395e+00 -3.5737e+00 -2.3134e+00 +3.6025e+00 -2.8735e+00 +2.6459e+00 +2.1244e+00 +1.0116e+00 -3.0195e+00 -1.3102e+00
5119 +2.343393783e+01 +2.343393783e+01 +2.720393783e+01 +3.770000000e+00 +1.1395e+00 -3.5962e+00 -2.3134e+00 +3.6025e+00 -3.3604e+00 +3.1347e+00 +1.6398e+00 +1.0116e+00 -4.0752e+00 -2.8773e-01
9673 +1.580119963e+01 +1.580119963e+01 +1.957119963e+01 +3.770000000e+00 +1.9128e+00 -3.5962e+00 -2.3134e+00 +3.4360e+00 -3.3604e+00 +3.6105e+00 +2.1244e+00 +1.0116e+00 -3.6858e+00 -2.8773e-01
18538 +9.237587067e+00 +9.237587067e+00 +1.300758707e+01 +3.770000000e+00 +1.9416e+00 -2.0531e+00 -4.5514e+00 +2.7933e+00 -4.0689e+00 +3.0764e+00 +2.1040e+00 +1.8391e+00 -3.6947e+00 -9.2059e-01
35773 +5.610817992e+00 +5.610817992e+00 +9.380817992e+00 +3.770000000e+00 +1.9477e+00 -2.9306e+00 -2.3134e+00 +2.8155e+00 -3.3902e+00 +3.6033e+00 +2.0905e+00 +1.3807e+00 -3.6858e+00 -6.1038e-01
42806 +3.962129810e+00 +3.962129810e+00 +7.732129810e+00 +3.770000000e+00 +2.9770e+00 -2.0531e+00 -2.3134e+00 +2.8062e+00 -4.0689e+00 +3.0764e+00 +2.1040e+00 +1.4095e+00 -3.6947e+00 -2.6254e-01
71897 +2.229691704e+00 +2.229691704e+00 +5.999691704e+00 +3.770000000e+00 +2.9561e+00 -1.9991e+00 -3.1130e+00 +2.8155e+00 -3.4102e+00 +3.0459e+00 +2.0970e+00 +1.3807e+00 -3.6927e+00 -6.1038e-01
73290 +1.549452815e+00 +1.549452815e+00 +5.319452815e+00 +3.770000000e+00 +2.9561e+00 -1.9991e+00 -3.1322e+00 +2.8155e+00 -3.4102e+00 +3.0459e+00 +2.0970e+00 +1.3807e+00 -3.6927e+00 -6.1038e-01
75679 +9.828100221e-01 +9.828100221e-01 +4.752810022e+00 +3.770000000e+00 +2.9561e+00 -1.9991e+00 -3.1322e+00 +2.8155e+00 -3.4102e+00 +3.0628e+00 +2.0970e+00 +1.3825e+00 -3.7114e+00 -6.1038e-01
83917 +5.711380011e-01 +5.711380011e-01 +4.341138001e+00 +3.770000000e+00 +2.9491e+00 -2.0531e+00 -3.1574e+00 +2.8062e+00 -3.3963e+00 +3.0702e+00 +2.1040e+00 +1.3918e+00 -3.6947e+00 -6.1244e-01
104651 +3.470739299e-01 +3.470739299e-01 +4.117073930e+00 +3.770000000e+00 +2.9465e+00 -2.0413e+00 -3.1494e+00 +2.8052e+00 -3.4263e+00 +3.0635e+00 +2.1040e+00 +1.3858e+00 -3.7113e+00 -6.1496e-01
122853 +2.204399755e-01 +2.204399755e-01 +3.990439975e+00 +3.770000000e+00 +2.9397e+00 -2.0407e+00 -3.1659e+00 +2.8085e+00 -3.4058e+00 +3.0620e+00 +2.1052e+00 +1.3997e+00 -3.7148e+00 -6.1845e-01
123402 +1.567183419e-01 +1.567183419e-01 +3.926718342e+00 +3.770000000e+00 +2.9397e+00 -2.0407e+00 -3.1659e+00 +2.8085e+00 -3.4058e+00 +3.0620e+00 +2.1052e+00 +1.3997e+00 -3.7074e+00 -6.1845e-01
141954 +9.339223271e-02 +9.339223271e-02 +3.863392233e+00 +3.770000000e+00 +2.9433e+00 -2.0381e+00 -3.1647e+00 +2.8052e+00 -3.4106e+00 +3.0635e+00 +2.0936e+00 +1.3858e+00 -3.7113e+00 -6.1496e-01
162342 +2.144827571e-02 +2.144827571e-02 +3.791448276e+00 +3.770000000e+00 +2.9385e+00 -2.0407e+00 -3.1659e+00 +2.8062e+00 -3.4127e+00 +3.0646e+00 +2.0970e+00 +1.3918e+00 -3.7109e+00 -6.1845e-01
209261 +1.065627860e-02 +1.065627860e-02 +3.780656279e+00 +3.770000000e+00 +2.9397e+00 -2.0407e+00 -3.1659e+00 +2.8062e+00 -3.4127e+00 +3.0646e+00 +2.0958e+00 +1.3918e+00 -3.7101e+00 -6.1845e-01
231231 +7.449571395e-03 +7.449571395e-03 +3.777449571e+00 +3.770000000e+00 +2.9397e+00 -2.0384e+00 -3.1659e+00 +2.8062e+00 -3.4102e+00 +3.0628e+00 +2.0970e+00 +1.3931e+00 -3.7081e+00 -6.1845e-01
236567 +6.076739951e-03 +6.076739951e-03 +3.776076740e+00 +3.770000000e+00 +2.9397e+00 -2.0384e+00 -3.1659e+00 +2.8062e+00 -3.4102e+00 +3.0628e+00 +2.0963e+00 +1.3931e+00 -3.7081e+00 -6.1845e-01
304074 +3.902244363e-03 +3.902244363e-03 +3.773902244e+00 +3.770000000e+00 +2.9397e+00 -2.0384e+00 -3.1659e+00 +2.8052e+00 -3.4127e+00 +3.0646e+00 +2.0963e+00 +1.3931e+00 -3.7081e+00 -6.1845e-01
333935 +2.371550006e-03 +2.371550006e-03 +3.772371550e+00 +3.770000000e+00 +2.9433e+00 -2.0384e+00 -3.1647e+00 +2.8052e+00 -3.4127e+00 +3.0646e+00 +2.0962e+00 +1.3931e+00 -3.7081e+00 -6.1845e-01
418355 +1.395567027e-03 +1.395567027e-03 +3.771395567e+00 +3.770000000e+00 +2.9433e+00 -2.0384e+00 -3.1644e+00 +2.8052e+00 -3.4127e+00 +3.0635e+00 +2.0950e+00 +1.3931e+00 -3.7081e+00 -6.1845e-01
473270 +7.753641226e-04 +7.753641226e-04 +3.770775364e+00 +3.770000000e+00 +2.9411e+00 -2.0392e+00 -3.1647e+00 +2.8058e+00 -3.4127e+00 +3.0635e+00 +2.0953e+00 +1.3931e+00 -3.7081e+00 -6.1845e-01
478527 +5.678625786e-04 +5.678625786e-04 +3.770567863e+00 +3.770000000e+00 +2.9411e+00 -2.0392e+00 -3.1644e+00 +2.8058e+00 -3.4114e+00 +3.0635e+00 +2.0953e+00 +1.3931e+00 -3.7081e+00 -6.1845e-01
669194 +2.065256402e-04 +2.065256402e-04 +3.770206526e+00 +3.770000000e+00 +2.9411e+00 -2.0392e+00 -3.1642e+00 +2.8058e+00 -3.4121e+00 +3.0640e+00 +2.0950e+00 +1.3931e+00 -3.7081e+00 -6.1845e-01
817693 +1.153972706e-04 +1.153972706e-04 +3.770115397e+00 +3.770000000e+00 +2.9417e+00 -2.0392e+00 -3.1639e+00 +2.8055e+00 -3.4121e+00 +3.0640e+00 +2.0953e+00 +1.3931e+00 -3.7081e+00 -6.1845e-01
% function evaluation | noise-free fitness - Fopt (3.770000000000e+01) | best noise-free fitness - Fopt | measured fitness | best measured fitness | x1 | x2...
1 +1.780675556e+03 +1.780675556e+03 +1.818375556e+03 +3.770000000e+01 +4.6972e+00 -2.0980e+00 -3.9066e+00 +1.0603e+00 -2.5393e+00 -4.1874e-01 -1.6431e-01 +3.2409e+00 +1.5705e+00 +1.5046e+00
184 +2.963565731e+02 +2.963565731e+02 +3.340565731e+02 +3.770000000e+01 -3.1609e+00 +4.3604e+00 -1.3370e+00 +1.2867e+00 +2.2515e+00 +3.7611e+00 +2.3232e+00 -2.3964e+00 +1.8382e+00 -7.0087e-01
365 +1.766913793e+02 +1.766913793e+02 +2.143913793e+02 +3.770000000e+01 -4.4446e+00 -2.1781e+00 -2.1425e+00 -1.5389e+00 +2.7522e+00 +4.2131e+00 +4.0364e+00 -4.8153e+00 +3.8390e+00 +7.1605e-01
895 +1.146865937e+02 +1.146865937e+02 +1.523865937e+02 +3.770000000e+01 +3.9092e+00 -8.8970e-01 -2.1138e+00 -3.5351e+00 +1.7218e+00 +2.7832e+00 +3.4880e+00 -1.6299e+00 +3.6554e+00 -1.2168e+00
1422 +9.757979909e+01 +9.757979909e+01 +1.352797991e+02 +3.770000000e+01 +3.2194e+00 -2.1781e+00 -3.9837e+00 -1.2504e+00 +5.3333e-01 +2.6037e+00 +3.9379e+00 -2.7919e+00 +3.6554e+00 -1.2168e+00
2126 +5.831850967e+01 +5.831850967e+01 +9.601850967e+01 +3.770000000e+01 +3.2194e+00 -2.4196e+00 -2.5908e+00 -3.6729e+00 +1.7624e+00 +4.7167e+00 +2.1609e+00 -3.3431e+00 +3.8446e+00 -1.2168e+00
3011 +3.706458749e+01 +3.706458749e+01 +7.476458749e+01 +3.770000000e+01 +1.7033e-01 -3.1853e+00 -9.0624e-01 -3.4777e+00 +1.7218e+00 +4.2242e+00 +3.3968e+00 -2.7919e+00 +4.3570e+00 -2.2585e-01
3546 +2.374722908e+01 +2.374722908e+01 +6.144722908e+01 +3.770000000e+01 +1.7033e-01 -2.4196e+00 -2.7015e+00 -3.4777e+00 +1.7624e+00 +1.7873e+00 +3.3968e+00 -3.3431e+00 +3.8841e+00 -2.3270e-01
4073 +1.567784907e+01 +1.567784907e+01 +5.337784907e+01 +3.770000000e+01 +2.1698e+00 -2.4196e+00 -2.5908e+00 -4.3582e+00 +1.7218e+00 +3.1532e+00 +3.3968e+00 -3.7121e+00 +4.3570e+00 -2.2585e-01
5134 +9.829170889e+00 +9.829170889e+00 +4.752917089e+01 +3.770000000e+01 +1.7033e-01 -2.4196e+00 -2.5908e+00 -3.4777e+00 +1.7218e+00 +3.1532e+00 +3.3968e+00 -3.3431e+00 +3.8841e+00 -2.3270e-01
6206 +5.778177995e+00 +5.778177995e+00 +4.347817800e+01 +3.770000000e+01 +1.7033e-01 -2.3319e+00 -2.5908e+00 -3.5477e+00 +1.7218e+00 +3.1532e+00 +3.3968e+00 -3.3431e+00 +3.8841e+00 -2.7289e-01
37494 +3.615133612e+00 +3.615133612e+00 +4.131513361e+01 +3.770000000e+01 +1.1405e+00 -2.3571e+00 -2.6513e+00 -3.5490e+00 +2.3822e+00 +3.1795e+00 +3.3854e+00 -2.8621e+00 +3.9136e+00 -2.5851e-01
38007 +2.000494942e+00 +2.000494942e+00 +3.970049494e+01 +3.770000000e+01 +1.1405e+00 -2.3571e+00 -1.7620e+00 -3.5490e+00 +2.3822e+00 +3.1795e+00 +3.3854e+00 -3.3292e+00 +3.9136e+00 -6.3484e-01
38710 +1.578048647e+00 +1.578048647e+00 +3.927804865e+01 +3.770000000e+01 +1.1405e+00 -2.3571e+00 -2.6513e+00 -3.5490e+00 +2.3822e+00 +3.1795e+00 +3.3854e+00 -3.3292e+00 +3.9136e+00 -6.3484e-01
40969 +8.828141198e-01 +8.828141198e-01 +3.858281412e+01 +3.770000000e+01 +1.1405e+00 -2.3571e+00 -2.6091e+00 -3.5490e+00 +2.3822e+00 +3.1795e+00 +3.3854e+00 -3.3233e+00 +3.9136e+00 -6.3484e-01
68578 +6.165566980e-01 +6.165566980e-01 +3.831655670e+01 +3.770000000e+01 +1.0953e+00 -2.3440e+00 -2.6021e+00 -3.5490e+00 +2.3822e+00 +3.1795e+00 +3.3854e+00 -3.3199e+00 +3.9054e+00 -6.3178e-01
69883 +3.416647450e-01 +3.416647450e-01 +3.804166474e+01 +3.770000000e+01 +1.0953e+00 -2.3571e+00 -2.6021e+00 -3.5490e+00 +2.3822e+00 +3.1795e+00 +3.4033e+00 -3.3199e+00 +3.9054e+00 -6.3178e-01
70448 +2.128457194e-01 +2.128457194e-01 +3.791284572e+01 +3.770000000e+01 +1.1081e+00 -2.3440e+00 -2.6021e+00 -3.5490e+00 +2.3822e+00 +3.1795e+00 +3.4033e+00 -3.3199e+00 +3.9054e+00 -6.3178e-01
95857 +1.125429625e-01 +1.125429625e-01 +3.781254296e+01 +3.770000000e+01 +1.1081e+00 -2.3440e+00 -2.6021e+00 -3.5490e+00 +2.3718e+00 +3.1745e+00 +3.4033e+00 -3.3199e+00 +3.9054e+00 -6.3178e-01
102090 +8.892710680e-02 +8.892710680e-02 +3.778892711e+01 +3.770000000e+01 +1.1113e+00 -2.3440e+00 -2.6187e+00 -3.5490e+00 +2.3718e+00 +3.1745e+00 +3.4033e+00 -3.3199e+00 +3.9054e+00 -6.3178e-01
166335 +2.881913166e-02 +2.881913166e-02 +3.772881913e+01 +3.770000000e+01 +1.1165e+00 -2.3394e+00 -2.6092e+00 -3.5490e+00 +2.3760e+00 +3.1649e+00 +3.4051e+00 -3.3154e+00 +3.9038e+00 -6.3584e-01
195703 +2.430513083e-02 +2.430513083e-02 +3.772430513e+01 +3.770000000e+01 +1.1165e+00 -2.3394e+00 -2.6092e+00 -3.5490e+00 +2.3733e+00 +3.1649e+00 +3.4051e+00 -3.3154e+00 +3.9038e+00 -6.3584e-01
196088 +1.222255165e-02 +1.222255165e-02 +3.771222255e+01 +3.770000000e+01 +1.1165e+00 -2.3394e+00 -2.6092e+00 -3.5490e+00 +2.3718e+00 +3.1679e+00 +3.4051e+00 -3.3154e+00 +3.9038e+00 -6.3584e-01
204997 +8.478994349e-03 +8.478994349e-03 +3.770847899e+01 +3.770000000e+01 +1.1118e+00 -2.3394e+00 -2.6110e+00 -3.5490e+00 +2.3733e+00 +3.1679e+00 +3.4051e+00 -3.3199e+00 +3.9038e+00 -6.3584e-01
281287 +6.274882970e-03 +6.274882970e-03 +3.770627488e+01 +3.770000000e+01 +1.1118e+00 -2.3404e+00 -2.6106e+00 -3.5490e+00 +2.3733e+00 +3.1680e+00 +3.4051e+00 -3.3157e+00 +3.9037e+00 -6.3584e-01
348361 +3.075142776e-03 +3.075142776e-03 +3.770307514e+01 +3.770000000e+01 +1.1118e+00 -2.3405e+00 -2.6106e+00 -3.5490e+00 +2.3733e+00 +3.1679e+00 +3.4051e+00 -3.3184e+00 +3.9037e+00 -6.3584e-01
461061 +2.481256582e-03 +2.481256582e-03 +3.770248126e+01 +3.770000000e+01 +1.1119e+00 -2.3405e+00 -2.6109e+00 -3.5501e+00 +2.3725e+00 +3.1694e+00 +3.4051e+00 -3.3184e+00 +3.9037e+00 -6.3584e-01
550214 +1.149470928e-03 +1.149470928e-03 +3.770114947e+01 +3.770000000e+01 +1.1125e+00 -2.3409e+00 -2.6123e+00 -3.5501e+00 +2.3725e+00 +3.1694e+00 +3.4051e+00 -3.3178e+00 +3.9037e+00 -6.3584e-01
550614 +9.695792218e-04 +9.695792218e-04 +3.770096958e+01 +3.770000000e+01 +1.1125e+00 -2.3409e+00 -2.6123e+00 -3.5490e+00 +2.3733e+00 +3.1690e+00 +3.4047e+00 -3.3178e+00 +3.9037e+00 -6.3584e-01
628528 +5.778016691e-04 +5.778016691e-04 +3.770057780e+01 +3.770000000e+01 +1.1133e+00 -2.3405e+00 -2.6123e+00 -3.5498e+00 +2.3725e+00 +3.1686e+00 +3.4047e+00 -3.3174e+00 +3.9037e+00 -6.3584e-01
736604 +3.461738785e-04 +3.461738785e-04 +3.770034617e+01 +3.770000000e+01 +1.1130e+00 -2.3409e+00 -2.6123e+00 -3.5496e+00 +2.3725e+00 +3.1686e+00 +3.4047e+00 -3.3174e+00 +3.9030e+00 -6.3584e-01
895868 +1.558250819e-04 +1.558250819e-04 +3.770015583e+01 +3.770000000e+01 +1.1133e+00 -2.3409e+00 -2.6117e+00 -3.5496e+00 +2.3728e+00 +3.1687e+00 +3.4047e+00 -3.3177e+00 +3.9030e+00 -6.3584e-01
% function evaluation | noise-free fitness - Fopt (6.956900000000e+02) | best noise-free fitness - Fopt | measured fitness | best measured fitness | x1 | x2...
1 +1.816539151e+03 +1.816539151e+03 +2.512229151e+03 +6.956900000e+02 -4.9534e+00 +5.0283e-01 +3.7096e+00 +3.2726e+00 -3.2166e+00 +4.1996e+00 -1.4551e+00 -4.9273e+00 -3.6054e+00 +2.1557e+00
198 +1.856764631e+02 +1.856764631e+02 +8.813664631e+02 +6.956900000e+02 -3.5902e+00 -2.1858e+00 -8.5021e-01 +3.6899e+00 -2.4609e+00 -2.9308e+00 +4.1828e+00 +4.3669e-01 +1.0125e+00 -1.5930e+00
790 +1.511560788e+02 +1.511560788e+02 +8.468460788e+02 +6.956900000e+02 -4.0526e+00 +2.2461e-01 -3.3757e-01 +2.6171e-01 -8.7604e-01 -4.3000e+00 +1.6915e+00 +3.7783e-01 +9.7456e-01 -1.5540e+00
1976 +9.501276100e+01 +9.501276100e+01 +7.907027610e+02 +6.956900000e+02 -2.2397e-01 -2.5748e+00 -2.5533e+00 +1.6145e+00 +1.3551e+00 -2.4977e+00 +1.7406e+00 +2.2030e+00 +2.6945e-01 -3.6722e-01
2764 +5.035875991e+01 +5.035875991e+01 +7.460487599e+02 +6.956900000e+02 -3.5902e+00 -4.2438e+00 -2.5533e+00 +1.6145e+00 +1.3551e+00 -4.3000e+00 +3.1305e+00 +1.9540e+00 +1.4570e+00 -7.2073e-01
3351 +3.391219936e+01 +3.391219936e+01 +7.296021994e+02 +6.956900000e+02 -3.4332e+00 -1.4661e+00 -2.5533e+00 +4.2200e+00 +1.3551e+00 -4.3000e+00 +3.1052e+00 +1.9540e+00 +2.6945e-01 -3.6722e-01
4141 +2.506905097e+01 +2.506905097e+01 +7.207590510e+02 +6.956900000e+02 -4.2706e+00 -4.2438e+00 -2.4615e+00 +4.2200e+00 -8.7604e-01 -4.3000e+00 +3.1052e+00 +1.9540e+00 +1.4570e+00 -1.1015e+00
6298 +1.499873372e+01 +1.499873372e+01 +7.106887337e+02 +6.956900000e+02 -4.2706e+00 -4.2438e+00 -2.5533e+00 +4.2601e+00 +8.5090e-01 -4.3000e+00 +3.1052e+00 +1.0328e+00 +1.4570e+00 -3.6722e-01
8446 +9.926279693e+00 +9.926279693e+00 +7.056162797e+02 +6.956900000e+02 -4.2706e+00 -4.2438e+00 -3.3574e+00 +4.2200e+00 +8.5090e-01 -3.8440e+00 +3.1052e+00 +1.0328e+00 +1.4570e+00 -7.9057e-01
19062 +6.279314462e+00 +6.279314462e+00 +7.019693145e+02 +6.956900000e+02 -3.2475e+00 -2.3268e+00 -2.5690e+00 +3.6489e+00 -3.3432e-01 -3.8394e+00 +3.0859e+00 +1.0152e+00 +1.0297e+00 -3.9749e-01
38894 +3.757457488e+00 +3.757457488e+00 +6.994474575e+02 +6.956900000e+02 -3.2475e+00 -2.3268e+00 -3.3937e+00 +3.6489e+00 -3.3432e-01 -3.8394e+00 +3.0859e+00 +1.0152e+00 +1.0297e+00 -7.6879e-01
39628 +2.508612145e+00 +2.508612145e+00 +6.981986121e+02 +6.956900000e+02 -3.2475e+00 -2.3268e+00 -3.3450e+00 +3.6489e+00 +2.7994e-01 -3.8394e+00 +3.0859e+00 +1.0152e+00 +1.0297e+00 -7.6879e-01
43282 +1.287345366e+00 +1.287345366e+00 +6.969773454e+02 +6.956900000e+02 -3.2475e+00 -3.2682e+00 -3.3450e+00 +3.6489e+00 +2.7994e-01 -3.8274e+00 +3.0859e+00 +1.0152e+00 +1.0297e+00 -7.6879e-01
44395 +9.987179161e-01 +9.987179161e-01 +6.966887179e+02 +6.956900000e+02 -3.2818e+00 -3.2682e+00 -3.3450e+00 +3.6489e+00 +2.7994e-01 -3.8274e+00 +3.0859e+00 +1.0152e+00 +1.0415e+00 -7.6879e-01
46795 +5.966546201e-01 +5.966546201e-01 +6.962866546e+02 +6.956900000e+02 -3.2818e+00 -3.2682e+00 -3.3450e+00 +3.6038e+00 +2.7994e-01 -3.8274e+00 +3.0835e+00 +1.0152e+00 +1.0406e+00 -7.8171e-01
85081 +3.880112735e-01 +3.880112735e-01 +6.960780113e+02 +6.956900000e+02 -3.2818e+00 -3.2682e+00 -3.3574e+00 +3.6038e+00 +2.7994e-01 -3.8274e+00 +3.0859e+00 +1.0328e+00 +1.0406e+00 -7.8171e-01
86621 +2.268677954e-01 +2.268677954e-01 +6.959168678e+02 +6.956900000e+02 -3.2818e+00 -3.2682e+00 -3.3574e+00 +3.6240e+00 +2.8751e-01 -3.8274e+00 +3.0835e+00 +1.0328e+00 +1.0406e+00 -7.8171e-01
93557 +1.515204617e-01 +1.515204617e-01 +6.958415205e+02 +6.956900000e+02 -3.2818e+00 -3.2682e+00 -3.3574e+00 +3.6240e+00 +2.8751e-01 -3.8274e+00 +3.0716e+00 +1.0295e+00 +1.0406e+00 -7.7457e-01
121693 +8.723545377e-02 +8.723545377e-02 +6.957772355e+02 +6.956900000e+02 -3.2869e+00 -3.2563e+00 -3.3675e+00 +3.6140e+00 +2.8931e-01 -3.8238e+00 +3.0731e+00 +1.0288e+00 +1.0405e+00 -7.7338e-01
157091 +6.010137304e-02 +6.010137304e-02 +6.957501014e+02 +6.956900000e+02 -3.2869e+00 -3.2563e+00 -3.3675e+00 +3.6140e+00 +2.8931e-01 -3.8238e+00 +3.0770e+00 +1.0288e+00 +1.0405e+00 -7.7435e-01
163074 +3.614710652e-02 +3.614710652e-02 +6.957261471e+02 +6.956900000e+02 -3.2818e+00 -3.2589e+00 -3.3658e+00 +3.6196e+00 +2.8751e-01 -3.8238e+00 +3.0754e+00 +1.0288e+00 +1.0403e+00 -7.7666e-01
177371 +2.175250062e-02 +2.175250062e-02 +6.957117525e+02 +6.956900000e+02 -3.2818e+00 -3.2604e+00 -3.3658e+00 +3.6196e+00 +2.9142e-01 -3.8205e+00 +3.0754e+00 +1.0288e+00 +1.0403e+00 -7.7898e-01
232322 +1.273831451e-02 +1.273831451e-02 +6.957027383e+02 +6.956900000e+02 -3.2854e+00 -3.2563e+00 -3.3675e+00 +3.6165e+00 +2.8931e-01 -3.8192e+00 +3.0770e+00 +1.0273e+00 +1.0387e+00 -7.7935e-01
241634 +9.693204429e-03 +9.693204429e-03 +6.956996932e+02 +6.956900000e+02 -3.2818e+00 -3.2604e+00 -3.3658e+00 +3.6188e+00 +2.9066e-01 -3.8180e+00 +3.0754e+00 +1.0288e+00 +1.0384e+00 -7.7864e-01
245913 +3.595066224e-03 +3.595066224e-03 +6.956935951e+02 +6.956900000e+02 -3.2861e+00 -3.2589e+00 -3.3658e+00 +3.6196e+00 +2.8931e-01 -3.8192e+00 +3.0754e+00 +1.0273e+00 +1.0365e+00 -7.7724e-01
363245 +1.878944755e-03 +1.878944755e-03 +6.956918789e+02 +6.956900000e+02 -3.2854e+00 -3.2589e+00 -3.3658e+00 +3.6184e+00 +2.9051e-01 -3.8191e+00 +3.0754e+00 +1.0271e+00 +1.0384e+00 -7.7749e-01
363424 +1.527001632e-03 +1.527001632e-03 +6.956915270e+02 +6.956900000e+02 -3.2854e+00 -3.2589e+00 -3.3658e+00 +3.6184e+00 +2.9051e-01 -3.8191e+00 +3.0761e+00 +1.0271e+00 +1.0384e+00 -7.7749e-01
412743 +8.959680919e-04 +8.959680919e-04 +6.956908960e+02 +6.956900000e+02 -3.2854e+00 -3.2582e+00 -3.3658e+00 +3.6185e+00 +2.8931e-01 -3.8192e+00 +3.0761e+00 +1.0273e+00 +1.0382e+00 -7.7724e-01
535437 +3.311157305e-04 +3.311157305e-04 +6.956903311e+02 +6.956900000e+02 -3.2854e+00 -3.2589e+00 -3.3658e+00 +3.6184e+00 +2.8980e-01 -3.8192e+00 +3.0759e+00 +1.0273e+00 +1.0379e+00 -7.7749e-01
697578 +2.249576390e-04 +2.249576390e-04 +6.956902250e+02 +6.956900000e+02 -3.2846e+00 -3.2585e+00 -3.3658e+00 +3.6184e+00 +2.8980e-01 -3.8192e+00 +3.0761e+00 +1.0273e+00 +1.0373e+00 -7.7749e-01
% function evaluation | noise-free fitness - Fopt (-1.180300000000e+02) | best noise-free fitness - Fopt | measured fitness | best measured fitness | x1 | x2...
1 +1.439690094e+03 +1.439690094e+03 +1.321660094e+03 -1.180300000e+02 -3.3314e+00 -6.2555e-01 -2.1364e+00 +3.7418e+00 +2.2379e+00 -3.6444e+00 +2.7685e+00 -1.4649e-01 -1.6161e+00 +1.6146e+00
189 +1.658727749e+02 +1.658727749e+02 +4.784277491e+01 -1.180300000e+02 -2.9355e+00 -7.7427e-01 +7.0807e-02 -3.1674e+00 -4.4186e+00 -2.5106e+00 -3.1093e+00 +2.3992e+00 -1.5094e+00 +2.7873e+00
378 +1.290454601e+02 +1.290454601e+02 +1.101546005e+01 -1.180300000e+02 -1.2389e+00 +4.5996e+00 -1.6470e+00 -4.9005e+00 -2.7352e+00 -1.3551e+00 -4.8866e+00 +1.7261e-01 -3.2398e+00 +2.8310e+00
1471 +9.926700039e+01 +9.926700039e+01 -1.876299961e+01 -1.180300000e+02 -8.1917e-01 +3.5209e+00 +9.3331e-01 -3.7532e+00 -3.4923e+00 -1.3551e+00 -2.9442e+00 +1.7261e-01 -2.9264e+00 +2.0905e+00
2390 +5.632303156e+01 +5.632303156e+01 -6.170696844e+01 -1.180300000e+02 -1.2389e+00 +4.5996e+00 -1.6470e+00 -3.9714e+00 -2.7352e+00 -2.5254e+00 -2.8692e+00 +6.1217e-01 -2.9264e+00 +1.9688e+00
3886 +3.561247618e+01 +3.561247618e+01 -8.241752382e+01 -1.180300000e+02 -3.1509e-02 +4.4980e+00 -1.6470e+00 -3.8077e+00 -4.4186e+00 -1.8668e+00 -2.9442e+00 +6.1217e-01 -2.8453e+00 +1.5887e+00
5200 +2.489648793e+01 +2.489648793e+01 -9.313351207e+01 -1.180300000e+02 -3.1509e-02 +4.4976e+00 -1.6470e+00 -3.0842e+00 -4.4186e+00 -1.8668e+00 -3.3430e+00 +6.1217e-01 -2.9264e+00 +1.5887e+00
6663 +1.503132714e+01 +1.503132714e+01 -1.029986729e+02 -1.180300000e+02 -3.1509e-02 +4.4980e+00 -1.0816e+00 -3.0851e+00 -4.4186e+00 -2.3461e+00 -3.3430e+00 +1.1186e+00 -2.1408e+00 +1.2632e+00
15982 +9.781945510e+00 +9.781945510e+00 -1.082480545e+02 -1.180300000e+02 -1.1071e+00 +3.6421e+00 -2.2475e-01 -3.1116e+00 -4.4975e+00 -1.8214e+00 -4.3453e+00 +7.2730e-01 -2.1221e+00 +1.5623e+00
16318 +5.897371124e+00 +5.897371124e+00 -1.121326289e+02 -1.180300000e+02 -1.1071e+00 +3.6421e+00 -2.2475e-01 -3.1642e+00 -4.4550e+00 -1.8214e+00 -3.3589e+00 +1.1264e+00 -2.1221e+00 +1.5623e+00
38891 +3.749645909e+00 +3.749645909e+00 -1.142803541e+02 -1.180300000e+02 -1.0670e+00 +3.5463e+00 -2.4768e-01 -3.1460e+00 -3.7601e+00 -1.8509e+00 -4.3134e+00 +1.1186e+00 -2.1122e+00 +1.5619e+00
39917 +2.230033270e+00 +2.230033270e+00 -1.157999667e+02 -1.180300000e+02 -1.0670e+00 +3.5787e+00 -2.4768e-01 -3.1460e+00 -3.8149e+00 -1.8509e+00 -3.8433e+00 +1.1186e+00 -2.1122e+00 +1.5619e+00
45398 +1.293594071e+00 +1.293594071e+00 -1.167364059e+02 -1.180300000e+02 -1.0670e+00 +3.5787e+00 -2.4768e-01 -3.1460e+00 -3.8149e+00 -1.8509e+00 -3.8433e+00 +6.7538e-01 -2.1122e+00 +1.5619e+00
67725 +8.014026445e-01 +8.014026445e-01 -1.172285974e+02 -1.180300000e+02 -1.0799e+00 +3.5560e+00 -2.6797e-01 -3.1461e+00 -3.8139e+00 -1.8117e+00 -3.8789e+00 +6.5915e-01 -2.1129e+00 +1.5616e+00
68295 +5.264711166e-01 +5.264711166e-01 -1.175035289e+02 -1.180300000e+02 -1.0799e+00 +3.5560e+00 -2.6797e-01 -3.1461e+00 -3.8139e+00 -1.8117e+00 -3.8586e+00 +6.5915e-01 -2.1129e+00 +1.5616e+00
70204 +3.243129301e-01 +3.243129301e-01 -1.177056871e+02 -1.180300000e+02 -1.0799e+00 +3.5560e+00 -2.6797e-01 -3.1461e+00 -3.8139e+00 -1.8304e+00 -3.8586e+00 +6.5915e-01 -2.1129e+00 +1.5616e+00
80205 +2.111579065e-01 +2.111579065e-01 -1.178188421e+02 -1.180300000e+02 -1.0742e+00 +3.5787e+00 -2.8407e-01 -3.1460e+00 -3.7936e+00 -1.8280e+00 -3.8637e+00 +6.6585e-01 -2.1208e+00 +1.5619e+00
80396 +1.233481527e-01 +1.233481527e-01 -1.179066518e+02 -1.180300000e+02 -1.0742e+00 +3.5787e+00 -2.8407e-01 -3.1460e+00 -3.7936e+00 -1.8280e+00 -3.8637e+00 +6.6585e-01 -2.1208e+00 +1.5526e+00
102550 +7.912195612e-02 +7.912195612e-02 -1.179508780e+02 -1.180300000e+02 -1.0742e+00 +3.5679e+00 -2.8407e-01 -3.1460e+00 -3.7936e+00 -1.8280e+00 -3.8637e+00 +6.6242e-01 -2.1177e+00 +1.5526e+00
102931 +5.227450998e-02 +5.227450998e-02 -1.179777255e+02 -1.180300000e+02 -1.0742e+00 +3.5679e+00 -2.8407e-01 -3.1460e+00 -3.8050e+00 -1.8280e+00 -3.8637e+00 +6.6242e-01 -2.1208e+00 +1.5526e+00
107238 +3.550018451e-02 +3.550018451e-02 -1.179944998e+02 -1.180300000e+02 -1.0742e+00 +3.5679e+00 -2.8407e-01 -3.1493e+00 -3.8040e+00 -1.8280e+00 -3.8637e+00 +6.6242e-01 -2.1177e+00 +1.5559e+00
141073 +2.317832806e-02 +2.317832806e-02 -1.180068217e+02 -1.180300000e+02 -1.0742e+00 +3.5679e+00 -2.7594e-01 -3.1504e+00 -3.8040e+00 -1.8304e+00 -3.8598e+00 +6.6242e-01 -2.1177e+00 +1.5559e+00
215207 +1.396107889e-02 +1.396107889e-02 -1.180160389e+02 -1.180300000e+02 -1.0799e+00 +3.5669e+00 -2.8220e-01 -3.1470e+00 -3.8044e+00 -1.8304e+00 -3.8615e+00 +6.6474e-01 -2.1197e+00 +1.5540e+00
276469 +9.239962195e-03 +9.239962195e-03 -1.180207600e+02 -1.180300000e+02 -1.0799e+00 +3.5669e+00 -2.7964e-01 -3.1516e+00 -3.8017e+00 -1.8280e+00 -3.8619e+00 +6.6242e-01 -2.1192e+00 +1.5548e+00
280313 +5.833453858e-03 +5.833453858e-03 -1.180241665e+02 -1.180300000e+02 -1.0793e+00 +3.5669e+00 -2.8110e-01 -3.1504e+00 -3.8040e+00 -1.8304e+00 -3.8615e+00 +6.6474e-01 -2.1197e+00 +1.5540e+00
342972 +3.928288301e-03 +3.928288301e-03 -1.180260717e+02 -1.180300000e+02 -1.0782e+00 +3.5669e+00 -2.7817e-01 -3.1504e+00 -3.7996e+00 -1.8304e+00 -3.8615e+00 +6.6393e-01 -2.1187e+00 +1.5540e+00
345609 +2.232279962e-03 +2.232279962e-03 -1.180277677e+02 -1.180300000e+02 -1.0799e+00 +3.5646e+00 -2.7924e-01 -3.1516e+00 -3.8017e+00 -1.8304e+00 -3.8615e+00 +6.6474e-01 -2.1192e+00 +1.5548e+00
382668 +1.189238769e-03 +1.189238769e-03 -1.180288108e+02 -1.180300000e+02 -1.0782e+00 +3.5646e+00 -2.7924e-01 -3.1507e+00 -3.8017e+00 -1.8304e+00 -3.8615e+00 +6.6474e-01 -2.1192e+00 +1.5548e+00
383226 +6.193768818e-04 +6.193768818e-04 -1.180293806e+02 -1.180300000e+02 -1.0782e+00 +3.5646e+00 -2.7924e-01 -3.1507e+00 -3.8017e+00 -1.8304e+00 -3.8615e+00 +6.6393e-01 -2.1192e+00 +1.5548e+00
458189 +3.976291563e-04 +3.976291563e-04 -1.180296024e+02 -1.180300000e+02 -1.0782e+00 +3.5651e+00 -2.7924e-01 -3.1507e+00 -3.8017e+00 -1.8304e+00 -3.8615e+00 +6.6393e-01 -2.1192e+00 +1.5540e+00
739770 +1.131433549e-04 +1.131433549e-04 -1.180298869e+02 -1.180300000e+02 -1.0782e+00 +3.5651e+00 -2.7924e-01 -3.1504e+00 -3.8017e+00 -1.8304e+00 -3.8615e+00 +6.6401e-01 -2.1192e+00 +1.5545e+00
777277 +4.667334267e-05 +4.667334267e-05 -1.180299533e+02 -1.180300000e+02 -1.0782e+00 +3.5655e+00 -2.7924e-01 -3.1504e+00 -3.8016e+00 -1.8304e+00 -3.8615e+00 +6.6401e-01 -2.1192e+00 +1.5545e+00
% function evaluation | noise-free fitness - Fopt (4.816000000000e+01) | best noise-free fitness - Fopt | measured fitness | best measured fitness | x1 | x2...
1 +5.726510420e+02 +5.726510420e+02 +6.208110420e+02 +4.816000000e+01 -4.7894e+00 +1.2972e+00 -1.9346e+00 -3.9437e+00 +3.8215e-01 +4.3231e+00 +4.8332e-01 +3.4794e-01 -7.6111e-01 +4.2981e+00
186 +2.363267974e+02 +2.363267974e+02 +2.844867974e+02 +4.816000000e+01 +2.9033e+00 +4.8609e+00 -3.2399e-01 -2.8590e-01 +3.2384e+00 +1.9693e+00 -2.4073e+00 -3.1420e+00 -1.5611e+00 +8.6203e-01
737 +1.380965063e+02 +1.380965063e+02 +1.862565063e+02 +4.816000000e+01 +3.8479e+00 -1.6673e+00 -1.1460e+00 -3.8484e+00 +1.5756e-01 +2.7836e+00 -2.4073e+00 +9.2060e-01 -9.9888e-01 +6.2130e-01
1821 +7.132405867e+01 +7.132405867e+01 +1.194840587e+02 +4.816000000e+01 -1.6162e+00 -1.6673e+00 -2.7886e+00 +3.4769e-01 +2.5051e+00 +1.0734e+00 -2.7347e+00 -1.5244e-01 -1.6488e+00 +1.5429e+00
2359 +6.060905558e+01 +6.060905558e+01 +1.087690556e+02 +4.816000000e+01 -1.6162e+00 -1.6673e+00 -2.7886e+00 +3.4769e-01 +2.5051e+00 +2.3125e+00 -2.7347e+00 +2.6147e-01 -9.9888e-01 +1.5429e+00
2899 +3.893131167e+01 +3.893131167e+01 +8.709131167e+01 +4.816000000e+01 +1.3416e+00 -1.6673e+00 -2.5549e+00 -1.4576e+00 +1.1823e+00 +2.3125e+00 -2.7347e+00 -1.5650e+00 -1.6488e+00 +1.2570e+00
4565 +2.247065631e+01 +2.247065631e+01 +7.063065631e+01 +4.816000000e+01 +4.2508e-01 -1.6673e+00 -2.5804e+00 -1.4576e+00 +1.8247e+00 +1.7722e+00 -2.7347e+00 -7.3049e-01 -9.9888e-01 +8.2242e-01
4933 +1.349025588e+01 +1.349025588e+01 +6.165025588e+01 +4.816000000e+01 +1.3817e+00 -1.6673e+00 -3.4571e+00 -1.0146e+00 +1.8247e+00 +1.7722e+00 -2.3042e+00 -2.2187e-01 -9.9888e-01 +8.2242e-01
5871 +8.387929326e+00 +8.387929326e+00 +5.654792933e+01 +4.816000000e+01 +1.3298e+00 -6.8276e-01 -3.4571e+00 -2.3401e+00 +1.1823e+00 +1.7268e+00 -2.3042e+00 -7.3049e-01 -6.1085e-01 +8.4293e-01
7915 +6.190554620e+00 +6.190554620e+00 +5.435055462e+01 +4.816000000e+01 +1.3817e+00 -1.6673e+00 -3.5018e+00 -2.3401e+00 +1.8247e+00 +1.7268e+00 -3.2183e+00 -2.2187e-01 -6.1085e-01 +8.2242e-01
40100 +3.843307377e+00 +3.843307377e+00 +5.200330738e+01 +4.816000000e+01 +1.3379e+00 -1.6384e+00 -2.6448e+00 -1.5664e+00 +1.8348e+00 +1.7414e+00 -2.7857e+00 -6.5773e-01 -6.1716e-01 +8.2653e-01
43290 +2.511060770e+00 +2.511060770e+00 +5.067106077e+01 +4.816000000e+01 +1.2780e+00 +1.7827e-01 -4.3195e+00 -1.5730e+00 +1.8348e+00 +1.7414e+00 -2.7857e+00 -6.8171e-01 -6.1716e-01 +8.2653e-01
44340 +1.514744101e+00 +1.514744101e+00 +4.967474410e+01 +4.816000000e+01 +1.2780e+00 +1.7827e-01 -3.4895e+00 -1.5730e+00 +1.8348e+00 +1.7414e+00 -2.7857e+00 -6.8171e-01 -6.1716e-01 +8.2653e-01
52060 +9.947683216e-01 +9.947683216e-01 +4.915476832e+01 +4.816000000e+01 +1.2864e+00 -7.3850e-01 -3.5041e+00 -1.5960e+00 +1.8362e+00 +1.7237e+00 -2.7839e+00 -6.7854e-01 -6.2309e-01 +8.2462e-01
82595 +5.555297815e-01 +5.555297815e-01 +4.871552978e+01 +4.816000000e+01 +1.2780e+00 -7.3799e-01 -3.4895e+00 -1.5730e+00 +1.8348e+00 +1.7427e+00 -2.7857e+00 -6.8171e-01 -6.1716e-01 +8.2653e-01
82782 +3.213758277e-01 +3.213758277e-01 +4.848137583e+01 +4.816000000e+01 +1.2911e+00 -7.6700e-01 -3.4895e+00 -1.5854e+00 +1.8364e+00 +1.7427e+00 -2.7857e+00 -6.9437e-01 -6.1716e-01 +8.2653e-01
83731 +1.875747347e-01 +1.875747347e-01 +4.834757473e+01 +4.816000000e+01 +1.2911e+00 -7.6700e-01 -3.4895e+00 -1.5854e+00 +1.8364e+00 +1.7427e+00 -2.7857e+00 -6.9437e-01 -6.1716e-01 +8.2052e-01
84308 +1.269025961e-01 +1.269025961e-01 +4.828690260e+01 +4.816000000e+01 +1.2911e+00 -7.4653e-01 -3.4856e+00 -1.5854e+00 +1.8364e+00 +1.7427e+00 -2.7857e+00 -6.9437e-01 -6.1716e-01 +8.2052e-01
112044 +9.640060432e-02 +9.640060432e-02 +4.825640060e+01 +4.816000000e+01 +1.2911e+00 -7.4653e-01 -3.4895e+00 -1.5854e+00 +1.8364e+00 +1.7427e+00 -2.7829e+00 -6.9437e-01 -6.1716e-01 +8.2052e-01
121540 +4.784311320e-02 +4.784311320e-02 +4.820784311e+01 +4.816000000e+01 +1.3003e+00 -7.6030e-01 -3.4920e+00 -1.5816e+00 +1.8359e+00 +1.7398e+00 -2.7823e+00 -6.9068e-01 -6.1334e-01 +8.1805e-01
165763 +1.655831741e-02 +1.655831741e-02 +4.817655832e+01 +4.816000000e+01 +1.3010e+00 -7.5216e-01 -3.4920e+00 -1.5816e+00 +1.8359e+00 +1.7429e+00 -2.7839e+00 -6.9442e-01 -6.1267e-01 +8.1502e-01
166509 +1.090438332e-02 +1.090438332e-02 +4.817090438e+01 +4.816000000e+01 +1.3010e+00 -7.5216e-01 -3.4920e+00 -1.5816e+00 +1.8359e+00 +1.7429e+00 -2.7839e+00 -6.9442e-01 -6.1267e-01 +8.1725e-01
203732 +1.833801215e-03 +1.833801215e-03 +4.816183380e+01 +4.816000000e+01 +1.3010e+00 -7.5216e-01 -3.4920e+00 -1.5816e+00 +1.8359e+00 +1.7429e+00 -2.7806e+00 -6.9442e-01 -6.1267e-01 +8.1725e-01
205072 +1.507705272e-03 +1.507705272e-03 +4.816150771e+01 +4.816000000e+01 +1.3010e+00 -7.4902e-01 -3.4920e+00 -1.5816e+00 +1.8359e+00 +1.7429e+00 -2.7806e+00 -6.9442e-01 -6.1267e-01 +8.1725e-01
272935 +9.002793207e-04 +9.002793207e-04 +4.816090028e+01 +4.816000000e+01 +1.3010e+00 -7.5050e-01 -3.4919e+00 -1.5816e+00 +1.8359e+00 +1.7427e+00 -2.7806e+00 -6.9442e-01 -6.1267e-01 +8.1725e-01
447896 +5.880121953e-04 +5.880121953e-04 +4.816058801e+01 +4.816000000e+01 +1.3010e+00 -7.5050e-01 -3.4910e+00 -1.5803e+00 +1.8359e+00 +1.7427e+00 -2.7807e+00 -6.9442e-01 -6.1267e-01 +8.1725e-01
576874 +2.523436074e-04 +2.523436074e-04 +4.816025234e+01 +4.816000000e+01 +1.3010e+00 -7.5050e-01 -3.4909e+00 -1.5810e+00 +1.8359e+00 +1.7427e+00 -2.7806e+00 -6.9442e-01 -6.1267e-01 +8.1657e-01
610847 +2.199188896e-04 +2.199188896e-04 +4.816021992e+01 +4.816000000e+01 +1.3010e+00 -7.5050e-01 -3.4912e+00 -1.5810e+00 +1.8359e+00 +1.7427e+00 -2.7806e+00 -6.9442e-01 -6.1267e-01 +8.1657e-01
830100 +1.492915225e-04 +1.492915225e-04 +4.816014929e+01 +4.816000000e+01 +1.3010e+00 -7.5050e-01 -3.4912e+00 -1.5810e+00 +1.8359e+00 +1.7427e+00 -2.7807e+00 -6.9442e-01 -6.1267e-01 +8.1667e-01
% function evaluation | noise-free fitness - Fopt (8.384000000000e+01) | best noise-free fitness - Fopt | measured fitness | best measured fitness | x1 | x2...
1 +1.355829958e+03 +1.355829958e+03 +1.439669958e+03 +8.384000000e+01 -2.2751e+00 +2.3202e+00 -6.1616e-01 +1.0487e+00 -2.4938e+00 -1.8046e+00 -2.6970e+00 +2.7661e+00 -1.9212e-01 +3.0621e+00
184 +1.812253999e+02 +1.812253999e+02 +2.650653999e+02 +8.384000000e+01 -1.1858e+00 +3.9599e+00 -9.8573e-01 -1.9641e+00 -4.6840e+00 -7.2737e-01 -1.0006e+00 -1.0477e+00 -2.1651e+00 -2.9766e+00
536 +1.259606785e+02 +1.259606785e+02 +2.098006785e+02 +8.384000000e+01 -3.9907e+00 +3.2984e+00 -1.3730e+00 -2.3092e+00 -1.5318e+00 +1.7043e+00 -1.0006e+00 -2.6588e+00 -1.3536e+00 +2.7857e-02
1242 +9.885351755e+01 +9.885351755e+01 +1.826935175e+02 +8.384000000e+01 -3.6567e+00 +4.3331e+00 -4.0617e+00 +5.2976e-01 -1.6418e+00 -1.0386e+00 +7.9544e-01 -1.0477e+00 -1.4324e+00 -1.5860e+00
2116 +5.662308759e+01 +5.662308759e+01 +1.404630876e+02 +8.384000000e+01 -3.6567e+00 +3.2984e+00 -1.3730e+00 +5.2976e-01 -2.0517e+00 +1.2196e+00 -1.4790e+00 -2.7723e+00 -2.1651e+00 -1.5860e+00
2798 +3.921249665e+01 +3.921249665e+01 +1.230524967e+02 +8.384000000e+01 +3.2460e-01 +3.5830e+00 -1.3730e+00 -7.4247e-01 -1.5150e+00 -4.2689e-01 -1.4790e+00 -2.7723e+00 -6.5930e-01 -1.5860e+00
3830 +2.500180673e+01 +2.500180673e+01 +1.088418067e+02 +8.384000000e+01 -3.6567e+00 +3.5830e+00 -2.2216e+00 -4.9303e-02 -9.2007e-01 +1.0684e+00 -1.4790e+00 -2.4326e+00 -9.8380e-01 -1.9106e+00
5736 +1.447291056e+01 +1.447291056e+01 +9.831291056e+01 +8.384000000e+01 -6.6898e-01 +2.6441e+00 -2.2216e+00 -4.9303e-02 -9.2007e-01 +9.5451e-01 -1.4790e+00 -1.0477e+00 -1.3804e+00 -1.5860e+00
6077 +8.575299121e+00 +8.575299121e+00 +9.241529912e+01 +8.384000000e+01 -6.6898e-01 +3.5830e+00 -1.4752e+00 -4.9303e-02 -1.5150e+00 +9.5451e-01 -1.0006e+00 -2.3925e+00 -9.7556e-01 -1.5860e+00
8177 +6.186081288e+00 +6.186081288e+00 +9.002608129e+01 +8.384000000e+01 -6.6898e-01 +3.4697e+00 -1.3730e+00 -4.9303e-02 -1.5150e+00 +9.5451e-01 -1.0006e+00 -2.3925e+00 -1.3804e+00 -1.5860e+00
27070 +3.555871178e+00 +3.555871178e+00 +8.739587118e+01 +8.384000000e+01 -1.6734e+00 +3.5189e+00 -1.3818e+00 -1.2791e-02 -1.4737e+00 +9.5932e-01 -9.2116e-01 -1.9976e+00 -1.3972e+00 -1.9082e+00
37774 +2.506677831e+00 +2.506677831e+00 +8.634667783e+01 +8.384000000e+01 -1.6734e+00 +3.5189e+00 -1.3818e+00 -4.9303e-02 -1.4737e+00 +9.6834e-01 -9.2116e-01 -1.9976e+00 -1.3972e+00 -1.6047e+00
42425 +1.260905278e+00 +1.260905278e+00 +8.510090528e+01 +8.384000000e+01 -1.6734e+00 +3.4901e+00 -1.4122e+00 -4.9303e-02 -1.4737e+00 +9.5451e-01 -1.4165e+00 -1.9737e+00 -1.3956e+00 -1.5860e+00
43998 +8.723699866e-01 +8.723699866e-01 +8.471236999e+01 +8.384000000e+01 -1.6588e+00 +3.5146e+00 -1.4122e+00 -4.9303e-02 -1.4737e+00 +9.5451e-01 -9.3418e-01 -1.9737e+00 -1.3956e+00 -1.5860e+00
78031 +4.226072816e-01 +4.226072816e-01 +8.426260728e+01 +8.384000000e+01 -1.6640e+00 +3.5146e+00 -1.4122e+00 -4.7550e-02 -1.4737e+00 +9.5451e-01 -9.4428e-01 -1.9737e+00 -1.3945e+00 -1.5860e+00
81743 +2.339478379e-01 +2.339478379e-01 +8.407394784e+01 +8.384000000e+01 -1.6640e+00 +3.5146e+00 -1.4122e+00 -3.5275e-02 -1.4737e+00 +9.5451e-01 -9.5502e-01 -1.9737e+00 -1.3916e+00 -1.5860e+00
101764 +1.272102113e-01 +1.272102113e-01 +8.396721021e+01 +8.384000000e+01 -1.6602e+00 +3.5049e+00 -1.4216e+00 -4.9303e-02 -1.4852e+00 +9.5451e-01 -9.6035e-01 -1.9785e+00 -1.3972e+00 -1.5918e+00
118500 +6.365392385e-02 +6.365392385e-02 +8.390365392e+01 +8.384000000e+01 -1.6640e+00 +3.5146e+00 -1.4122e+00 -3.5275e-02 -1.4853e+00 +9.5451e-01 -9.6215e-01 -1.9739e+00 -1.3916e+00 -1.5947e+00
138758 +4.576090618e-02 +4.576090618e-02 +8.388576091e+01 +8.384000000e+01 -1.6649e+00 +3.5049e+00 -1.4216e+00 -4.2574e-02 -1.4803e+00 +9.5258e-01 -9.5884e-01 -1.9744e+00 -1.3959e+00 -1.5937e+00
149893 +3.715842618e-02 +3.715842618e-02 +8.387715843e+01 +8.384000000e+01 -1.6640e+00 +3.4988e+00 -1.4122e+00 -3.5275e-02 -1.4853e+00 +9.5451e-01 -9.6215e-01 -1.9739e+00 -1.3916e+00 -1.5947e+00
151181 +2.499579632e-02 +2.499579632e-02 +8.386499580e+01 +8.384000000e+01 -1.6640e+00 +3.4988e+00 -1.4122e+00 -3.9409e-02 -1.4853e+00 +9.5451e-01 -9.6215e-01 -1.9739e+00 -1.3916e+00 -1.5947e+00
196954 +1.169701256e-02 +1.169701256e-02 +8.385169701e+01 +8.384000000e+01 -1.6602e+00 +3.5049e+00 -1.4147e+00 -4.1501e-02 -1.4792e+00 +9.5451e-01 -9.6083e-01 -1.9737e+00 -1.3916e+00 -1.5933e+00
197142 +9.949747929e-03 +9.949747929e-03 +8.384994975e+01 +8.384000000e+01 -1.6672e+00 +3.5032e+00 -1.4147e+00 -4.1501e-02 -1.4792e+00 +9.5451e-01 -9.6083e-01 -1.9737e+00 -1.3916e+00 -1.5933e+00
232043 +5.730704460e-03 +5.730704460e-03 +8.384573070e+01 +8.384000000e+01 -1.6634e+00 +3.5032e+00 -1.4147e+00 -4.1501e-02 -1.4830e+00 +9.5451e-01 -9.6083e-01 -1.9737e+00 -1.3916e+00 -1.5933e+00
259588 +3.500734171e-03 +3.500734171e-03 +8.384350073e+01 +8.384000000e+01 -1.6640e+00 +3.5049e+00 -1.4181e+00 -4.1857e-02 -1.4822e+00 +9.5451e-01 -9.6095e-01 -1.9739e+00 -1.3916e+00 -1.5947e+00
299360 +1.923197564e-03 +1.923197564e-03 +8.384192320e+01 +8.384000000e+01 -1.6640e+00 +3.5032e+00 -1.4147e+00 -4.1501e-02 -1.4822e+00 +9.5451e-01 -9.6083e-01 -1.9739e+00 -1.3916e+00 -1.5947e+00
331068 +1.449908168e-03 +1.449908168e-03 +8.384144991e+01 +8.384000000e+01 -1.6640e+00 +3.5032e+00 -1.4157e+00 -4.1501e-02 -1.4822e+00 +9.5451e-01 -9.6095e-01 -1.9739e+00 -1.3916e+00 -1.5947e+00
421323 +7.224505568e-04 +7.224505568e-04 +8.384072245e+01 +8.384000000e+01 -1.6640e+00 +3.5032e+00 -1.4166e+00 -4.1501e-02 -1.4822e+00 +9.5381e-01 -9.6083e-01 -1.9744e+00 -1.3916e+00 -1.5947e+00
441425 +6.303895543e-04 +6.303895543e-04 +8.384063039e+01 +8.384000000e+01 -1.6640e+00 +3.5032e+00 -1.4163e+00 -4.1501e-02 -1.4822e+00 +9.5381e-01 -9.6083e-01 -1.9744e+00 -1.3916e+00 -1.5947e+00
531488 +3.479394977e-04 +3.479394977e-04 +8.384034794e+01 +8.384000000e+01 -1.6640e+00 +3.5032e+00 -1.4161e+00 -4.1501e-02 -1.4822e+00 +9.5381e-01 -9.6083e-01 -1.9744e+00 -1.3921e+00 -1.5947e+00
774440 +1.779737418e-04 +1.779737418e-04 +8.384017797e+01 +8.384000000e+01 -1.6640e+00 +3.5032e+00 -1.4163e+00 -4.1501e-02 -1.4817e+00 +9.5381e-01 -9.6083e-01 -1.9744e+00 -1.3920e+00 -1.5947e+00
867613 +1.526059445e-04 +1.526059445e-04 +8.384015261e+01 +8.384000000e+01 -1.6640e+00 +3.5032e+00 -1.4161e+00 -4.1578e-02 -1.4816e+00 +9.5381e-01 -9.6083e-01 -1.9744e+00 -1.3921e+00 -1.5947e+00
% function evaluation | noise-free fitness - Fopt (1.536000000000e+01) | best noise-free fitness - Fopt | measured fitness | best measured fitness | x1 | x2...
1 +6.573360969e+03 +6.573360969e+03 +6.588720969e+03 +1.536000000e+01 -2.0024e+00 -2.1360e+00 +1.9612e+00 -3.8392e+00 +9.0903e-01 +4.1644e+00 -4.0723e+00 +3.9642e+00 -3.2090e+00 +4.1777e+00
193 +1.660799689e+02 +1.660799689e+02 +1.814399689e+02 +1.536000000e+01 +4.6978e+00 -4.9574e+00 -4.0145e+00 -3.2024e+00 +4.2739e-01 -1.5848e+00 -2.5214e+00 -2.3690e+00 -1.7838e+00 -3.3716e+00
385 +1.498021366e+02 +1.498021366e+02 +1.651621366e+02 +1.536000000e+01 +4.6978e+00 -2.4983e+00 -4.0145e+00 -3.2024e+00 +4.2739e-01 -1.5848e+00 -2.5214e+00 -2.3690e+00 -1.7838e+00 -3.3716e+00
1325 +9.942575076e+01 +9.942575076e+01 +1.147857508e+02 +1.536000000e+01 +9.6228e-01 +3.6831e+00 -4.8811e+00 -3.2453e+00 -2.9411e+00 -3.7212e+00 -1.5756e+00 -2.3690e+00 -2.0774e+00 -2.3998e+00
2467 +5.414497101e+01 +5.414497101e+01 +6.950497101e+01 +1.536000000e+01 -1.1408e+00 +3.3853e+00 -2.2227e+00 -3.3041e+00 -2.1540e+00 -1.6032e+00 -2.1305e+00 -2.3690e+00 -1.7190e+00 -3.5148e+00
2849 +3.599944091e+01 +3.599944091e+01 +5.135944091e+01 +1.536000000e+01 +7.6736e-01 +4.0850e+00 -2.2105e+00 -3.2453e+00 -2.9439e+00 -3.7212e+00 -2.1305e+00 -2.9048e+00 -2.0774e+00 -2.8230e+00
4176 +2.488808770e+01 +2.488808770e+01 +4.024808770e+01 +1.536000000e+01 +7.6736e-01 +1.7452e+00 -3.8429e+00 -2.5827e+00 -2.1540e+00 -3.7212e+00 -2.5214e+00 -2.3690e+00 -1.7190e+00 -2.8230e+00
5323 +1.443085173e+01 +1.443085173e+01 +2.979085173e+01 +1.536000000e+01 +7.6736e-01 +1.7452e+00 -2.2227e+00 -2.5827e+00 -2.2194e+00 -3.7307e+00 -2.5214e+00 -2.1254e+00 -1.7190e+00 -2.8230e+00
6665 +9.755345136e+00 +9.755345136e+00 +2.511534514e+01 +1.536000000e+01 +7.6736e-01 +1.7452e+00 -2.2227e+00 -2.5827e+00 -2.7931e+00 -3.7307e+00 -3.0731e+00 -2.4601e+00 -1.7190e+00 -2.8230e+00
8749 +6.284788644e+00 +6.284788644e+00 +2.164478864e+01 +1.536000000e+01 +7.6736e-01 +1.5941e+00 -2.2105e+00 -2.5827e+00 -2.7931e+00 -3.2097e+00 -3.0731e+00 -2.4601e+00 -1.7190e+00 -2.8230e+00
18141 +3.384781752e+00 +3.384781752e+00 +1.874478175e+01 +1.536000000e+01 +1.7945e+00 +1.6374e+00 -3.1086e+00 -2.5862e+00 -2.7589e+00 -3.2244e+00 -2.5759e+00 -2.0706e+00 -1.7166e+00 -3.1343e+00
38169 +2.061692999e+00 +2.061692999e+00 +1.742169300e+01 +1.536000000e+01 +1.7963e+00 +1.6374e+00 -3.1086e+00 -2.5862e+00 -2.7783e+00 -3.2244e+00 -2.5759e+00 -2.0531e+00 -1.7155e+00 -2.8343e+00
39021 +1.411575704e+00 +1.411575704e+00 +1.677157570e+01 +1.536000000e+01 +1.7404e+00 +1.6374e+00 -3.0748e+00 -2.5862e+00 -2.7783e+00 -3.2244e+00 -2.5759e+00 -2.0706e+00 -1.7155e+00 -2.8272e+00
40388 +8.535155159e-01 +8.535155159e-01 +1.621351552e+01 +1.536000000e+01 +1.7404e+00 +1.6374e+00 -3.0748e+00 -2.5805e+00 -2.7931e+00 -3.2193e+00 -2.5759e+00 -2.0706e+00 -1.7287e+00 -2.8272e+00
41923 +6.282049471e-01 +6.282049471e-01 +1.598820495e+01 +1.536000000e+01 +1.7945e+00 +1.6374e+00 -3.0748e+00 -2.5743e+00 -2.7931e+00 -3.2114e+00 -2.5759e+00 -2.0706e+00 -1.7266e+00 -2.8272e+00
52021 +3.174948825e-01 +3.174948825e-01 +1.567749488e+01 +1.536000000e+01 +1.7945e+00 +1.6374e+00 -3.0698e+00 -2.5403e+00 -2.7931e+00 -3.2193e+00 -2.5759e+00 -2.0706e+00 -1.7287e+00 -2.8230e+00
54988 +1.723352128e-01 +1.723352128e-01 +1.553233521e+01 +1.536000000e+01 +1.7681e+00 +1.6374e+00 -3.0698e+00 -2.5403e+00 -2.7969e+00 -3.2193e+00 -2.5759e+00 -2.0706e+00 -1.7258e+00 -2.8230e+00
82698 +1.394399310e-01 +1.394399310e-01 +1.549943993e+01 +1.536000000e+01 +1.7635e+00 +1.6434e+00 -3.0748e+00 -2.5347e+00 -2.7931e+00 -3.2193e+00 -2.5759e+00 -2.0706e+00 -1.7266e+00 -2.8272e+00
83677 +9.634899989e-02 +9.634899989e-02 +1.545634900e+01 +1.536000000e+01 +1.7635e+00 +1.6434e+00 -3.0748e+00 -2.5488e+00 -2.7931e+00 -3.2193e+00 -2.5759e+00 -2.0706e+00 -1.7266e+00 -2.8272e+00
118964 +3.606451148e-02 +3.606451148e-02 +1.539606451e+01 +1.536000000e+01 +1.7635e+00 +1.6434e+00 -3.0661e+00 -2.5490e+00 -2.7931e+00 -3.2193e+00 -2.5806e+00 -2.0645e+00 -1.7266e+00 -2.8280e+00
153883 +2.454315340e-02 +2.454315340e-02 +1.538454315e+01 +1.536000000e+01 +1.7635e+00 +1.6434e+00 -3.0661e+00 -2.5490e+00 -2.7931e+00 -3.2187e+00 -2.5806e+00 -2.0645e+00 -1.7266e+00 -2.8303e+00
181040 +1.166290425e-02 +1.166290425e-02 +1.537166290e+01 +1.536000000e+01 +1.7712e+00 +1.6434e+00 -3.0687e+00 -2.5490e+00 -2.7931e+00 -3.2187e+00 -2.5806e+00 -2.0645e+00 -1.7266e+00 -2.8303e+00
215960 +6.418515327e-03 +6.418515327e-03 +1.536641852e+01 +1.536000000e+01 +1.7692e+00 +1.6434e+00 -3.0698e+00 -2.5471e+00 -2.7969e+00 -3.2193e+00 -2.5794e+00 -2.0661e+00 -1.7277e+00 -2.8314e+00
225212 +3.292202519e-03 +3.292202519e-03 +1.536329220e+01 +1.536000000e+01 +1.7712e+00 +1.6434e+00 -3.0687e+00 -2.5458e+00 -2.7949e+00 -3.2187e+00 -2.5806e+00 -2.0645e+00 -1.7266e+00 -2.8303e+00
310237 +1.608611402e-03 +1.608611402e-03 +1.536160861e+01 +1.536000000e+01 +1.7692e+00 +1.6434e+00 -3.0698e+00 -2.5458e+00 -2.7969e+00 -3.2187e+00 -2.5806e+00 -2.0645e+00 -1.7277e+00 -2.8304e+00
348139 +1.540950704e-03 +1.540950704e-03 +1.536154095e+01 +1.536000000e+01 +1.7692e+00 +1.6433e+00 -3.0698e+00 -2.5458e+00 -2.7969e+00 -3.2187e+00 -2.5794e+00 -2.0645e+00 -1.7277e+00 -2.8304e+00
448835 +7.705411323e-04 +7.705411323e-04 +1.536077054e+01 +1.536000000e+01 +1.7698e+00 +1.6433e+00 -3.0698e+00 -2.5462e+00 -2.7957e+00 -3.2187e+00 -2.5802e+00 -2.0645e+00 -1.7276e+00 -2.8304e+00
562477 +4.800713869e-04 +4.800713869e-04 +1.536048007e+01 +1.536000000e+01 +1.7698e+00 +1.6433e+00 -3.0698e+00 -2.5458e+00 -2.7957e+00 -3.2187e+00 -2.5802e+00 -2.0648e+00 -1.7276e+00 -2.8304e+00
600459 +3.807163531e-04 +3.807163531e-04 +1.536038072e+01 +1.536000000e+01 +1.7698e+00 +1.6433e+00 -3.0698e+00 -2.5458e+00 -2.7957e+00 -3.2181e+00 -2.5802e+00 -2.0648e+00 -1.7275e+00 -2.8304e+00
742873 +1.107995446e-04 +1.107995446e-04 +1.536011080e+01 +1.536000000e+01 +1.7698e+00 +1.6433e+00 -3.0703e+00 -2.5458e+00 -2.7959e+00 -3.2181e+00 -2.5802e+00 -2.0648e+00 -1.7272e+00 -2.8304e+00
