% function evaluation | noise-free fitness - Fopt (-4.620900000000e+02) | best noise-free fitness - Fopt | measured fitness | best measured fitness | x1 | x2...
1 +5.143279141e+02 +5.143279141e+02 +5.223791412e+01 -4.620900000e+02 -4.9771e+00 +4.9910e+00 +1.6398e+00 -3.4184e+00 -4.1253e+00
94 +6.541217091e+01 +6.541217091e+01 -3.966778291e+02 -4.620900000e+02 +3.6020e-01 -2.1049e+00 +1.1260e+00 +6.7215e-01 +2.0244e+00
192 +5.329135951e+01 +5.329135951e+01 -4.087986405e+02 -4.620900000e+02 -1.3627e-01 +2.3102e+00 +2.6788e+00 +5.6327e-01 +2.8941e+00
287 +3.492095106e+01 +3.492095106e+01 -4.271690489e+02 -4.620900000e+02 -2.2845e+00 +2.3102e+00 +2.6788e+00 +5.6327e-01 +2.8941e+00
475 +2.282785417e+01 +2.282785417e+01 -4.392621458e+02 -4.620900000e+02 -3.6418e-01 +2.4331e+00 +2.6788e+00 +6.7215e-01 +2.3106e+00
572 +1.362537959e+01 +1.362537959e+01 -4.484646204e+02 -4.620900000e+02 -2.2845e+00 +2.4331e+00 +1.6931e+00 +7.4010e-01 +2.8941e+00
855 +8.976024938e+00 +8.976024938e+00 -4.531139751e+02 -4.620900000e+02 -2.2845e+00 +1.4788e+00 +2.2653e+00 +7.4010e-01 +2.8941e+00
949 +2.810146064e+00 +2.810146064e+00 -4.592798539e+02 -4.620900000e+02 -2.2845e+00 +2.3102e+00 +2.2653e+00 +7.4010e-01 +2.3106e+00
1890 +1.705244348e+00 +1.705244348e+00 -4.603847557e+02 -4.620900000e+02 -2.2845e+00 +2.3102e+00 +2.2503e+00 +7.4010e-01 +2.3106e+00
3125 +1.212650148e+00 +1.212650148e+00 -4.608773499e+02 -4.620900000e+02 -2.3718e+00 +2.3102e+00 +2.2503e+00 +7.4010e-01 +2.3106e+00
17972 +9.918737986e-01 +9.918737986e-01 -4.610981262e+02 -4.620900000e+02 -2.3480e+00 +2.3047e+00 +2.2420e+00 +7.3634e-01 +2.3161e+00
18685 +5.707409254e-01 +5.707409254e-01 -4.615192591e+02 -4.620900000e+02 -2.3480e+00 +2.3047e+00 +2.2420e+00 +7.3634e-01 +2.3007e+00
19059 +2.152029925e-01 +2.152029925e-01 -4.618747970e+02 -4.620900000e+02 -2.3480e+00 +2.3047e+00 +2.2283e+00 +7.3634e-01 +2.3007e+00
20321 +1.440414951e-01 +1.440414951e-01 -4.619459585e+02 -4.620900000e+02 -2.3480e+00 +2.3047e+00 +2.2229e+00 +7.3634e-01 +2.3007e+00
51221 +7.301973131e-02 +7.301973131e-02 -4.620169803e+02 -4.620900000e+02 -2.3480e+00 +2.3043e+00 +2.2229e+00 +7.2935e-01 +2.3007e+00
52407 +3.127720211e-02 +3.127720211e-02 -4.620587228e+02 -4.620900000e+02 -2.3480e+00 +2.3043e+00 +2.2100e+00 +7.2935e-01 +2.3007e+00
55577 +1.999907449e-02 +1.999907449e-02 -4.620700009e+02 -4.620900000e+02 -2.3432e+00 +2.3043e+00 +2.2100e+00 +7.2935e-01 +2.2989e+00
61130 +1.272233416e-02 +1.272233416e-02 -4.620772777e+02 -4.620900000e+02 -2.3432e+00 +2.3006e+00 +2.2100e+00 +7.2935e-01 +2.2989e+00
72548 +7.409302642e-03 +7.409302642e-03 -4.620825907e+02 -4.620900000e+02 -2.3426e+00 +2.3013e+00 +2.2150e+00 +7.2935e-01 +2.3007e+00
73648 +6.112762168e-03 +6.112762168e-03 -4.620838872e+02 -4.620900000e+02 -2.3426e+00 +2.3013e+00 +2.2150e+00 +7.2739e-01 +2.3007e+00
136614 +3.051249455e-03 +3.051249455e-03 -4.620869488e+02 -4.620900000e+02 -2.3409e+00 +2.3006e+00 +2.2116e+00 +7.2852e-01 +2.2989e+00
149604 +1.817759642e-03 +1.817759642e-03 -4.620881822e+02 -4.620900000e+02 -2.3408e+00 +2.3006e+00 +2.2150e+00 +7.2739e-01 +2.2989e+00
172137 +9.612606595e-04 +9.612606595e-04 -4.620890387e+02 -4.620900000e+02 -2.3408e+00 +2.3006e+00 +2.2136e+00 +7.2712e-01 +2.2990e+00
201067 +6.159473736e-04 +6.159473736e-04 -4.620893841e+02 -4.620900000e+02 -2.3408e+00 +2.3006e+00 +2.2136e+00 +7.2739e-01 +2.2990e+00
224267 +8.912566341e-05 +8.912566341e-05 -4.620899109e+02 -4.620900000e+02 -2.3408e+00 +2.2997e+00 +2.2136e+00 +7.2800e-01 +2.2990e+00
444587 +1.790677896e-05 +1.790677896e-05 -4.620899821e+02 -4.620900000e+02 -2.3408e+00 +2.3002e+00 +2.2136e+00 +7.2801e-01 +2.2992e+00
% function evaluation | noise-free fitness - Fopt (7.766000000000e+01) | best noise-free fitness - Fopt | measured fitness | best measured fitness | x1 | x2...
1 +2.917521273e+02 +2.917521273e+02 +3.694121273e+02 +7.766000000e+01 +3.3352e+00 +2.3688e+00 -2.3825e+00 -1.2833e+00 -7.1122e-02
86 +5.964014587e+01 +5.964014587e+01 +1.373001459e+02 +7.766000000e+01 +3.5099e+00 +1.3398e+00 -1.9611e+00 +3.1283e+00 -2.3952e+00
268 +3.847947100e+01 +3.847947100e+01 +1.161394710e+02 +7.766000000e+01 +2.3413e+00 -3.1005e+00 -1.7823e+00 +3.1283e+00 -2.3952e+00
536 +2.187331403e+01 +2.187331403e+01 +9.953331403e+01 +7.766000000e+01 +3.5099e+00 +3.2075e-02 -1.9611e+00 +3.2432e+00 -2.1333e+00
901 +1.172105498e+01 +1.172105498e+01 +8.938105498e+01 +7.766000000e+01 +2.3413e+00 -8.7274e-01 -1.9611e+00 +3.2432e+00 -2.1333e+00
1430 +9.797993448e+00 +9.797993448e+00 +8.745799345e+01 +7.766000000e+01 +2.3413e+00 -8.7274e-01 -1.9611e+00 +3.3922e+00 -2.1333e+00
4346 +6.199275015e+00 +6.199275015e+00 +8.385927501e+01 +7.766000000e+01 +2.4471e+00 -8.6478e-01 -1.7823e+00 +2.9140e+00 -2.1333e+00
6849 +2.831667069e+00 +2.831667069e+00 +8.049166707e+01 +7.766000000e+01 +1.3629e+00 -8.5000e-01 -1.2830e+00 +3.3131e+00 -2.0942e+00
8409 +2.187899688e+00 +2.187899688e+00 +7.984789969e+01 +7.766000000e+01 +1.3970e+00 -8.5000e-01 -1.2830e+00 +3.3131e+00 -2.1054e+00
18447 +1.562401991e+00 +1.562401991e+00 +7.922240199e+01 +7.766000000e+01 +2.3987e+00 -8.4374e-01 -1.2385e+00 +3.2940e+00 -2.4657e+00
18825 +4.833019636e-01 +4.833019636e-01 +7.814330196e+01 +7.766000000e+01 +2.3987e+00 -8.5000e-01 -1.2830e+00 +3.3131e+00 -2.4763e+00
18920 +1.910433380e-01 +1.910433380e-01 +7.785104334e+01 +7.766000000e+01 +2.3987e+00 -8.5000e-01 -1.2830e+00 +3.3131e+00 -2.4657e+00
19089 +9.484879865e-02 +9.484879865e-02 +7.775484880e+01 +7.766000000e+01 +2.3987e+00 -8.5000e-01 -1.2830e+00 +3.3207e+00 -2.4657e+00
20851 +2.896613243e-02 +2.896613243e-02 +7.768896613e+01 +7.766000000e+01 +2.3987e+00 -8.5000e-01 -1.2750e+00 +3.3207e+00 -2.4657e+00
70165 +2.349156515e-02 +2.349156515e-02 +7.768349157e+01 +7.766000000e+01 +2.3987e+00 -8.6071e-01 -1.2739e+00 +3.3207e+00 -2.4657e+00
83995 +1.102453398e-02 +1.102453398e-02 +7.767102453e+01 +7.766000000e+01 +2.3987e+00 -8.5420e-01 -1.2739e+00 +3.3247e+00 -2.4657e+00
107017 +8.965030136e-03 +8.965030136e-03 +7.766896503e+01 +7.766000000e+01 +2.3987e+00 -8.5420e-01 -1.2719e+00 +3.3247e+00 -2.4657e+00
107553 +4.387684209e-03 +4.387684209e-03 +7.766438768e+01 +7.766000000e+01 +2.3987e+00 -8.5420e-01 -1.2719e+00 +3.3247e+00 -2.4648e+00
130042 +3.357575966e-03 +3.357575966e-03 +7.766335758e+01 +7.766000000e+01 +2.3987e+00 -8.5553e-01 -1.2719e+00 +3.3247e+00 -2.4648e+00
210710 +2.480626988e-03 +2.480626988e-03 +7.766248063e+01 +7.766000000e+01 +2.3987e+00 -8.5564e-01 -1.2719e+00 +3.3242e+00 -2.4648e+00
259120 +1.339585140e-03 +1.339585140e-03 +7.766133959e+01 +7.766000000e+01 +2.3982e+00 -8.5564e-01 -1.2719e+00 +3.3242e+00 -2.4642e+00
266798 +4.900765318e-04 +4.900765318e-04 +7.766049008e+01 +7.766000000e+01 +2.3987e+00 -8.5611e-01 -1.2719e+00 +3.3229e+00 -2.4635e+00
333189 +3.378060382e-04 +3.378060382e-04 +7.766033781e+01 +7.766000000e+01 +2.3987e+00 -8.5611e-01 -1.2719e+00 +3.3229e+00 -2.4643e+00
368445 +1.624110513e-04 +1.624110513e-04 +7.766016241e+01 +7.766000000e+01 +2.3987e+00 -8.5611e-01 -1.2719e+00 +3.3229e+00 -2.4642e+00
368540 +1.500800389e-04 +1.500800389e-04 +7.766015008e+01 +7.766000000e+01 +2.3982e+00 -8.5611e-01 -1.2719e+00 +3.3229e+00 -2.4642e+00
434908 +9.415776731e-05 +9.415776731e-05 +7.766009416e+01 +7.766000000e+01 +2.3982e+00 -8.5611e-01 -1.2719e+00 +3.3231e+00 -2.4642e+00
% function evaluation | noise-free fitness - Fopt (1.156800000000e+02) | best noise-free fitness - Fopt | measured fitness | best measured fitness | x1 | x2...
1 +1.746430930e+03 +1.746430930e+03 +1.862110930e+03 +1.156800000e+02 +3.6718e+00 -1.2220e+00 -3.3827e+00 -1.0012e+00 +1.9654e+00
84 +6.593862207e+01 +6.593862207e+01 +1.816186221e+02 +1.156800000e+02 -1.9646e+00 -3.1799e+00 +7.4162e-01 +1.7279e+00 -4.2167e+00
163 +6.187930431e+01 +6.187930431e+01 +1.775593043e+02 +1.156800000e+02 +1.1292e+00 -3.1799e+00 -3.0997e-02 +2.1399e+00 -3.2591e+00
435 +3.723818524e+01 +3.723818524e+01 +1.529181852e+02 +1.156800000e+02 -1.9646e+00 +7.3616e-01 -1.1696e+00 +3.1014e+00 -3.2144e+00
608 +1.856253558e+01 +1.856253558e+01 +1.342425356e+02 +1.156800000e+02 -3.0874e+00 -3.2477e-01 +1.7389e-01 +3.4624e+00 -3.2144e+00
872 +1.296834857e+01 +1.296834857e+01 +1.286483486e+02 +1.156800000e+02 -3.0874e+00 +3.6857e-01 +1.7389e-01 +3.1014e+00 -3.2144e+00
1144 +9.365091343e+00 +9.365091343e+00 +1.250450913e+02 +1.156800000e+02 -2.2094e+00 -3.2477e-01 -4.5804e-01 +3.1014e+00 -3.2144e+00
1492 +4.342695265e+00 +4.342695265e+00 +1.200226953e+02 +1.156800000e+02 -2.2094e+00 -3.2477e-01 +2.7084e-01 +3.1014e+00 -3.2591e+00
2199 +3.603455382e+00 +3.603455382e+00 +1.192834554e+02 +1.156800000e+02 -2.2094e+00 -2.0894e-01 +2.8306e-01 +3.1014e+00 -3.2591e+00
3429 +2.363778127e+00 +2.363778127e+00 +1.180437781e+02 +1.156800000e+02 -2.2094e+00 -1.0201e+00 +2.7084e-01 +3.1014e+00 -3.2360e+00
8459 +1.166087204e+00 +1.166087204e+00 +1.168460872e+02 +1.156800000e+02 -1.1840e+00 -9.7625e-01 +2.5275e-01 +3.0804e+00 -3.5997e+00
18364 +8.956077732e-01 +8.956077732e-01 +1.165756078e+02 +1.156800000e+02 -2.1531e+00 -1.0201e+00 +2.4735e-01 +3.1014e+00 -3.6092e+00
19607 +2.188432065e-01 +2.188432065e-01 +1.158988432e+02 +1.156800000e+02 -2.1820e+00 -9.8827e-01 +2.4735e-01 +3.1014e+00 -3.6092e+00
19804 +1.043152093e-01 +1.043152093e-01 +1.157843152e+02 +1.156800000e+02 -2.1820e+00 -9.8827e-01 +2.4735e-01 +3.0827e+00 -3.6092e+00
33963 +9.962883520e-02 +9.962883520e-02 +1.157796288e+02 +1.156800000e+02 -2.1767e+00 -9.7625e-01 +2.5275e-01 +3.0893e+00 -3.5997e+00
62442 +3.719457679e-02 +3.719457679e-02 +1.157171946e+02 +1.156800000e+02 -2.1716e+00 -9.8087e-01 +2.4111e-01 +3.0866e+00 -3.6021e+00
73726 +2.227375989e-02 +2.227375989e-02 +1.157022738e+02 +1.156800000e+02 -2.1776e+00 -9.7625e-01 +2.4530e-01 +3.0893e+00 -3.6030e+00
73820 +8.336551145e-03 +8.336551145e-03 +1.156883366e+02 +1.156800000e+02 -2.1776e+00 -9.8548e-01 +2.4530e-01 +3.0893e+00 -3.6030e+00
109736 +6.243065223e-03 +6.243065223e-03 +1.156862431e+02 +1.156800000e+02 -2.1776e+00 -9.8362e-01 +2.4364e-01 +3.0869e+00 -3.6039e+00
148063 +2.615850217e-03 +2.615850217e-03 +1.156826159e+02 +1.156800000e+02 -2.1787e+00 -9.8362e-01 +2.4364e-01 +3.0893e+00 -3.6039e+00
198667 +1.955104542e-03 +1.955104542e-03 +1.156819551e+02 +1.156800000e+02 -2.1787e+00 -9.8362e-01 +2.4530e-01 +3.0893e+00 -3.6039e+00
231904 +1.389692220e-03 +1.389692220e-03 +1.156813897e+02 +1.156800000e+02 -2.1787e+00 -9.8362e-01 +2.4530e-01 +3.0888e+00 -3.6056e+00
273582 +3.125088532e-04 +3.125088532e-04 +1.156803125e+02 +1.156800000e+02 -2.1787e+00 -9.8362e-01 +2.4530e-01 +3.0890e+00 -3.6047e+00
451114 +2.320041316e-04 +2.320041316e-04 +1.156802320e+02 +1.156800000e+02 -2.1787e+00 -9.8362e-01 +2.4530e-01 +3.0888e+00 -3.6048e+00
% function evaluation | noise-free fitness - Fopt (-3.710000000000e+00) | best noise-free fitness - Fopt | measured fitness | best measured fitness | x1 | x2...
1 +3.490451316e+02 +3.490451316e+02 +3.453351316e+02 -3.710000000e+00 -4.2448e+00 +1.9017e+00 +3.0714e+00 -2.3011e+00 +3.2960e+00
98 +4.176119871e+01 +4.176119871e+01 +3.805119871e+01 -3.710000000e+00 +3.1836e+00 -4.0129e+00 +6.5061e-01 +4.3303e+00 +2.4418e+00
296 +2.254140221e+01 +2.254140221e+01 +1.883140221e+01 -3.710000000e+00 +3.1836e+00 -5.5884e-01 +1.1554e+00 +4.3303e+00 +3.7894e+00
395 +1.364927606e+01 +1.364927606e+01 +9.939276063e+00 -3.710000000e+00 +3.1836e+00 -1.6340e+00 +1.1554e+00 +4.3303e+00 +2.4418e+00
1089 +7.725598445e+00 +7.725598445e+00 +4.015598445e+00 -3.710000000e+00 +3.1836e+00 -2.2776e+00 +1.1554e+00 +4.3303e+00 +3.4956e+00
2578 +6.136555504e+00 +6.136555504e+00 +2.426555504e+00 -3.710000000e+00 +3.1836e+00 -2.2776e+00 +1.7630e+00 +4.3303e+00 +3.1345e+00
4169 +3.355966536e+00 +3.355966536e+00 -3.540334637e-01 -3.710000000e+00 +3.1413e+00 -2.2776e+00 +1.7630e+00 +4.3534e+00 +3.1345e+00
16128 +2.425633883e+00 +2.425633883e+00 -1.284366117e+00 -3.710000000e+00 +3.1149e+00 -2.3350e+00 +1.8069e+00 +3.8935e+00 +3.5002e+00
17100 +1.477088588e+00 +1.477088588e+00 -2.232911412e+00 -3.710000000e+00 +3.1149e+00 -2.3020e+00 +1.8069e+00 +3.9102e+00 +3.5002e+00
17777 +8.059014414e-01 +8.059014414e-01 -2.904098559e+00 -3.710000000e+00 +3.1149e+00 -2.3020e+00 +1.7992e+00 +3.9334e+00 +3.1606e+00
17876 +5.918940423e-01 +5.918940423e-01 -3.118105958e+00 -3.710000000e+00 +3.1149e+00 -2.3020e+00 +1.7992e+00 +3.8935e+00 +3.1606e+00
19136 +3.949453064e-01 +3.949453064e-01 -3.315054694e+00 -3.710000000e+00 +3.1149e+00 -2.2980e+00 +1.7992e+00 +3.8988e+00 +3.1606e+00
36715 +2.177875801e-01 +2.177875801e-01 -3.492212420e+00 -3.710000000e+00 +3.1118e+00 -2.2776e+00 +1.7896e+00 +3.9170e+00 +3.1586e+00
42189 +1.479528859e-01 +1.479528859e-01 -3.562047114e+00 -3.710000000e+00 +3.1118e+00 -2.3042e+00 +1.7896e+00 +3.9170e+00 +3.1586e+00
49399 +7.405997266e-02 +7.405997266e-02 -3.635940027e+00 -3.710000000e+00 +3.1205e+00 -2.2962e+00 +1.7770e+00 +3.9061e+00 +3.1494e+00
64078 +4.806098076e-02 +4.806098076e-02 -3.661939019e+00 -3.710000000e+00 +3.1140e+00 -2.2947e+00 +1.7825e+00 +3.9100e+00 +3.1487e+00
77810 +3.254248615e-02 +3.254248615e-02 -3.677457514e+00 -3.710000000e+00 +3.1205e+00 -2.2962e+00 +1.7770e+00 +3.9088e+00 +3.1511e+00
79378 +9.708663225e-03 +9.708663225e-03 -3.700291337e+00 -3.710000000e+00 +3.1259e+00 -2.2947e+00 +1.7825e+00 +3.9100e+00 +3.1541e+00
92862 +3.478307472e-03 +3.478307472e-03 -3.706521693e+00 -3.710000000e+00 +3.1205e+00 -2.2954e+00 +1.7825e+00 +3.9100e+00 +3.1541e+00
168061 +1.912172774e-03 +1.912172774e-03 -3.708087827e+00 -3.710000000e+00 +3.1196e+00 -2.2947e+00 +1.7825e+00 +3.9102e+00 +3.1519e+00
171280 +5.247319052e-04 +5.247319052e-04 -3.709475268e+00 -3.710000000e+00 +3.1196e+00 -2.2947e+00 +1.7825e+00 +3.9102e+00 +3.1527e+00
233821 +3.943259528e-04 +3.943259528e-04 -3.709605674e+00 -3.710000000e+00 +3.1203e+00 -2.2954e+00 +1.7825e+00 +3.9105e+00 +3.1529e+00
369885 +9.985315656e-05 +9.985315656e-05 -3.709900147e+00 -3.710000000e+00 +3.1203e+00 -2.2954e+00 +1.7834e+00 +3.9105e+00 +3.1529e+00
415411 +6.081188129e-05 +6.081188129e-05 -3.709939188e+00 -3.710000000e+00 +3.1200e+00 -2.2954e+00 +1.7833e+00 +3.9105e+00 +3.1529e+00
% function evaluation | noise-free fitness - Fopt (1.321800000000e+02) | best noise-free fitness - Fopt | measured fitness | best measured fitness | x1 | x2...
1 +1.084298433e+03 +1.084298433e+03 +1.216478433e+03 +1.321800000e+02 +3.4060e+00 +2.7597e+00 +2.4469e+00 +1.4929e-01 +2.3828e+00
95 +8.256021205e+01 +8.256021205e+01 +2.147402121e+02 +1.321800000e+02 -6.0374e-01 +2.2791e+00 +4.6910e+00 -4.0645e+00 -3.0196e+00
378 +4.593720079e+01 +4.593720079e+01 +1.781172008e+02 +1.321800000e+02 -3.5961e+00 -9.8898e-01 +3.0002e+00 -1.1248e+00 -2.0622e+00
570 +2.414791012e+01 +2.414791012e+01 +1.563279101e+02 +1.321800000e+02 -3.8381e+00 +3.1526e+00 +3.5795e+00 -2.8243e+00 -2.0622e+00
1029 +1.483150038e+01 +1.483150038e+01 +1.470115004e+02 +1.321800000e+02 -3.8381e+00 +1.4427e+00 +3.5795e+00 -2.8243e+00 -2.4570e+00
1393 +9.989822141e+00 +9.989822141e+00 +1.421698221e+02 +1.321800000e+02 -3.8381e+00 +1.4427e+00 +3.5273e+00 -2.8243e+00 -2.4570e+00
2320 +5.913719602e+00 +5.913719602e+00 +1.380937196e+02 +1.321800000e+02 -3.8178e+00 +1.4427e+00 +3.5273e+00 -2.3857e+00 -2.4570e+00
3431 +3.902199315e+00 +3.902199315e+00 +1.360821993e+02 +1.321800000e+02 -3.7671e+00 +1.4427e+00 +3.4963e+00 -2.3857e+00 -2.4570e+00
3900 +1.820905340e+00 +1.820905340e+00 +1.340009053e+02 +1.321800000e+02 -3.7671e+00 +1.4989e+00 +3.4963e+00 -2.3857e+00 -2.4949e+00
9085 +1.188196337e+00 +1.188196337e+00 +1.333681963e+02 +1.321800000e+02 -3.7831e+00 +1.4686e+00 +4.0110e+00 -1.9602e+00 -2.4885e+00
12961 +5.905857995e-01 +5.905857995e-01 +1.327705858e+02 +1.321800000e+02 -3.7852e+00 +1.5103e+00 +3.4565e+00 -1.9513e+00 -2.4905e+00
22277 +3.812079214e-01 +3.812079214e-01 +1.325612079e+02 +1.321800000e+02 -3.7671e+00 +1.4989e+00 +3.4832e+00 -1.9686e+00 -2.4949e+00
30185 +2.437413672e-01 +2.437413672e-01 +1.324237414e+02 +1.321800000e+02 -3.7682e+00 +1.4673e+00 +3.4728e+00 -1.9749e+00 -2.4917e+00
31179 +1.366633700e-01 +1.366633700e-01 +1.323166634e+02 +1.321800000e+02 -3.7682e+00 +1.4955e+00 +3.4728e+00 -1.9671e+00 -2.4917e+00
31809 +8.378707379e-02 +8.378707379e-02 +1.322637871e+02 +1.321800000e+02 -3.7682e+00 +1.4786e+00 +3.4728e+00 -1.9671e+00 -2.4917e+00
42164 +5.289751156e-02 +5.289751156e-02 +1.322328975e+02 +1.321800000e+02 -3.7671e+00 +1.4811e+00 +3.4682e+00 -1.9686e+00 -2.4949e+00
52016 +3.720216215e-02 +3.720216215e-02 +1.322172022e+02 +1.321800000e+02 -3.7671e+00 +1.4821e+00 +3.4565e+00 -1.9656e+00 -2.4949e+00
52367 +2.411303909e-02 +2.411303909e-02 +1.322041130e+02 +1.321800000e+02 -3.7671e+00 +1.4821e+00 +3.4565e+00 -1.9656e+00 -2.4905e+00
84660 +1.161104874e-02 +1.161104874e-02 +1.321916110e+02 +1.321800000e+02 -3.7615e+00 +1.4786e+00 +3.4599e+00 -1.9671e+00 -2.4917e+00
103393 +3.986700475e-03 +3.986700475e-03 +1.321839867e+02 +1.321800000e+02 -3.7637e+00 +1.4812e+00 +3.4628e+00 -1.9671e+00 -2.4917e+00
117818 +1.593095888e-03 +1.593095888e-03 +1.321815931e+02 +1.321800000e+02 -3.7640e+00 +1.4812e+00 +3.4628e+00 -1.9656e+00 -2.4917e+00
118259 +1.127002724e-03 +1.127002724e-03 +1.321811270e+02 +1.321800000e+02 -3.7640e+00 +1.4821e+00 +3.4628e+00 -1.9656e+00 -2.4917e+00
120575 +5.261373587e-04 +5.261373587e-04 +1.321805261e+02 +1.321800000e+02 -3.7640e+00 +1.4821e+00 +3.4608e+00 -1.9656e+00 -2.4917e+00
175866 +3.440315107e-04 +3.440315107e-04 +1.321803440e+02 +1.321800000e+02 -3.7640e+00 +1.4821e+00 +3.4621e+00 -1.9656e+00 -2.4917e+00
266281 +4.130866182e-05 +4.130866182e-05 +1.321800413e+02 +1.321800000e+02 -3.7640e+00 +1.4821e+00 +3.4617e+00 -1.9656e+00 -2.4920e+00
% function evaluation | noise-free fitness - Fopt (-4.174000000000e+01) | best noise-free fitness - Fopt | measured fitness | best measured fitness | x1 | x2...
1 +3.106348249e+02 +3.106348249e+02 +2.688948249e+02 -4.174000000e+01 +3.4195e-01 +2.8968e+00 -2.1797e+00 -2.1703e+00 +1.8315e+00
87 +8.216896394e+01 +8.216896394e+01 +4.042896394e+01 -4.174000000e+01 +6.8576e-01 -3.7881e+00 -8.9516e-01 +4.3515e+00 +7.7450e-01
268 +5.006718007e+01 +5.006718007e+01 +8.327180072e+00 -4.174000000e+01 +1.0825e+00 +6.7558e-01 -1.2900e+00 +4.8520e+00 +7.7450e-01
534 +3.877491453e+01 +3.877491453e+01 -2.965085474e+00 -4.174000000e+01 +4.9945e+00 -2.5805e+00 -1.2900e+00 +4.8520e+00 +7.7450e-01
708 +2.466462836e+01 +2.466462836e+01 -1.707537164e+01 -4.174000000e+01 +1.0825e+00 -2.5805e+00 -1.2900e+00 +3.2134e+00 +1.1782e+00
1332 +1.578219480e+01 +1.578219480e+01 -2.595780520e+01 -4.174000000e+01 +4.1848e+00 -2.5805e+00 -8.6751e-01 +3.6775e+00 +1.1782e+00
1702 +9.429744625e+00 +9.429744625e+00 -3.231025537e+01 -4.174000000e+01 +4.1848e+00 -2.5805e+00 -7.0493e-01 +3.6775e+00 +1.1782e+00
3150 +4.726229424e+00 +4.726229424e+00 -3.701377058e+01 -4.174000000e+01 +4.1241e+00 -1.8253e+00 -7.3227e-01 +3.6775e+00 +1.1782e+00
7449 +3.950232947e+00 +3.950232947e+00 -3.778976705e+01 -4.174000000e+01 +3.1630e+00 -1.1126e+00 -1.2172e-01 +3.3273e+00 +1.4657e+00
7817 +2.304473308e+00 +2.304473308e+00 -3.943552669e+01 -4.174000000e+01 +3.1630e+00 -1.1126e+00 -1.2172e-01 +3.7020e+00 +1.4657e+00
8369 +5.426525151e-01 +5.426525151e-01 -4.119734748e+01 -4.174000000e+01 +3.1630e+00 -1.8510e+00 -1.2172e-01 +3.7127e+00 +1.4657e+00
20789 +3.360820937e-01 +3.360820937e-01 -4.140391791e+01 -4.174000000e+01 +3.1630e+00 -1.8253e+00 -1.3939e-01 +3.7127e+00 +1.4657e+00
21390 +2.248322474e-01 +2.248322474e-01 -4.151516775e+01 -4.174000000e+01 +3.1301e+00 -1.8510e+00 -1.3602e-01 +3.7127e+00 +1.4657e+00
34169 +1.283231350e-01 +1.283231350e-01 -4.161167686e+01 -4.174000000e+01 +3.1269e+00 -1.8337e+00 -1.3602e-01 +3.7127e+00 +1.4657e+00
42136 +5.688250474e-02 +5.688250474e-02 -4.168311750e+01 -4.174000000e+01 +3.1302e+00 -1.8253e+00 -1.3602e-01 +3.7127e+00 +1.4713e+00
66088 +9.870549538e-03 +9.870549538e-03 -4.173012945e+01 -4.174000000e+01 +3.1269e+00 -1.8337e+00 -1.3602e-01 +3.7098e+00 +1.4724e+00
92906 +5.450092939e-03 +5.450092939e-03 -4.173454991e+01 -4.174000000e+01 +3.1309e+00 -1.8337e+00 -1.3602e-01 +3.7098e+00 +1.4724e+00
143148 +3.528835560e-03 +3.528835560e-03 -4.173647116e+01 -4.174000000e+01 +3.1309e+00 -1.8337e+00 -1.3756e-01 +3.7096e+00 +1.4748e+00
157804 +1.712866367e-03 +1.712866367e-03 -4.173828713e+01 -4.174000000e+01 +3.1309e+00 -1.8337e+00 -1.3756e-01 +3.7096e+00 +1.4743e+00
182090 +8.740545247e-04 +8.740545247e-04 -4.173912595e+01 -4.174000000e+01 +3.1309e+00 -1.8337e+00 -1.3756e-01 +3.7096e+00 +1.4733e+00
189758 +5.868355173e-04 +5.868355173e-04 -4.173941316e+01 -4.174000000e+01 +3.1313e+00 -1.8337e+00 -1.3756e-01 +3.7094e+00 +1.4736e+00
218267 +3.823984071e-04 +3.823984071e-04 -4.173961760e+01 -4.174000000e+01 +3.1309e+00 -1.8340e+00 -1.3756e-01 +3.7092e+00 +1.4733e+00
% function evaluation | noise-free fitness - Fopt (-4.948600000000e+02) | best noise-free fitness - Fopt | measured fitness | best measured fitness | x1 | x2...
1 +1.355038493e+03 +1.355038493e+03 +8.601784934e+02 -4.948600000e+02 -2.3549e+00 +2.0171e+00 -4.8743e+00 -4.2601e+00 +1.7936e+00
98 +7.381965314e+01 +7.381965314e+01 -4.210403469e+02 -4.948600000e+02 +2.6448e-01 -1.0071e+00 +1.2420e+00 -5.9480e-01 -3.2767e+00
294 +6.002454368e+01 +6.002454368e+01 -4.348354563e+02 -4.948600000e+02 +3.6654e-01 -7.2989e-02 +3.4219e+00 +5.2343e-01 -3.0648e+00
678 +3.830994382e+01 +3.830994382e+01 -4.565500562e+02 -4.948600000e+02 -2.5593e+00 +4.7368e-01 +2.7885e+00 +6.7378e-01 -3.4607e+00
777 +2.365966559e+01 +2.365966559e+01 -4.712003344e+02 -4.948600000e+02 -8.1629e-01 -1.0071e+00 +3.3878e+00 +6.7378e-01 -3.7523e+00
1558 +1.340582624e+01 +1.340582624e+01 -4.814541738e+02 -4.948600000e+02 -8.1629e-01 -2.8959e-01 +4.3807e+00 +6.7378e-01 -3.7523e+00
2907 +9.503888070e+00 +9.503888070e+00 -4.853561119e+02 -4.948600000e+02 -7.7668e-01 -2.8959e-01 +4.3807e+00 +7.0805e-01 -3.0090e+00
3594 +5.921692642e+00 +5.921692642e+00 -4.889383074e+02 -4.948600000e+02 -1.7944e+00 -2.8959e-01 +4.3807e+00 +2.0335e-01 -3.0090e+00
8354 +3.887643293e+00 +3.887643293e+00 -4.909723567e+02 -4.948600000e+02 -2.7351e+00 -2.6947e-01 +4.3931e+00 +2.4116e-01 -3.0290e+00
12841 +2.424911710e+00 +2.424911710e+00 -4.924350883e+02 -4.948600000e+02 -2.7697e+00 -1.1780e+00 +3.7931e+00 +2.2551e-01 -3.0687e+00
23675 +1.563804856e+00 +1.563804856e+00 -4.932961951e+02 -4.948600000e+02 -2.7718e+00 -2.7934e-01 +3.8284e+00 +2.4116e-01 -3.0347e+00
24412 +7.182568571e-01 +7.182568571e-01 -4.941417431e+02 -4.948600000e+02 -2.7697e+00 -1.1357e+00 +3.8378e+00 +2.2551e-01 -3.0290e+00
25326 +2.037220058e-01 +2.037220058e-01 -4.946562780e+02 -4.948600000e+02 -2.7697e+00 -1.1357e+00 +3.8378e+00 +2.2551e-01 -3.0453e+00
25607 +1.481112201e-01 +1.481112201e-01 -4.947118888e+02 -4.948600000e+02 -2.7697e+00 -1.1229e+00 +3.8378e+00 +2.2551e-01 -3.0453e+00
28329 +1.763858296e-02 +1.763858296e-02 -4.948423614e+02 -4.948600000e+02 -2.7697e+00 -1.1229e+00 +3.8219e+00 +2.2551e-01 -3.0453e+00
69715 +9.196438453e-03 +9.196438453e-03 -4.948508036e+02 -4.948600000e+02 -2.7753e+00 -1.1241e+00 +3.8193e+00 +2.2764e-01 -3.0474e+00
98984 +5.528654646e-03 +5.528654646e-03 -4.948544713e+02 -4.948600000e+02 -2.7740e+00 -1.1229e+00 +3.8253e+00 +2.2551e-01 -3.0474e+00
113252 +2.828336185e-03 +2.828336185e-03 -4.948571717e+02 -4.948600000e+02 -2.7730e+00 -1.1224e+00 +3.8240e+00 +2.2551e-01 -3.0478e+00
142731 +2.262584567e-03 +2.262584567e-03 -4.948577374e+02 -4.948600000e+02 -2.7740e+00 -1.1229e+00 +3.8240e+00 +2.2551e-01 -3.0478e+00
155709 +1.053356728e-03 +1.053356728e-03 -4.948589466e+02 -4.948600000e+02 -2.7753e+00 -1.1229e+00 +3.8224e+00 +2.2551e-01 -3.0478e+00
178536 +9.461092290e-04 +9.461092290e-04 -4.948590539e+02 -4.948600000e+02 -2.7740e+00 -1.1229e+00 +3.8224e+00 +2.2551e-01 -3.0478e+00
214176 +2.542546915e-04 +2.542546915e-04 -4.948597457e+02 -4.948600000e+02 -2.7753e+00 -1.1229e+00 +3.8224e+00 +2.2633e-01 -3.0478e+00
229573 +2.373264739e-04 +2.373264739e-04 -4.948597627e+02 -4.948600000e+02 -2.7753e+00 -1.1231e+00 +3.8224e+00 +2.2633e-01 -3.0478e+00
267089 +1.089876570e-04 +1.089876570e-04 -4.948598910e+02 -4.948600000e+02 -2.7741e+00 -1.1232e+00 +3.8224e+00 +2.2633e-01 -3.0478e+00
334766 +9.500923500e-05 +9.500923500e-05 -4.948599050e+02 -4.948600000e+02 -2.7743e+00 -1.1233e+00 +3.8224e+00 +2.2633e-01 -3.0478e+00
% function evaluation | noise-free fitness - Fopt (3.484000000000e+02) | best noise-free fitness - Fopt | measured fitness | best measured fitness | x1 | x2...
1 +5.848145033e+02 +5.848145033e+02 +9.332145033e+02 +3.484000000e+02 +3.5160e+00 +3.6913e+00 +3.4328e+00 +1.0311e+00 -2.7030e+00
95 +6.672406424e+01 +6.672406424e+01 +4.151240642e+02 +3.484000000e+02 -1.4734e+00 -2.4021e-01 -7.8857e-01 -2.7395e+00 -4.4241e+00
186 +6.234748005e+01 +6.234748005e+01 +4.107474800e+02 +3.484000000e+02 -2.1610e+00 +4.0047e+00 -1.8855e+00 -2.7947e+00 -3.8575e+00
848 +3.877909208e+01 +3.877909208e+01 +3.871790921e+02 +3.484000000e+02 +9.9257e-01 -2.4021e-01 -2.8298e+00 -2.6287e+00 -3.8575e+00
1122 +2.269150870e+01 +2.269150870e+01 +3.710915087e+02 +3.484000000e+02 +9.9257e-01 -2.4021e-01 -2.0673e+00 -2.6287e+00 -3.3034e+00
1673 +1.413589640e+01 +1.413589640e+01 +3.625358964e+02 +3.484000000e+02 -2.0328e+00 -2.4021e-01 -1.3001e+00 -2.6287e+00 -3.3034e+00
2792 +9.423683159e+00 +9.423683159e+00 +3.578236832e+02 +3.484000000e+02 -2.0328e+00 -2.4021e-01 -1.3304e+00 -2.6287e+00 -3.5858e+00
4373 +6.006971776e+00 +6.006971776e+00 +3.544069718e+02 +3.484000000e+02 -2.0328e+00 +6.3260e-01 -1.3304e+00 -3.5755e+00 -3.5858e+00
7790 +3.662330512e+00 +3.662330512e+00 +3.520623305e+02 +3.484000000e+02 -2.9936e+00 +6.1624e-01 -1.4110e+00 -3.4953e+00 -3.5823e+00
9209 +1.776491155e+00 +1.776491155e+00 +3.501764912e+02 +3.484000000e+02 -2.9936e+00 +5.8810e-01 -1.4110e+00 -3.5141e+00 -3.6193e+00
13252 +1.543295051e+00 +1.543295051e+00 +3.499432951e+02 +3.484000000e+02 -2.0255e+00 +6.3075e-01 -1.3738e+00 -3.9365e+00 -3.6028e+00
14016 +8.984742309e-01 +8.984742309e-01 +3.492984742e+02 +3.484000000e+02 -2.0255e+00 +6.3075e-01 -1.3738e+00 -3.5449e+00 -3.6028e+00
19200 +5.239255272e-01 +5.239255272e-01 +3.489239255e+02 +3.484000000e+02 -2.0081e+00 +5.8810e-01 -1.4100e+00 -3.5141e+00 -3.6068e+00
19500 +3.624106345e-01 +3.624106345e-01 +3.487624106e+02 +3.484000000e+02 -2.0081e+00 +5.8810e-01 -1.3697e+00 -3.5141e+00 -3.6068e+00
19897 +1.948283647e-01 +1.948283647e-01 +3.485948284e+02 +3.484000000e+02 -2.0098e+00 +5.8810e-01 -1.3697e+00 -3.5284e+00 -3.6068e+00
21280 +3.730573594e-02 +3.730573594e-02 +3.484373057e+02 +3.484000000e+02 -2.0098e+00 +5.8810e-01 -1.3862e+00 -3.5284e+00 -3.6068e+00
22670 +1.640268601e-02 +1.640268601e-02 +3.484164027e+02 +3.484000000e+02 -2.0098e+00 +5.9445e-01 -1.3862e+00 -3.5284e+00 -3.6068e+00
53422 +1.461888471e-02 +1.461888471e-02 +3.484146189e+02 +3.484000000e+02 -2.0098e+00 +5.9688e-01 -1.3862e+00 -3.5284e+00 -3.6068e+00
66408 +3.784984559e-03 +3.784984559e-03 +3.484037850e+02 +3.484000000e+02 -2.0134e+00 +5.9684e-01 -1.3872e+00 -3.5258e+00 -3.6088e+00
115168 +2.131602025e-03 +2.131602025e-03 +3.484021316e+02 +3.484000000e+02 -2.0098e+00 +5.9688e-01 -1.3862e+00 -3.5281e+00 -3.6092e+00
149346 +1.044106832e-03 +1.044106832e-03 +3.484010441e+02 +3.484000000e+02 -2.0098e+00 +5.9688e-01 -1.3872e+00 -3.5280e+00 -3.6095e+00
167821 +7.814144292e-04 +7.814144292e-04 +3.484007814e+02 +3.484000000e+02 -2.0106e+00 +5.9684e-01 -1.3872e+00 -3.5280e+00 -3.6095e+00
194817 +1.660505419e-04 +1.660505419e-04 +3.484001661e+02 +3.484000000e+02 -2.0106e+00 +5.9684e-01 -1.3872e+00 -3.5275e+00 -3.6095e+00
319838 +1.217120337e-04 +1.217120337e-04 +3.484001217e+02 +3.484000000e+02 -2.0116e+00 +5.9684e-01 -1.3872e+00 -3.5269e+00 -3.6095e+00
407487 +7.934436843e-05 +7.934436843e-05 +3.484000793e+02 +3.484000000e+02 -2.0112e+00 +5.9684e-01 -1.3872e+00 -3.5275e+00 -3.6095e+00
% function evaluation | noise-free fitness - Fopt (3.770000000000e+00) | best noise-free fitness - Fopt | measured fitness | best measured fitness | x1 | x2...
1 +4.655722261e+03 +4.655722261e+03 +4.659492261e+03 +3.770000000e+00 +4.6894e+00 +4.5258e+00 -1.1308e+00 -1.5706e+00 +3.4932e+00
99 +3.283600886e+01 +3.283600886e+01 +3.660600886e+01 +3.770000000e+00 +1.0530e+00 -2.1627e+00 -4.7354e+00 +1.9327e+00 -4.1605e+00
598 +2.267587676e+01 +2.267587676e+01 +2.644587676e+01 +3.770000000e+00 +1.8284e+00 -2.1627e+00 -4.2139e+00 +3.2915e+00 -4.0842e+00
995 +1.537206848e+01 +1.537206848e+01 +1.914206848e+01 +3.770000000e+00 +3.1038e+00 -6.2479e-01 -4.2139e+00 +2.8331e+00 -3.4118e+00
1491 +9.555399752e+00 +9.555399752e+00 +1.332539975e+01 +3.770000000e+00 +3.8996e+00 -6.3089e-01 -3.7874e+00 +3.2915e+00 -3.4118e+00
2088 +6.037431573e+00 +6.037431573e+00 +9.807431573e+00 +3.770000000e+00 +3.8996e+00 -2.1300e+00 -3.1271e+00 +3.2715e+00 -3.4118e+00
2679 +2.828286125e+00 +2.828286125e+00 +6.598286125e+00 +3.770000000e+00 +3.9661e+00 -2.0182e+00 -3.1472e+00 +3.2715e+00 -3.4118e+00
2979 +1.803538130e+00 +1.803538130e+00 +5.573538130e+00 +3.770000000e+00 +3.0072e+00 -2.0182e+00 -3.1476e+00 +2.8331e+00 -3.4118e+00
3274 +1.352409159e+00 +1.352409159e+00 +5.122409159e+00 +3.770000000e+00 +3.0072e+00 -2.0182e+00 -3.1476e+00 +2.7889e+00 -3.4118e+00
4756 +9.057113021e-01 +9.057113021e-01 +4.675711302e+00 +3.770000000e+00 +3.0072e+00 -2.0182e+00 -3.1582e+00 +2.8051e+00 -3.4118e+00
19194 +6.011116908e-01 +6.011116908e-01 +4.371111691e+00 +3.770000000e+00 +2.9449e+00 -2.0705e+00 -3.1632e+00 +2.8166e+00 -3.4040e+00
20623 +3.624721110e-01 +3.624721110e-01 +4.132472111e+00 +3.770000000e+00 +2.9449e+00 -2.0170e+00 -3.1632e+00 +2.7968e+00 -3.4040e+00
29799 +1.750359628e-01 +1.750359628e-01 +3.945035963e+00 +3.770000000e+00 +2.9372e+00 -2.0182e+00 -3.1582e+00 +2.8083e+00 -3.4118e+00
29982 +9.506879340e-02 +9.506879340e-02 +3.865068793e+00 +3.770000000e+00 +2.9372e+00 -2.0253e+00 -3.1582e+00 +2.8083e+00 -3.4118e+00
52579 +1.221789599e-02 +1.221789599e-02 +3.782217896e+00 +3.770000000e+00 +2.9372e+00 -2.0400e+00 -3.1631e+00 +2.8083e+00 -3.4118e+00
74401 +5.458394387e-03 +5.458394387e-03 +3.775458394e+00 +3.770000000e+00 +2.9372e+00 -2.0400e+00 -3.1631e+00 +2.8057e+00 -3.4118e+00
93341 +2.821904207e-03 +2.821904207e-03 +3.772821904e+00 +3.770000000e+00 +2.9449e+00 -2.0400e+00 -3.1631e+00 +2.8057e+00 -3.4118e+00
140103 +8.965536763e-04 +8.965536763e-04 +3.770896554e+00 +3.770000000e+00 +2.9414e+00 -2.0400e+00 -3.1631e+00 +2.8057e+00 -3.4118e+00
173062 +3.177786881e-04 +3.177786881e-04 +3.770317779e+00 +3.770000000e+00 +2.9416e+00 -2.0395e+00 -3.1635e+00 +2.8057e+00 -3.4118e+00
310117 +1.482109459e-04 +1.482109459e-04 +3.770148211e+00 +3.770000000e+00 +2.9416e+00 -2.0395e+00 -3.1641e+00 +2.8057e+00 -3.4118e+00
382044 +7.600309806e-05 +7.600309806e-05 +3.770076003e+00 +3.770000000e+00 +2.9416e+00 -2.0395e+00 -3.1641e+00 +2.8057e+00 -3.4119e+00
% function evaluation | noise-free fitness - Fopt (3.770000000000e+01) | best noise-free fitness - Fopt | measured fitness | best measured fitness | x1 | x2...
1 +1.348835211e+03 +1.348835211e+03 +1.386535211e+03 +3.770000000e+01 -4.6584e+00 +1.3710e+00 -2.2479e+00 +3.0159e+00 +2.9276e-01
96 +6.575788688e+01 +6.575788688e+01 +1.034578869e+02 +3.770000000e+01 +3.4187e+00 -1.9492e+00 -2.0333e+00 -3.2367e+00 +1.6840e+00
185 +5.998072307e+01 +5.998072307e+01 +9.768072307e+01 +3.770000000e+01 -3.1883e+00 -2.3070e+00 -4.0126e+00 -3.1420e+00 +2.7892e+00
458 +1.977936198e+01 +1.977936198e+01 +5.747936198e+01 +3.770000000e+01 +1.2563e-01 -2.3070e+00 -2.5908e+00 -3.1420e+00 +3.3255e+00
639 +1.462527519e+01 +1.462527519e+01 +5.232527519e+01 +3.770000000e+01 +1.7582e-01 -2.3070e+00 -2.5908e+00 -3.1420e+00 +3.0738e+00
1008 +9.820379198e+00 +9.820379198e+00 +4.752037920e+01 +3.770000000e+01 +1.1616e+00 -2.3070e+00 -2.5908e+00 -3.9194e+00 +3.0738e+00
1374 +6.296027741e+00 +6.296027741e+00 +4.399602774e+01 +3.770000000e+01 +1.1271e+00 -2.2991e+00 -2.5908e+00 -3.0898e+00 +3.0120e+00
2093 +3.505388485e+00 +3.505388485e+00 +4.120538848e+01 +3.770000000e+01 +1.1616e+00 -2.3070e+00 -2.5908e+00 -3.0898e+00 +2.3477e+00
3109 +2.437015789e+00 +2.437015789e+00 +4.013701579e+01 +3.770000000e+01 +1.1076e+00 -2.3428e+00 -2.5930e+00 -3.9626e+00 +2.3477e+00
6607 +1.197354863e+00 +1.197354863e+00 +3.889735486e+01 +3.770000000e+01 +1.1434e+00 -2.3330e+00 -2.6134e+00 -3.5144e+00 +2.3789e+00
7095 +7.294131947e-01 +7.294131947e-01 +3.842941319e+01 +3.770000000e+01 +1.1232e+00 -2.3330e+00 -2.6134e+00 -3.5252e+00 +2.3789e+00
27822 +9.877502039e-02 +9.877502039e-02 +3.779877502e+01 +3.770000000e+01 +1.1232e+00 -2.3330e+00 -2.6134e+00 -3.5508e+00 +2.3789e+00
28009 +4.276211410e-02 +4.276211410e-02 +3.774276211e+01 +3.770000000e+01 +1.1232e+00 -2.3330e+00 -2.6134e+00 -3.5508e+00 +2.3726e+00
41517 +3.112567229e-02 +3.112567229e-02 +3.773112567e+01 +3.770000000e+01 +1.1129e+00 -2.3404e+00 -2.6066e+00 -3.5511e+00 +2.3757e+00
41704 +1.886002781e-02 +1.886002781e-02 +3.771886003e+01 +3.770000000e+01 +1.1129e+00 -2.3404e+00 -2.6066e+00 -3.5511e+00 +2.3731e+00
50720 +1.005001967e-02 +1.005001967e-02 +3.771005002e+01 +3.770000000e+01 +1.1076e+00 -2.3404e+00 -2.6134e+00 -3.5508e+00 +2.3726e+00
64691 +3.071112621e-03 +3.071112621e-03 +3.770307111e+01 +3.770000000e+01 +1.1126e+00 -2.3404e+00 -2.6134e+00 -3.5508e+00 +2.3726e+00
129044 +1.978921953e-03 +1.978921953e-03 +3.770197892e+01 +3.770000000e+01 +1.1129e+00 -2.3404e+00 -2.6113e+00 -3.5508e+00 +2.3728e+00
157430 +3.177910642e-04 +3.177910642e-04 +3.770031779e+01 +3.770000000e+01 +1.1129e+00 -2.3404e+00 -2.6118e+00 -3.5499e+00 +2.3726e+00
194497 +2.325839067e-04 +2.325839067e-04 +3.770023258e+01 +3.770000000e+01 +1.1129e+00 -2.3404e+00 -2.6118e+00 -3.5494e+00 +2.3728e+00
263713 +1.293046713e-04 +1.293046713e-04 +3.770012930e+01 +3.770000000e+01 +1.1138e+00 -2.3404e+00 -2.6119e+00 -3.5494e+00 +2.3728e+00
317571 +7.563930020e-05 +7.563930020e-05 +3.770007564e+01 +3.770000000e+01 +1.1138e+00 -2.3404e+00 -2.6119e+00 -3.5496e+00 +2.3728e+00
418708 +4.139279502e-05 +4.139279502e-05 +3.770004139e+01 +3.770000000e+01 +1.1138e+00 -2.3411e+00 -2.6119e+00 -3.5496e+00 +2.3728e+00
% function evaluation | noise-free fitness - Fopt (6.956900000000e+02) | best noise-free fitness - Fopt | measured fitness | best measured fitness | x1 | x2...
1 +7.107738056e+01 +7.107738056e+01 +7.667673806e+02 +6.956900000e+02 +2.7488e+00 -4.0012e+00 -4.4388e+00 +1.4918e+00 +2.9847e-01
97 +5.980944724e+01 +5.980944724e+01 +7.554994472e+02 +6.956900000e+02 -3.8325e+00 -1.9115e+00 -2.3793e+00 +3.6257e+00 +4.6501e-01
389 +3.838005783e+01 +3.838005783e+01 +7.340700578e+02 +6.956900000e+02 -3.3277e+00 -2.4469e+00 -1.7664e+00 +4.0426e+00 +8.8179e-02
578 +2.399612498e+01 +2.399612498e+01 +7.196861250e+02 +6.956900000e+02 -3.3277e+00 -2.4469e+00 -1.7664e+00 +4.0426e+00 -3.9452e-02
870 +9.938632064e+00 +9.938632064e+00 +7.056286321e+02 +6.956900000e+02 -3.3277e+00 -2.4469e+00 -3.9922e+00 +4.0426e+00 +5.9996e-01
1656 +6.026860204e+00 +6.026860204e+00 +7.017168602e+02 +6.956900000e+02 -3.3277e+00 -2.4469e+00 -3.9922e+00 +4.0551e+00 +3.0735e-01
2143 +3.600177947e+00 +3.600177947e+00 +6.992901779e+02 +6.956900000e+02 -3.3277e+00 -2.4469e+00 -3.9922e+00 +3.6005e+00 +3.0735e-01
2919 +2.299908172e+00 +2.299908172e+00 +6.979899082e+02 +6.956900000e+02 -3.3136e+00 -3.2660e+00 -3.9922e+00 +3.6005e+00 +3.0735e-01
11976 +1.079150172e+00 +1.079150172e+00 +6.967691502e+02 +6.956900000e+02 -3.2715e+00 -3.2279e+00 -3.3779e+00 +3.6004e+00 +3.0262e-01
12437 +8.058577287e-01 +8.058577287e-01 +6.964958577e+02 +6.956900000e+02 -3.2715e+00 -3.2279e+00 -3.3779e+00 +3.6004e+00 +2.9164e-01
13648 +5.077547284e-01 +5.077547284e-01 +6.961977547e+02 +6.956900000e+02 -3.2715e+00 -3.2591e+00 -3.3779e+00 +3.6004e+00 +2.9164e-01
23412 +3.772215559e-01 +3.772215559e-01 +6.960672216e+02 +6.956900000e+02 -3.2852e+00 -3.2591e+00 -3.3779e+00 +3.6100e+00 +3.0108e-01
44218 +2.088539231e-01 +2.088539231e-01 +6.958988539e+02 +6.956900000e+02 -3.2804e+00 -3.2532e+00 -3.3613e+00 +3.6091e+00 +2.8195e-01
48545 +1.539439566e-01 +1.539439566e-01 +6.958439440e+02 +6.956900000e+02 -3.2736e+00 -3.2547e+00 -3.3743e+00 +3.6172e+00 +2.8282e-01
56404 +8.986821394e-02 +8.986821394e-02 +6.957798682e+02 +6.956900000e+02 -3.2852e+00 -3.2591e+00 -3.3719e+00 +3.6208e+00 +2.9586e-01
67427 +3.904008514e-02 +3.904008514e-02 +6.957290401e+02 +6.956900000e+02 -3.2824e+00 -3.2547e+00 -3.3611e+00 +3.6172e+00 +2.8663e-01
79974 +1.283457136e-02 +1.283457136e-02 +6.957028346e+02 +6.956900000e+02 -3.2852e+00 -3.2584e+00 -3.3649e+00 +3.6189e+00 +2.9247e-01
96782 +2.688518691e-03 +2.688518691e-03 +6.956926885e+02 +6.956900000e+02 -3.2852e+00 -3.2584e+00 -3.3649e+00 +3.6189e+00 +2.9062e-01
98501 +2.391473651e-03 +2.391473651e-03 +6.956923915e+02 +6.956900000e+02 -3.2852e+00 -3.2584e+00 -3.3655e+00 +3.6189e+00 +2.9062e-01
118498 +1.364349889e-03 +1.364349889e-03 +6.956913643e+02 +6.956900000e+02 -3.2852e+00 -3.2584e+00 -3.3649e+00 +3.6189e+00 +2.8900e-01
171710 +5.273736332e-04 +5.273736332e-04 +6.956905274e+02 +6.956900000e+02 -3.2852e+00 -3.2584e+00 -3.3658e+00 +3.6189e+00 +2.8992e-01
229298 +2.736347507e-04 +2.736347507e-04 +6.956902736e+02 +6.956900000e+02 -3.2852e+00 -3.2584e+00 -3.3658e+00 +3.6183e+00 +2.8992e-01
232218 +2.026404612e-04 +2.026404612e-04 +6.956902026e+02 +6.956900000e+02 -3.2847e+00 -3.2584e+00 -3.3656e+00 +3.6184e+00 +2.8992e-01
280960 +7.716980758e-05 +7.716980758e-05 +6.956900772e+02 +6.956900000e+02 -3.2852e+00 -3.2584e+00 -3.3658e+00 +3.6183e+00 +2.8957e-01
314117 +4.319429036e-05 +4.319429036e-05 +6.956900432e+02 +6.956900000e+02 -3.2847e+00 -3.2584e+00 -3.3658e+00 +3.6183e+00 +2.8957e-01
365584 +6.159690543e-06 +6.159690543e-06 +6.956900062e+02 +6.956900000e+02 -3.2847e+00 -3.2584e+00 -3.3656e+00 +3.6184e+00 +2.8957e-01
% function evaluation | noise-free fitness - Fopt (-1.180300000000e+02) | best noise-free fitness - Fopt | measured fitness | best measured fitness | x1 | x2...
1 +3.703453219e+03 +3.703453219e+03 +3.585423219e+03 -1.180300000e+02 -2.0957e+00 -1.3814e+00 -2.9835e+00 +4.4967e+00 +1.8194e+00
89 +7.263446621e+01 +7.263446621e+01 -4.539553379e+01 -1.180300000e+02 +2.3686e+00 +2.9306e+00 +1.1857e+00 -2.0210e+00 -4.4681e+00
182 +5.292907753e+01 +5.292907753e+01 -6.510092247e+01 -1.180300000e+02 -4.0356e+00 +2.9306e+00 -1.3757e+00 -2.7294e+00 -2.9265e+00
364 +3.381634770e+01 +3.381634770e+01 -8.421365230e+01 -1.180300000e+02 +2.0651e+00 +3.8067e+00 -9.1229e-01 -2.7645e+00 -4.1107e+00
635 +1.880756207e+01 +1.880756207e+01 -9.922243793e+01 -1.180300000e+02 -2.2007e+00 +4.2535e+00 -9.1229e-01 -2.7645e+00 -4.1107e+00
897 +1.564752138e+01 +1.564752138e+01 -1.023824786e+02 -1.180300000e+02 -2.2007e+00 +4.2535e+00 -9.1229e-01 -2.7294e+00 -4.1107e+00
1256 +6.781215539e+00 +6.781215539e+00 -1.112487845e+02 -1.180300000e+02 -2.0990e+00 +4.2535e+00 -9.1229e-01 -2.6864e+00 -4.1107e+00
1428 +5.980736740e+00 +5.980736740e+00 -1.120492633e+02 -1.180300000e+02 -2.1100e+00 +4.3921e+00 -9.1229e-01 -2.6864e+00 -4.1107e+00
3282 +2.986318041e+00 +2.986318041e+00 -1.150436820e+02 -1.180300000e+02 -2.0990e+00 +4.3921e+00 -2.7744e-01 -3.1301e+00 -3.8153e+00
3636 +1.983141659e+00 +1.983141659e+00 -1.160468583e+02 -1.180300000e+02 -2.0637e+00 +3.5426e+00 -2.7744e-01 -3.1301e+00 -3.8153e+00
6907 +1.513712120e+00 +1.513712120e+00 -1.165162879e+02 -1.180300000e+02 -1.1002e+00 +3.6335e+00 -2.6357e-01 -3.1480e+00 -3.8045e+00
7378 +4.186301055e-01 +4.186301055e-01 -1.176113699e+02 -1.180300000e+02 -1.1002e+00 +3.5440e+00 -2.6357e-01 -3.1537e+00 -3.8045e+00
7658 +3.267608851e-01 +3.267608851e-01 -1.177032391e+02 -1.180300000e+02 -1.0804e+00 +3.5440e+00 -2.6357e-01 -3.1537e+00 -3.8045e+00
13946 +2.174114783e-01 +2.174114783e-01 -1.178125885e+02 -1.180300000e+02 -1.0531e+00 +3.5608e+00 -2.6971e-01 -3.1475e+00 -3.8007e+00
14046 +1.071968901e-01 +1.071968901e-01 -1.179228031e+02 -1.180300000e+02 -1.0806e+00 +3.5608e+00 -2.6971e-01 -3.1567e+00 -3.8007e+00
18426 +9.389980694e-02 +9.389980694e-02 -1.179361002e+02 -1.180300000e+02 -1.0804e+00 +3.5608e+00 -2.6971e-01 -3.1537e+00 -3.8045e+00
19314 +3.457827068e-02 +3.457827068e-02 -1.179954217e+02 -1.180300000e+02 -1.0804e+00 +3.5608e+00 -2.8375e-01 -3.1475e+00 -3.8007e+00
21124 +2.416980894e-02 +2.416980894e-02 -1.180058302e+02 -1.180300000e+02 -1.0804e+00 +3.5608e+00 -2.7599e-01 -3.1475e+00 -3.8007e+00
45533 +1.143987123e-02 +1.143987123e-02 -1.180185601e+02 -1.180300000e+02 -1.0804e+00 +3.5627e+00 -2.7744e-01 -3.1487e+00 -3.8001e+00
46221 +9.710719094e-03 +9.710719094e-03 -1.180202893e+02 -1.180300000e+02 -1.0804e+00 +3.5627e+00 -2.7897e-01 -3.1487e+00 -3.8001e+00
80078 +5.495629631e-03 +5.495629631e-03 -1.180245044e+02 -1.180300000e+02 -1.0804e+00 +3.5670e+00 -2.7897e-01 -3.1487e+00 -3.8007e+00
110899 +3.951513648e-03 +3.951513648e-03 -1.180260485e+02 -1.180300000e+02 -1.0804e+00 +3.5670e+00 -2.7897e-01 -3.1487e+00 -3.8014e+00
169966 +2.471901955e-03 +2.471901955e-03 -1.180275281e+02 -1.180300000e+02 -1.0779e+00 +3.5670e+00 -2.7897e-01 -3.1491e+00 -3.8014e+00
280821 +6.181680757e-04 +6.181680757e-04 -1.180293818e+02 -1.180300000e+02 -1.0779e+00 +3.5652e+00 -2.7900e-01 -3.1510e+00 -3.8014e+00
281706 +2.476716570e-04 +2.476716570e-04 -1.180297523e+02 -1.180300000e+02 -1.0779e+00 +3.5652e+00 -2.7900e-01 -3.1505e+00 -3.8014e+00
361982 +1.476213456e-04 +1.476213456e-04 -1.180298524e+02 -1.180300000e+02 -1.0779e+00 +3.5656e+00 -2.7900e-01 -3.1504e+00 -3.8014e+00
422190 +9.857978364e-05 +9.857978364e-05 -1.180299014e+02 -1.180300000e+02 -1.0787e+00 +3.5656e+00 -2.7922e-01 -3.1504e+00 -3.8014e+00
% function evaluation | noise-free fitness - Fopt (4.816000000000e+01) | best noise-free fitness - Fopt | measured fitness | best measured fitness | x1 | x2...
1 +5.102505941e+02 +5.102505941e+02 +5.584105941e+02 +4.816000000e+01 +2.7657e+00 -6.0708e-01 +7.6569e-01 -1.4755e+00 -4.5338e+00
95 +8.720600247e+01 +8.720600247e+01 +1.353660025e+02 +4.816000000e+01 +3.7641e+00 -3.5872e+00 -1.6826e+00 -2.7067e+00 +1.8165e+00
279 +4.350532551e+01 +4.350532551e+01 +9.166532551e+01 +4.816000000e+01 -5.9915e-01 +8.3035e-01 -3.5646e+00 -1.1629e+00 +3.5757e-01
377 +3.565806963e+01 +3.565806963e+01 +8.381806963e+01 +4.816000000e+01 +3.5802e-01 +8.3035e-01 -3.5646e+00 -1.1629e+00 +1.3582e+00
653 +1.958079715e+01 +1.958079715e+01 +6.774079715e+01 +4.816000000e+01 +1.0995e+00 +8.3035e-01 -3.5646e+00 -1.1629e+00 +2.1957e+00
747 +1.554879815e+01 +1.554879815e+01 +6.370879815e+01 +4.816000000e+01 -4.9723e-01 -4.4406e-02 -3.5646e+00 -1.6430e+00 +2.1957e+00
1301 +9.335025743e+00 +9.335025743e+00 +5.749502574e+01 +4.816000000e+01 +1.4284e+00 -4.4406e-02 -3.5646e+00 -1.5517e+00 +2.1957e+00
1684 +6.184532483e+00 +6.184532483e+00 +5.434453248e+01 +4.816000000e+01 +3.5802e-01 -4.4406e-02 -3.5318e+00 -1.5828e+00 +2.1957e+00
2323 +3.090172937e+00 +3.090172937e+00 +5.125017294e+01 +4.816000000e+01 +1.3395e+00 -7.5124e-01 -4.0766e+00 -1.5517e+00 +2.1957e+00
2694 +2.285995389e+00 +2.285995389e+00 +5.044599539e+01 +4.816000000e+01 +1.3395e+00 -7.5124e-01 -4.0766e+00 -1.5828e+00 +2.1957e+00
3151 +1.321879494e+00 +1.321879494e+00 +4.948187949e+01 +4.816000000e+01 +1.3395e+00 -7.5124e-01 -4.0766e+00 -1.5828e+00 +1.8323e+00
3429 +3.156513452e-01 +3.156513452e-01 +4.847565135e+01 +4.816000000e+01 +1.3395e+00 -7.5124e-01 -3.4847e+00 -1.5828e+00 +1.8323e+00
4267 +7.212139394e-02 +7.212139394e-02 +4.823212139e+01 +4.816000000e+01 +1.3089e+00 -7.5124e-01 -3.4847e+00 -1.5828e+00 +1.8323e+00
26220 +4.517295254e-02 +4.517295254e-02 +4.820517295e+01 +4.816000000e+01 +1.3089e+00 -7.5124e-01 -3.4866e+00 -1.5828e+00 +1.8390e+00
46547 +2.740766032e-02 +2.740766032e-02 +4.818740766e+01 +4.816000000e+01 +1.3089e+00 -7.5124e-01 -3.4903e+00 -1.5812e+00 +1.8390e+00
50221 +2.376581574e-02 +2.376581574e-02 +4.818376582e+01 +4.816000000e+01 +1.3052e+00 -7.5124e-01 -3.4900e+00 -1.5828e+00 +1.8391e+00
52924 +8.075163989e-03 +8.075163989e-03 +4.816807516e+01 +4.816000000e+01 +1.3052e+00 -7.5124e-01 -3.4914e+00 -1.5812e+00 +1.8373e+00
55855 +3.586338561e-03 +3.586338561e-03 +4.816358634e+01 +4.816000000e+01 +1.3002e+00 -7.5124e-01 -3.4914e+00 -1.5812e+00 +1.8373e+00
97708 +1.916416732e-03 +1.916416732e-03 +4.816191642e+01 +4.816000000e+01 +1.3013e+00 -7.5124e-01 -3.4900e+00 -1.5808e+00 +1.8354e+00
111040 +1.551951913e-03 +1.551951913e-03 +4.816155195e+01 +4.816000000e+01 +1.3002e+00 -7.5124e-01 -3.4914e+00 -1.5812e+00 +1.8368e+00
168857 +4.466632798e-04 +4.466632798e-04 +4.816044666e+01 +4.816000000e+01 +1.3013e+00 -7.5124e-01 -3.4914e+00 -1.5808e+00 +1.8363e+00
266894 +3.810601189e-04 +3.810601189e-04 +4.816038106e+01 +4.816000000e+01 +1.3013e+00 -7.4971e-01 -3.4914e+00 -1.5808e+00 +1.8363e+00
286193 +2.277837468e-04 +2.277837468e-04 +4.816022778e+01 +4.816000000e+01 +1.3013e+00 -7.5053e-01 -3.4914e+00 -1.5808e+00 +1.8363e+00
345769 +7.652420444e-05 +7.652420444e-05 +4.816007652e+01 +4.816000000e+01 +1.3005e+00 -7.5053e-01 -3.4914e+00 -1.5808e+00 +1.8359e+00
% function evaluation | noise-free fitness - Fopt (8.384000000000e+01) | best noise-free fitness - Fopt | measured fitness | best measured fitness | x1 | x2...
1 +4.622042282e+02 +4.622042282e+02 +5.460442282e+02 +8.384000000e+01 +3.7664e+00 +2.1677e+00 -7.5507e-01 +5.5119e-01 +2.2551e+00
94 +8.928699259e+01 +8.928699259e+01 +1.731269926e+02 +8.384000000e+01 +1.5664e+00 +1.2187e+00 -2.0390e+00 -3.4542e+00 -1.7859e+00
276 +5.651996526e+01 +5.651996526e+01 +1.403599653e+02 +8.384000000e+01 +1.5664e+00 +1.2187e+00 -2.0492e+00 -1.3180e-01 -2.9426e+00
542 +3.176653889e+01 +3.176653889e+01 +1.156065389e+02 +8.384000000e+01 +1.5664e+00 +1.2187e+00 -2.0492e+00 -1.3180e-01 -1.7859e+00
914 +2.329929809e+01 +2.329929809e+01 +1.071392981e+02 +8.384000000e+01 -1.9003e+00 +2.1782e+00 -2.0492e+00 -1.3180e-01 -1.7859e+00
1334 +1.440879738e+01 +1.440879738e+01 +9.824879738e+01 +8.384000000e+01 -1.6579e+00 +2.1782e+00 -2.0492e+00 -1.3180e-01 -1.0954e+00
2319 +7.111758986e+00 +7.111758986e+00 +9.095175899e+01 +8.384000000e+01 -1.6579e+00 +2.6633e+00 -2.0492e+00 +3.9264e-01 -1.7859e+00
2676 +6.096470040e+00 +6.096470040e+00 +8.993647004e+01 +8.384000000e+01 -1.6579e+00 +2.6633e+00 -2.0492e+00 +3.9264e-01 -1.4752e+00
12416 +2.988557593e+00 +2.988557593e+00 +8.682855759e+01 +8.384000000e+01 -2.6524e+00 +3.5100e+00 -1.4126e+00 -4.4744e-01 -1.4582e+00
13158 +2.015792521e+00 +2.015792521e+00 +8.585579252e+01 +8.384000000e+01 -2.6524e+00 +3.5100e+00 -1.4126e+00 -4.5762e-02 -1.4582e+00
22487 +1.085448833e+00 +1.085448833e+00 +8.492544883e+01 +8.384000000e+01 -2.6568e+00 +3.5100e+00 -1.4126e+00 -4.5762e-02 -1.4770e+00
33300 +8.127397036e-01 +8.127397036e-01 +8.465273970e+01 +8.384000000e+01 -1.6890e+00 +3.4796e+00 -1.4145e+00 -3.5129e-02 -1.4965e+00
34193 +4.587122907e-01 +4.587122907e-01 +8.429871229e+01 +8.384000000e+01 -1.6890e+00 +3.5085e+00 -1.4145e+00 -2.4697e-02 -1.4878e+00
36385 +3.357801813e-01 +3.357801813e-01 +8.417578018e+01 +8.384000000e+01 -1.6648e+00 +3.5085e+00 -1.4145e+00 -2.4697e-02 -1.4878e+00
41202 +1.408442453e-01 +1.408442453e-01 +8.398084425e+01 +8.384000000e+01 -1.6769e+00 +3.5024e+00 -1.4126e+00 -4.5762e-02 -1.4880e+00
46167 +9.191877186e-02 +9.191877186e-02 +8.393191877e+01 +8.384000000e+01 -1.6654e+00 +3.5024e+00 -1.4126e+00 -4.5762e-02 -1.4752e+00
53500 +4.107401759e-02 +4.107401759e-02 +8.388107402e+01 +8.384000000e+01 -1.6648e+00 +3.5024e+00 -1.4145e+00 -4.5762e-02 -1.4783e+00
57281 +3.474133397e-03 +3.474133397e-03 +8.384347413e+01 +8.384000000e+01 -1.6654e+00 +3.5009e+00 -1.4170e+00 -4.1612e-02 -1.4810e+00
78873 +1.387175169e-03 +1.387175169e-03 +8.384138718e+01 +8.384000000e+01 -1.6631e+00 +3.5024e+00 -1.4167e+00 -4.1612e-02 -1.4810e+00
123451 +9.834121716e-04 +9.834121716e-04 +8.384098341e+01 +8.384000000e+01 -1.6633e+00 +3.5024e+00 -1.4170e+00 -4.1612e-02 -1.4813e+00
158345 +4.187573782e-04 +4.187573782e-04 +8.384041876e+01 +8.384000000e+01 -1.6633e+00 +3.5024e+00 -1.4160e+00 -4.1612e-02 -1.4813e+00
177588 +3.599601989e-04 +3.599601989e-04 +8.384035996e+01 +8.384000000e+01 -1.6635e+00 +3.5024e+00 -1.4160e+00 -4.1612e-02 -1.4813e+00
266298 +1.937304752e-04 +1.937304752e-04 +8.384019373e+01 +8.384000000e+01 -1.6636e+00 +3.5034e+00 -1.4158e+00 -4.1612e-02 -1.4813e+00
318558 +1.416130703e-04 +1.416130703e-04 +8.384014161e+01 +8.384000000e+01 -1.6633e+00 +3.5034e+00 -1.4158e+00 -4.1612e-02 -1.4817e+00
337093 +4.321310776e-05 +4.321310776e-05 +8.384004321e+01 +8.384000000e+01 -1.6640e+00 +3.5034e+00 -1.4158e+00 -4.1612e-02 -1.4817e+00
% function evaluation | noise-free fitness - Fopt (1.536000000000e+01) | best noise-free fitness - Fopt | measured fitness | best measured fitness | x1 | x2...
1 +8.080884128e+03 +8.080884128e+03 +8.096244128e+03 +1.536000000e+01 +2.4161e+00 +2.9404e-01 -2.1881e+00 +4.4593e+00 +4.9213e+00
89 +7.016214331e+01 +7.016214331e+01 +8.552214331e+01 +1.536000000e+01 +6.8046e-01 +4.2460e+00 -2.2132e+00 -1.8938e+00 -1.8137e+00
171 +6.046039963e+01 +6.046039963e+01 +7.582039963e+01 +1.536000000e+01 -4.1258e-01 +6.2458e-01 -2.5489e+00 -6.2837e-01 -2.3624e+00
525 +3.895671929e+01 +3.895671929e+01 +5.431671929e+01 +1.536000000e+01 -3.7806e-02 +3.2565e+00 -3.7440e+00 -2.6543e+00 -2.6755e+00
896 +2.072568624e+01 +2.072568624e+01 +3.608568624e+01 +1.536000000e+01 +2.7739e+00 +2.5310e+00 -3.7440e+00 -2.0383e+00 -1.8137e+00
1269 +1.486906228e+01 +1.486906228e+01 +3.022906228e+01 +1.536000000e+01 +6.8046e-01 +2.5310e+00 -2.5489e+00 -2.0370e+00 -2.8185e+00
2169 +5.640328405e+00 +5.640328405e+00 +2.100032840e+01 +1.536000000e+01 +2.7739e+00 +1.5742e+00 -2.5489e+00 -2.5372e+00 -2.8185e+00
2975 +3.650914798e+00 +3.650914798e+00 +1.901091480e+01 +1.536000000e+01 +2.7739e+00 +1.5742e+00 -3.0880e+00 -2.5372e+00 -2.8185e+00
3336 +1.912303438e+00 +1.912303438e+00 +1.727230344e+01 +1.536000000e+01 +1.7247e+00 +1.5742e+00 -3.0664e+00 -2.5372e+00 -2.7959e+00
4056 +1.570624304e+00 +1.570624304e+00 +1.693062430e+01 +1.536000000e+01 +1.7465e+00 +1.5742e+00 -3.0664e+00 -2.5372e+00 -2.7959e+00
14369 +4.594703812e-01 +4.594703812e-01 +1.581947038e+01 +1.536000000e+01 +1.7718e+00 +1.6127e+00 -3.0639e+00 -2.5526e+00 -2.8001e+00
23764 +9.322351437e-02 +9.322351437e-02 +1.545322351e+01 +1.536000000e+01 +1.7668e+00 +1.6558e+00 -3.0678e+00 -2.5507e+00 -2.7959e+00
40388 +6.280990029e-02 +6.280990029e-02 +1.542280990e+01 +1.536000000e+01 +1.7679e+00 +1.6527e+00 -3.0678e+00 -2.5501e+00 -2.7959e+00
41870 +3.767709524e-02 +3.767709524e-02 +1.539767710e+01 +1.536000000e+01 +1.7679e+00 +1.6527e+00 -3.0678e+00 -2.5469e+00 -2.7959e+00
54341 +1.994966453e-02 +1.994966453e-02 +1.537994966e+01 +1.536000000e+01 +1.7706e+00 +1.6467e+00 -3.0678e+00 -2.5488e+00 -2.7959e+00
70068 +6.775954059e-03 +6.775954059e-03 +1.536677595e+01 +1.536000000e+01 +1.7690e+00 +1.6457e+00 -3.0678e+00 -2.5448e+00 -2.7959e+00
89591 +6.278852047e-03 +6.278852047e-03 +1.536627885e+01 +1.536000000e+01 +1.7706e+00 +1.6467e+00 -3.0707e+00 -2.5469e+00 -2.7959e+00
91727 +3.555378760e-03 +3.555378760e-03 +1.536355538e+01 +1.536000000e+01 +1.7706e+00 +1.6451e+00 -3.0707e+00 -2.5469e+00 -2.7959e+00
135684 +2.494842103e-03 +2.494842103e-03 +1.536249484e+01 +1.536000000e+01 +1.7690e+00 +1.6436e+00 -3.0713e+00 -2.5469e+00 -2.7959e+00
140340 +1.206834097e-03 +1.206834097e-03 +1.536120683e+01 +1.536000000e+01 +1.7690e+00 +1.6436e+00 -3.0713e+00 -2.5463e+00 -2.7959e+00
155693 +8.146157173e-04 +8.146157173e-04 +1.536081462e+01 +1.536000000e+01 +1.7702e+00 +1.6436e+00 -3.0708e+00 -2.5448e+00 -2.7959e+00
158252 +3.018567248e-04 +3.018567248e-04 +1.536030186e+01 +1.536000000e+01 +1.7702e+00 +1.6436e+00 -3.0708e+00 -2.5454e+00 -2.7959e+00
183457 +2.461104862e-04 +2.461104862e-04 +1.536024611e+01 +1.536000000e+01 +1.7702e+00 +1.6436e+00 -3.0707e+00 -2.5454e+00 -2.7961e+00
230720 +1.577233856e-04 +1.577233856e-04 +1.536015772e+01 +1.536000000e+01 +1.7699e+00 +1.6436e+00 -3.0703e+00 -2.5454e+00 -2.7959e+00
420704 +5.283573195e-05 +5.283573195e-05 +1.536005284e+01 +1.536000000e+01 +1.7699e+00 +1.6434e+00 -3.0703e+00 -2.5455e+00 -2.7961e+00
