% function evaluation | noise-free fitness - Fopt (-4.620900000000e+02) | best noise-free fitness - Fopt | measured fitness | best measured fitness | x1 | x2...
1 +1.209809323e+02 +1.209809323e+02 -3.411090677e+02 -4.620900000e+02 +3.8905e+00 +2.4205e+00 +7.1680e-02
98 +1.349199203e+01 +1.349199203e+01 -4.485980080e+02 -4.620900000e+02 -3.3739e+00 +1.8404e+00 +1.5658e+00
295 +8.648824623e+00 +8.648824623e+00 -4.534411754e+02 -4.620900000e+02 -3.4002e+00 +1.8404e+00 +2.2098e+00
492 +6.011982123e+00 +6.011982123e+00 -4.560780179e+02 -4.620900000e+02 -3.3739e+00 +1.8054e+00 +2.1948e+00
689 +2.628497693e+00 +2.628497693e+00 -4.594615023e+02 -4.620900000e+02 -3.4002e+00 +2.2946e+00 +2.2098e+00
789 +1.589182291e+00 +1.589182291e+00 -4.605008177e+02 -4.620900000e+02 -3.3739e+00 +2.2946e+00 +2.2098e+00
3551 +1.465990227e+00 +1.465990227e+00 -4.606240098e+02 -4.620900000e+02 -3.3695e+00 +2.2946e+00 +2.2098e+00
7755 +9.426636572e-02 +9.426636572e-02 -4.619957336e+02 -4.620900000e+02 -2.3224e+00 +2.2924e+00 +2.2146e+00
9555 +1.438820040e-02 +1.438820040e-02 -4.620756118e+02 -4.620900000e+02 -2.3488e+00 +2.3017e+00 +2.2146e+00
28130 +8.566226081e-03 +8.566226081e-03 -4.620814338e+02 -4.620900000e+02 -2.3361e+00 +2.3017e+00 +2.2146e+00
29172 +3.767144074e-03 +3.767144074e-03 -4.620862329e+02 -4.620900000e+02 -2.3399e+00 +2.3017e+00 +2.2146e+00
42274 +2.028853254e-03 +2.028853254e-03 -4.620879711e+02 -4.620900000e+02 -2.3407e+00 +2.3017e+00 +2.2140e+00
64837 +4.956873028e-04 +4.956873028e-04 -4.620895043e+02 -4.620900000e+02 -2.3399e+00 +2.3001e+00 +2.2140e+00
65482 +3.640763254e-04 +3.640763254e-04 -4.620896359e+02 -4.620900000e+02 -2.3405e+00 +2.3001e+00 +2.2140e+00
153031 +1.948154182e-04 +1.948154182e-04 -4.620898052e+02 -4.620900000e+02 -2.3407e+00 +2.3001e+00 +2.2133e+00
200365 +3.190790477e-05 +3.190790477e-05 -4.620899681e+02 -4.620900000e+02 -2.3407e+00 +2.3001e+00 +2.2137e+00
% function evaluation | noise-free fitness - Fopt (7.766000000000e+01) | best noise-free fitness - Fopt | measured fitness | best measured fitness | x1 | x2...
1 +1.724249097e+01 +1.724249097e+01 +9.490249097e+01 +7.766000000e+01 +1.6612e+00 -8.1126e-01 -9.0002e-01
96 +1.378734067e+01 +1.378734067e+01 +9.144734067e+01 +7.766000000e+01 +4.3011e+00 -1.4200e+00 -1.5460e+00
468 +9.761910980e+00 +9.761910980e+00 +8.742191098e+01 +7.766000000e+01 +3.4454e+00 -1.5428e+00 -8.5645e-01
1111 +3.762335388e+00 +3.762335388e+00 +8.142233539e+01 +7.766000000e+01 +3.4454e+00 -8.9004e-01 -1.2594e+00
1942 +2.320502359e+00 +2.320502359e+00 +7.998050236e+01 +7.766000000e+01 +3.4150e+00 -8.9004e-01 -1.2594e+00
3973 +1.342794447e+00 +1.342794447e+00 +7.900279445e+01 +7.766000000e+01 +2.4678e+00 -8.2711e-01 -1.2777e+00
11115 +8.901933297e-01 +8.901933297e-01 +7.855019333e+01 +7.766000000e+01 +2.4405e+00 -8.2692e-01 -1.2657e+00
11499 +4.523120943e-01 +4.523120943e-01 +7.811231209e+01 +7.766000000e+01 +2.4405e+00 -8.6535e-01 -1.2657e+00
17125 +2.456541204e-01 +2.456541204e-01 +7.790565412e+01 +7.766000000e+01 +2.3778e+00 -8.4325e-01 -1.2777e+00
23606 +5.521143319e-02 +5.521143319e-02 +7.771521143e+01 +7.766000000e+01 +2.3987e+00 -8.6191e-01 -1.2758e+00
28512 +3.767388694e-02 +3.767388694e-02 +7.769767389e+01 +7.766000000e+01 +2.4024e+00 -8.5467e-01 -1.2758e+00
30721 +2.235376850e-02 +2.235376850e-02 +7.768235377e+01 +7.766000000e+01 +2.3987e+00 -8.6191e-01 -1.2722e+00
41798 +4.477171894e-03 +4.477171894e-03 +7.766447717e+01 +7.766000000e+01 +2.3987e+00 -8.5301e-01 -1.2722e+00
69014 +1.725381942e-03 +1.725381942e-03 +7.766172538e+01 +7.766000000e+01 +2.3987e+00 -8.5761e-01 -1.2722e+00
78425 +2.737802638e-04 +2.737802638e-04 +7.766027378e+01 +7.766000000e+01 +2.3987e+00 -8.5549e-01 -1.2722e+00
147145 +1.735392580e-04 +1.735392580e-04 +7.766017354e+01 +7.766000000e+01 +2.3987e+00 -8.5630e-01 -1.2722e+00
171732 +7.764571288e-05 +7.764571288e-05 +7.766007765e+01 +7.766000000e+01 +2.3987e+00 -8.5630e-01 -1.2720e+00
238155 +5.760554224e-05 +5.760554224e-05 +7.766005761e+01 +7.766000000e+01 +2.3985e+00 -8.5630e-01 -1.2720e+00
% function evaluation | noise-free fitness - Fopt (1.156800000000e+02) | best noise-free fitness - Fopt | measured fitness | best measured fitness | x1 | x2...
1 +6.893912084e+02 +6.893912084e+02 +8.050712084e+02 +1.156800000e+02 -1.7909e+00 -4.8916e-01 +4.5926e+00
87 +1.576169259e+01 +1.576169259e+01 +1.314416926e+02 +1.156800000e+02 -2.4302e-01 -2.0499e+00 +8.3961e-01
537 +9.509519250e+00 +9.509519250e+00 +1.251895193e+02 +1.156800000e+02 -3.2524e+00 -1.6255e+00 +8.8982e-01
1849 +4.065060575e+00 +4.065060575e+00 +1.197450606e+02 +1.156800000e+02 -3.1161e+00 -1.6255e+00 +2.3805e-01
1941 +3.547003989e+00 +3.547003989e+00 +1.192270040e+02 +1.156800000e+02 -3.1161e+00 -1.0240e+00 +2.3805e-01
2209 +2.433484138e+00 +2.433484138e+00 +1.181134841e+02 +1.156800000e+02 -3.1534e+00 -1.0240e+00 +2.3805e-01
4371 +1.316831727e+00 +1.316831727e+00 +1.169968317e+02 +1.156800000e+02 -3.1534e+00 -9.7311e-01 +2.3805e-01
8119 +8.553034866e-01 +8.553034866e-01 +1.165353035e+02 +1.156800000e+02 -2.1221e+00 -9.6678e-01 +2.4809e-01
9058 +5.989120125e-01 +5.989120125e-01 +1.162789120e+02 +1.156800000e+02 -2.1293e+00 -9.8716e-01 +2.4809e-01
15350 +6.062980225e-02 +6.062980225e-02 +1.157406298e+02 +1.156800000e+02 -2.1657e+00 -9.8716e-01 +2.4809e-01
19552 +3.915833268e-02 +3.915833268e-02 +1.157191583e+02 +1.156800000e+02 -2.1679e+00 -9.8440e-01 +2.4809e-01
36323 +1.856618941e-02 +1.856618941e-02 +1.156985662e+02 +1.156800000e+02 -2.1751e+00 -9.8398e-01 +2.4809e-01
51606 +2.754572349e-03 +2.754572349e-03 +1.156827546e+02 +1.156800000e+02 -2.1757e+00 -9.8310e-01 +2.4568e-01
57011 +2.430926742e-03 +2.430926742e-03 +1.156824309e+02 +1.156800000e+02 -2.1763e+00 -9.8310e-01 +2.4568e-01
165896 +4.913212513e-04 +4.913212513e-04 +1.156804913e+02 +1.156800000e+02 -2.1800e+00 -9.8310e-01 +2.4477e-01
234854 +9.692648923e-05 +9.692648923e-05 +1.156800969e+02 +1.156800000e+02 -2.1791e+00 -9.8310e-01 +2.4477e-01
% function evaluation | noise-free fitness - Fopt (-3.710000000000e+00) | best noise-free fitness - Fopt | measured fitness | best measured fitness | x1 | x2...
1 +4.448756308e+02 +4.448756308e+02 +4.411656308e+02 -3.710000000e+00 +1.6794e+00 +4.3163e+00 +1.7001e+00
93 +3.238228962e+01 +3.238228962e+01 +2.867228962e+01 -3.710000000e+00 +2.1212e+00 -3.1343e+00 +1.0265e+00
184 +2.148940579e+01 +2.148940579e+01 +1.777940579e+01 -3.710000000e+00 +2.1212e+00 -3.8298e+00 +1.0265e+00
639 +1.550012659e+01 +1.550012659e+01 +1.179012659e+01 -3.710000000e+00 +2.1212e+00 -1.1924e+00 +1.8532e+00
1540 +8.329641096e+00 +8.329641096e+00 +4.619641096e+00 -3.710000000e+00 +2.1212e+00 -2.8381e+00 +1.8532e+00
2080 +4.666362811e+00 +4.666362811e+00 +9.563628112e-01 -3.710000000e+00 +2.1212e+00 -2.8381e+00 +1.4921e+00
2260 +3.774437845e+00 +3.774437845e+00 +6.443784451e-02 -3.710000000e+00 +2.1212e+00 -2.8381e+00 +1.4728e+00
3433 +2.425047636e+00 +2.425047636e+00 -1.284952364e+00 -3.710000000e+00 +3.1177e+00 -2.8521e+00 +1.4728e+00
4425 +1.380592914e+00 +1.380592914e+00 -2.329407086e+00 -3.710000000e+00 +3.1177e+00 -2.3220e+00 +1.7612e+00
8998 +7.014557995e-01 +7.014557995e-01 -3.008544201e+00 -3.710000000e+00 +3.1177e+00 -2.3180e+00 +1.7989e+00
10271 +3.807940586e-01 +3.807940586e-01 -3.329205941e+00 -3.710000000e+00 +3.1177e+00 -2.3180e+00 +1.7895e+00
10862 +1.243842479e-01 +1.243842479e-01 -3.585615752e+00 -3.710000000e+00 +3.1177e+00 -2.3057e+00 +1.7895e+00
13800 +6.481193229e-02 +6.481193229e-02 -3.645188068e+00 -3.710000000e+00 +3.1177e+00 -2.2928e+00 +1.7895e+00
23505 +6.241127574e-02 +6.241127574e-02 -3.647588724e+00 -3.710000000e+00 +3.1177e+00 -2.2967e+00 +1.7895e+00
31890 +3.965621264e-02 +3.965621264e-02 -3.670343787e+00 -3.710000000e+00 +3.1177e+00 -2.3031e+00 +1.7815e+00
40204 +1.318935823e-02 +1.318935823e-02 -3.696810642e+00 -3.710000000e+00 +3.1177e+00 -2.2984e+00 +1.7815e+00
41624 +6.604992024e-03 +6.604992024e-03 -3.703395008e+00 -3.710000000e+00 +3.1177e+00 -2.2947e+00 +1.7815e+00
67231 +5.626992769e-03 +5.626992769e-03 -3.704373007e+00 -3.710000000e+00 +3.1180e+00 -2.2947e+00 +1.7849e+00
85321 +1.762407559e-03 +1.762407559e-03 -3.708237592e+00 -3.710000000e+00 +3.1190e+00 -2.2947e+00 +1.7841e+00
96458 +4.735526982e-04 +4.735526982e-04 -3.709526447e+00 -3.710000000e+00 +3.1195e+00 -2.2947e+00 +1.7828e+00
120067 +2.744892941e-04 +2.744892941e-04 -3.709725511e+00 -3.710000000e+00 +3.1201e+00 -2.2951e+00 +1.7828e+00
143800 +3.901015650e-05 +3.901015650e-05 -3.709960990e+00 -3.710000000e+00 +3.1198e+00 -2.2951e+00 +1.7833e+00
174192 +2.213879877e-05 +2.213879877e-05 -3.709977861e+00 -3.710000000e+00 +3.1198e+00 -2.2951e+00 +1.7832e+00
209446 +1.428898768e-05 +1.428898768e-05 -3.709985711e+00 -3.710000000e+00 +3.1201e+00 -2.2951e+00 +1.7832e+00
% function evaluation | noise-free fitness - Fopt (1.321800000000e+02) | best noise-free fitness - Fopt | measured fitness | best measured fitness | x1 | x2...
1 +1.105636431e+02 +1.105636431e+02 +2.427436431e+02 +1.321800000e+02 +2.8151e+00 +2.7560e+00 +4.7655e+00
88 +3.166501302e+01 +3.166501302e+01 +1.638450130e+02 +1.321800000e+02 -2.6361e+00 +2.3343e+00 +2.7785e+00
177 +2.139782531e+01 +2.139782531e+01 +1.535778253e+02 +1.321800000e+02 -3.8505e+00 +1.6931e+00 +4.0738e+00
267 +9.527888661e+00 +9.527888661e+00 +1.417078887e+02 +1.321800000e+02 -3.8505e+00 +3.8688e-01 +4.0738e+00
539 +6.231795223e+00 +6.231795223e+00 +1.384117952e+02 +1.321800000e+02 -3.8505e+00 +8.8189e-01 +2.7785e+00
729 +2.248850742e+00 +2.248850742e+00 +1.344288507e+02 +1.321800000e+02 -3.8505e+00 +8.8189e-01 +3.4584e+00
1455 +1.259077795e+00 +1.259077795e+00 +1.334390778e+02 +1.321800000e+02 -3.8505e+00 +1.4785e+00 +3.4584e+00
2074 +3.509883176e-02 +3.509883176e-02 +1.322150988e+02 +1.321800000e+02 -3.7674e+00 +1.4785e+00 +3.4584e+00
4304 +1.681255787e-02 +1.681255787e-02 +1.321968126e+02 +1.321800000e+02 -3.7674e+00 +1.4785e+00 +3.4629e+00
18087 +1.547437282e-02 +1.547437282e-02 +1.321954744e+02 +1.321800000e+02 -3.7674e+00 +1.4785e+00 +3.4606e+00
18187 +8.537213793e-03 +8.537213793e-03 +1.321885372e+02 +1.321800000e+02 -3.7674e+00 +1.4807e+00 +3.4601e+00
26942 +6.222878734e-03 +6.222878734e-03 +1.321862229e+02 +1.321800000e+02 -3.7629e+00 +1.4807e+00 +3.4601e+00
43331 +3.107634782e-03 +3.107634782e-03 +1.321831076e+02 +1.321800000e+02 -3.7629e+00 +1.4807e+00 +3.4608e+00
44468 +1.904570723e-03 +1.904570723e-03 +1.321819046e+02 +1.321800000e+02 -3.7629e+00 +1.4814e+00 +3.4608e+00
98721 +1.558001172e-03 +1.558001172e-03 +1.321815580e+02 +1.321800000e+02 -3.7629e+00 +1.4830e+00 +3.4608e+00
200971 +6.564053365e-04 +6.564053365e-04 +1.321806564e+02 +1.321800000e+02 -3.7631e+00 +1.4823e+00 +3.4621e+00
229996 +5.016247203e-04 +5.016247203e-04 +1.321805016e+02 +1.321800000e+02 -3.7641e+00 +1.4823e+00 +3.4621e+00
% function evaluation | noise-free fitness - Fopt (-4.174000000000e+01) | best noise-free fitness - Fopt | measured fitness | best measured fitness | x1 | x2...
1 +1.071000574e+02 +1.071000574e+02 +6.536005738e+01 -4.174000000e+01 -2.9913e+00 -1.4194e+00 -1.7530e+00
86 +2.309288841e+01 +2.309288841e+01 -1.864711159e+01 -4.174000000e+01 +3.6022e+00 -1.2597e+00 -4.5773e-01
175 +9.063062857e+00 +9.063062857e+00 -3.267693714e+01 -4.174000000e+01 +1.0250e+00 -2.4691e+00 -1.0858e-01
347 +5.853935602e+00 +5.853935602e+00 -3.588606440e+01 -4.174000000e+01 +3.2626e+00 -2.4691e+00 -1.0858e-01
520 +3.754167196e+00 +3.754167196e+00 -3.798583280e+01 -4.174000000e+01 +3.1840e+00 -2.4691e+00 -4.3178e-01
1410 +2.393549301e+00 +2.393549301e+00 -3.934645070e+01 -4.174000000e+01 +3.1392e+00 -2.4428e+00 -1.0858e-01
2132 +1.097355623e+00 +1.097355623e+00 -4.064264438e+01 -4.174000000e+01 +3.1392e+00 -1.8214e+00 -1.6027e-01
2493 +5.935182422e-01 +5.935182422e-01 -4.114648176e+01 -4.174000000e+01 +3.1392e+00 -1.8214e+00 -1.1939e-01
2760 +3.022696144e-01 +3.022696144e-01 -4.143773039e+01 -4.174000000e+01 +3.1392e+00 -1.8214e+00 -1.4790e-01
3131 +2.030958711e-01 +2.030958711e-01 -4.153690413e+01 -4.174000000e+01 +3.1392e+00 -1.8347e+00 -1.4790e-01
9384 +1.523973391e-01 +1.523973391e-01 -4.158760266e+01 -4.174000000e+01 +3.1392e+00 -1.8347e+00 -1.2863e-01
9651 +2.508226218e-02 +2.508226218e-02 -4.171491774e+01 -4.174000000e+01 +3.1392e+00 -1.8347e+00 -1.3488e-01
13754 +1.204652929e-02 +1.204652929e-02 -4.172795347e+01 -4.174000000e+01 +3.1301e+00 -1.8347e+00 -1.3488e-01
76530 +5.517370562e-03 +5.517370562e-03 -4.173448263e+01 -4.174000000e+01 +3.1264e+00 -1.8347e+00 -1.3780e-01
92806 +1.230383629e-03 +1.230383629e-03 -4.173876962e+01 -4.174000000e+01 +3.1301e+00 -1.8342e+00 -1.3833e-01
95558 +5.785568997e-04 +5.785568997e-04 -4.173942144e+01 -4.174000000e+01 +3.1329e+00 -1.8342e+00 -1.3780e-01
107790 +1.171311419e-04 +1.171311419e-04 -4.173988287e+01 -4.174000000e+01 +3.1309e+00 -1.8342e+00 -1.3780e-01
187417 +9.780451515e-05 +9.780451515e-05 -4.173990220e+01 -4.174000000e+01 +3.1312e+00 -1.8342e+00 -1.3780e-01
% function evaluation | noise-free fitness - Fopt (-4.948600000000e+02) | best noise-free fitness - Fopt | measured fitness | best measured fitness | x1 | x2...
1 +5.579770564e+02 +5.579770564e+02 +6.311705640e+01 -4.948600000e+02 +4.1670e-01 -2.0814e+00 -3.7079e+00
96 +2.934265499e+01 +2.934265499e+01 -4.655173450e+02 -4.948600000e+02 -7.1230e-01 -2.2862e+00 +3.2281e+00
191 +2.243794978e+01 +2.243794978e+01 -4.724220502e+02 -4.948600000e+02 -7.1230e-01 -2.2862e+00 +4.2536e+00
569 +1.264444512e+01 +1.264444512e+01 -4.822155549e+02 -4.948600000e+02 -7.1230e-01 -1.1816e+00 +3.8765e+00
764 +9.796129767e+00 +9.796129767e+00 -4.850638702e+02 -4.948600000e+02 -2.7994e+00 -1.5988e+00 +3.8765e+00
950 +5.189628922e+00 +5.189628922e+00 -4.896703711e+02 -4.948600000e+02 -2.7994e+00 -1.7319e+00 +3.1297e+00
1337 +3.177047148e+00 +3.177047148e+00 -4.916829529e+02 -4.948600000e+02 -2.7994e+00 -1.1816e+00 +3.5193e+00
1435 +2.281811513e+00 +2.281811513e+00 -4.925781885e+02 -4.948600000e+02 -2.7994e+00 -1.7319e+00 +3.5193e+00
3635 +1.580378915e+00 +1.580378915e+00 -4.932796211e+02 -4.948600000e+02 -2.7994e+00 -1.0997e+00 +3.5193e+00
9729 +7.407443295e-01 +7.407443295e-01 -4.941192557e+02 -4.948600000e+02 -2.7429e+00 -1.0888e+00 +3.8247e+00
9829 +5.600391833e-01 +5.600391833e-01 -4.942999608e+02 -4.948600000e+02 -2.7724e+00 -1.0888e+00 +3.8247e+00
13663 +2.664124166e-01 +2.664124166e-01 -4.945935876e+02 -4.948600000e+02 -2.7724e+00 -1.1020e+00 +3.8247e+00
13762 +1.573249918e-02 +1.573249918e-02 -4.948442675e+02 -4.948600000e+02 -2.7724e+00 -1.1208e+00 +3.8247e+00
34076 +4.837266803e-03 +4.837266803e-03 -4.948551627e+02 -4.948600000e+02 -2.7729e+00 -1.1208e+00 +3.8219e+00
141246 +8.149261632e-04 +8.149261632e-04 -4.948591851e+02 -4.948600000e+02 -2.7752e+00 -1.1226e+00 +3.8229e+00
169480 +5.777721465e-04 +5.777721465e-04 -4.948594222e+02 -4.948600000e+02 -2.7752e+00 -1.1232e+00 +3.8229e+00
235617 +1.050713950e-04 +1.050713950e-04 -4.948598949e+02 -4.948600000e+02 -2.7744e+00 -1.1232e+00 +3.8227e+00
% function evaluation | noise-free fitness - Fopt (3.484000000000e+02) | best noise-free fitness - Fopt | measured fitness | best measured fitness | x1 | x2...
1 +1.736001450e+02 +1.736001450e+02 +5.220001450e+02 +3.484000000e+02 -1.5194e+00 +2.0000e+00 -4.7821e+00
97 +2.248588017e+01 +2.248588017e+01 +3.708858802e+02 +3.484000000e+02 -2.2842e-02 +2.6153e+00 -1.0695e+00
370 +1.476200655e+01 +1.476200655e+01 +3.631620065e+02 +3.484000000e+02 -1.8871e+00 +1.3566e+00 -1.0100e+00
554 +8.646966840e+00 +8.646966840e+00 +3.570469668e+02 +3.484000000e+02 -3.8636e+00 +6.7188e-01 -1.0100e+00
1371 +6.152692932e+00 +6.152692932e+00 +3.545526929e+02 +3.484000000e+02 -3.8636e+00 +5.9695e-01 -1.0100e+00
3772 +3.923976262e+00 +3.923976262e+00 +3.523239763e+02 +3.484000000e+02 -2.9380e+00 +5.9695e-01 -1.0100e+00
7140 +2.347812482e+00 +2.347812482e+00 +3.507478125e+02 +3.484000000e+02 -3.0031e+00 +6.0861e-01 -1.0043e+00
8720 +1.113136326e+00 +1.113136326e+00 +3.495131363e+02 +3.484000000e+02 -1.9987e+00 +6.0861e-01 -1.0228e+00
10933 +2.405087219e-01 +2.405087219e-01 +3.486405087e+02 +3.484000000e+02 -1.9736e+00 +5.9695e-01 -1.3857e+00
13958 +3.527251157e-02 +3.527251157e-02 +3.484352725e+02 +3.484000000e+02 -1.9987e+00 +5.9695e-01 -1.3857e+00
18519 +7.963796208e-03 +7.963796208e-03 +3.484079638e+02 +3.484000000e+02 -2.0155e+00 +5.9695e-01 -1.3857e+00
23632 +3.759209747e-03 +3.759209747e-03 +3.484037592e+02 +3.484000000e+02 -2.0103e+00 +5.9695e-01 -1.3857e+00
134949 +9.073125142e-04 +9.073125142e-04 +3.484009073e+02 +3.484000000e+02 -2.0110e+00 +5.9695e-01 -1.3865e+00
135424 +1.660816569e-04 +1.660816569e-04 +3.484001661e+02 +3.484000000e+02 -2.0103e+00 +5.9695e-01 -1.3872e+00
140033 +9.962350003e-05 +9.962350003e-05 +3.484000996e+02 +3.484000000e+02 -2.0110e+00 +5.9695e-01 -1.3874e+00
158252 +2.766333483e-05 +2.766333483e-05 +3.484000277e+02 +3.484000000e+02 -2.0110e+00 +5.9695e-01 -1.3872e+00
% function evaluation | noise-free fitness - Fopt (3.770000000000e+00) | best noise-free fitness - Fopt | measured fitness | best measured fitness | x1 | x2...
1 +2.263409509e+03 +2.263409509e+03 +2.267179509e+03 +3.770000000e+00 -4.4977e+00 -7.9756e-02 +2.8399e+00
99 +1.861307944e+01 +1.861307944e+01 +2.238307944e+01 +3.770000000e+00 +9.3320e-01 -1.2910e+00 -2.5424e+00
194 +1.561929230e+01 +1.561929230e+01 +1.938929230e+01 +3.770000000e+00 +3.0355e+00 -3.1367e+00 -3.9105e+00
388 +9.954121278e+00 +9.954121278e+00 +1.372412128e+01 +3.770000000e+00 +3.0211e+00 -3.1367e+00 -2.5147e+00
1745 +6.306890073e+00 +6.306890073e+00 +1.007689007e+01 +3.770000000e+00 +3.0211e+00 -3.1367e+00 -3.1406e+00
2225 +3.155402968e+00 +3.155402968e+00 +6.925402968e+00 +3.770000000e+00 +2.8756e+00 -2.5941e+00 -3.1406e+00
2417 +2.426402376e+00 +2.426402376e+00 +6.196402376e+00 +3.770000000e+00 +2.9470e+00 -2.5941e+00 -3.1406e+00
3192 +1.127677402e+00 +1.127677402e+00 +4.897677402e+00 +3.770000000e+00 +2.9470e+00 -2.0208e+00 -3.1406e+00
3966 +2.964708423e-01 +2.964708423e-01 +4.066470842e+00 +3.770000000e+00 +2.9470e+00 -2.0208e+00 -3.1559e+00
9510 +1.384662035e-01 +1.384662035e-01 +3.908466204e+00 +3.770000000e+00 +2.9470e+00 -2.0533e+00 -3.1625e+00
10704 +4.164106752e-02 +4.164106752e-02 +3.811641068e+00 +3.770000000e+00 +2.9470e+00 -2.0470e+00 -3.1625e+00
10799 +3.714068798e-03 +3.714068798e-03 +3.773714069e+00 +3.770000000e+00 +2.9432e+00 -2.0389e+00 -3.1625e+00
23677 +6.080782824e-04 +6.080782824e-04 +3.770608078e+00 +3.770000000e+00 +2.9432e+00 -2.0389e+00 -3.1637e+00
70921 +3.767428896e-04 +3.767428896e-04 +3.770376743e+00 +3.770000000e+00 +2.9426e+00 -2.0389e+00 -3.1643e+00
112360 +1.739581218e-04 +1.739581218e-04 +3.770173958e+00 +3.770000000e+00 +2.9420e+00 -2.0389e+00 -3.1642e+00
117365 +1.116829608e-04 +1.116829608e-04 +3.770111683e+00 +3.770000000e+00 +2.9420e+00 -2.0392e+00 -3.1638e+00
195781 +7.816953977e-05 +7.816953977e-05 +3.770078170e+00 +3.770000000e+00 +2.9415e+00 -2.0392e+00 -3.1638e+00
% function evaluation | noise-free fitness - Fopt (3.770000000000e+01) | best noise-free fitness - Fopt | measured fitness | best measured fitness | x1 | x2...
1 +4.333572942e+01 +4.333572942e+01 +8.103572942e+01 +3.770000000e+01 +3.3623e+00 -8.0640e-01 -2.6240e+00
96 +3.109109324e+01 +3.109109324e+01 +6.879109324e+01 +3.770000000e+01 -1.9680e+00 -1.9096e+00 -1.8704e+00
277 +2.429222082e+01 +2.429222082e+01 +6.199222082e+01 +3.770000000e+01 +3.9293e-01 -3.4744e+00 -2.2277e+00
370 +1.452501918e+01 +1.452501918e+01 +5.222501918e+01 +3.770000000e+01 +2.1872e+00 -3.0004e+00 -1.8704e+00
545 +8.647942425e+00 +8.647942425e+00 +4.634794243e+01 +3.770000000e+01 +3.1581e+00 -3.0004e+00 -2.2277e+00
630 +5.561935728e+00 +5.561935728e+00 +4.326193573e+01 +3.770000000e+01 +1.0108e+00 -3.0004e+00 -2.2277e+00
806 +3.819827673e+00 +3.819827673e+00 +4.151982767e+01 +3.770000000e+01 +9.9367e-02 -3.0004e+00 -2.5974e+00
1968 +2.484054925e+00 +2.484054925e+00 +4.018405492e+01 +3.770000000e+01 +1.1105e+00 -2.4040e+00 -2.5974e+00
2392 +9.328740465e-01 +9.328740465e-01 +3.863287405e+01 +3.770000000e+01 +1.1526e+00 -2.3638e+00 -2.5974e+00
3822 +4.579659140e-01 +4.579659140e-01 +3.815796591e+01 +3.770000000e+01 +1.1379e+00 -2.3638e+00 -2.6117e+00
4282 +3.350859559e-01 +3.350859559e-01 +3.803508596e+01 +3.770000000e+01 +1.1057e+00 -2.3638e+00 -2.6117e+00
4373 +1.679437671e-01 +1.679437671e-01 +3.786794377e+01 +3.770000000e+01 +1.1379e+00 -2.3488e+00 -2.6117e+00
9358 +5.627358501e-02 +5.627358501e-02 +3.775627359e+01 +3.770000000e+01 +1.1153e+00 -2.3508e+00 -2.6117e+00
13711 +3.500215847e-02 +3.500215847e-02 +3.773500216e+01 +3.770000000e+01 +1.1153e+00 -2.3488e+00 -2.6117e+00
15865 +4.872903893e-03 +4.872903893e-03 +3.770487290e+01 +3.770000000e+01 +1.1176e+00 -2.3393e+00 -2.6117e+00
20690 +7.343951867e-04 +7.343951867e-04 +3.770073440e+01 +3.770000000e+01 +1.1153e+00 -2.3410e+00 -2.6117e+00
21057 +3.255853173e-04 +3.255853173e-04 +3.770032559e+01 +3.770000000e+01 +1.1127e+00 -2.3410e+00 -2.6117e+00
101997 +2.135659596e-04 +2.135659596e-04 +3.770021357e+01 +3.770000000e+01 +1.1129e+00 -2.3410e+00 -2.6122e+00
131264 +1.340856231e-04 +1.340856231e-04 +3.770013409e+01 +3.770000000e+01 +1.1133e+00 -2.3410e+00 -2.6122e+00
% function evaluation | noise-free fitness - Fopt (6.956900000000e+02) | best noise-free fitness - Fopt | measured fitness | best measured fitness | x1 | x2...
1 +3.141400207e+02 +3.141400207e+02 +1.009830021e+03 +6.956900000e+02 +4.9893e+00 -6.2082e-01 -4.1111e-01
98 +2.776361604e+01 +2.776361604e+01 +7.234536160e+02 +6.956900000e+02 -2.4047e-01 -3.8604e+00 -4.5698e+00
198 +1.950531113e+01 +1.950531113e+01 +7.151953111e+02 +6.956900000e+02 -3.1447e-01 -3.1123e+00 -3.3899e+00
297 +1.536065074e+01 +1.536065074e+01 +7.110506507e+02 +6.956900000e+02 -3.1447e-01 -3.8604e+00 -2.7084e+00
397 +6.884224486e+00 +6.884224486e+00 +7.025742245e+02 +6.956900000e+02 -2.2912e+00 -3.8604e+00 -2.7084e+00
493 +3.557664181e+00 +3.557664181e+00 +6.992476642e+02 +6.956900000e+02 -4.3136e+00 -3.8604e+00 -3.3899e+00
1188 +2.328354159e+00 +2.328354159e+00 +6.980183542e+02 +6.956900000e+02 -3.3147e+00 -3.8604e+00 -3.3899e+00
2469 +1.542179701e+00 +1.542179701e+00 +6.972321797e+02 +6.956900000e+02 -3.3147e+00 -3.8604e+00 -3.3509e+00
14977 +8.862061989e-01 +8.862061989e-01 +6.965762062e+02 +6.956900000e+02 -3.3043e+00 -3.2209e+00 -3.3558e+00
22261 +2.430900546e-02 +2.430900546e-02 +6.957143090e+02 +6.956900000e+02 -3.2871e+00 -3.2556e+00 -3.3621e+00
37556 +6.566487006e-03 +6.566487006e-03 +6.956965665e+02 +6.956900000e+02 -3.2886e+00 -3.2584e+00 -3.3669e+00
55761 +5.583096652e-03 +5.583096652e-03 +6.956955831e+02 +6.956900000e+02 -3.2813e+00 -3.2584e+00 -3.3669e+00
64649 +3.928225722e-03 +3.928225722e-03 +6.956939282e+02 +6.956900000e+02 -3.2867e+00 -3.2584e+00 -3.3669e+00
70577 +2.253326452e-03 +2.253326452e-03 +6.956922533e+02 +6.956900000e+02 -3.2857e+00 -3.2584e+00 -3.3646e+00
133370 +6.396390794e-04 +6.396390794e-04 +6.956906396e+02 +6.956900000e+02 -3.2847e+00 -3.2584e+00 -3.3661e+00
176723 +3.510068381e-04 +3.510068381e-04 +6.956903510e+02 +6.956900000e+02 -3.2847e+00 -3.2584e+00 -3.3660e+00
189188 +6.037706487e-05 +6.037706487e-05 +6.956900604e+02 +6.956900000e+02 -3.2847e+00 -3.2584e+00 -3.3654e+00
% function evaluation | noise-free fitness - Fopt (-1.180300000000e+02) | best noise-free fitness - Fopt | measured fitness | best measured fitness | x1 | x2...
1 +6.928774633e+02 +6.928774633e+02 +5.748474633e+02 -1.180300000e+02 +1.4851e+00 -5.1414e-01 +3.9556e+00
87 +1.780673659e+01 +1.780673659e+01 -1.002232634e+02 -1.180300000e+02 -1.2287e+00 +2.8276e+00 +3.7362e-01
179 +8.219560711e+00 +8.219560711e+00 -1.098104393e+02 -1.180300000e+02 -1.1038e+00 +4.6221e+00 -9.7591e-01
270 +4.239762210e+00 +4.239762210e+00 -1.137902378e+02 -1.180300000e+02 -1.1038e+00 +3.5647e+00 -9.7591e-01
443 +2.300588482e+00 +2.300588482e+00 -1.157294115e+02 -1.180300000e+02 -2.0905e+00 +3.5647e+00 +1.0128e-01
619 +1.333933857e+00 +1.333933857e+00 -1.166960661e+02 -1.180300000e+02 -1.1038e+00 +3.5647e+00 +1.0128e-01
1330 +5.498643120e-01 +5.498643120e-01 -1.174801357e+02 -1.180300000e+02 -1.1038e+00 +3.5647e+00 -2.9354e-01
2204 +2.424649305e-01 +2.424649305e-01 -1.177875351e+02 -1.180300000e+02 -1.1038e+00 +3.5647e+00 -2.8748e-01
2836 +1.502045050e-01 +1.502045050e-01 -1.178797955e+02 -1.180300000e+02 -1.0915e+00 +3.5647e+00 -2.8748e-01
4273 +7.470029378e-03 +7.470029378e-03 -1.180225300e+02 -1.180300000e+02 -1.0730e+00 +3.5647e+00 -2.7828e-01
57227 +1.559447674e-03 +1.559447674e-03 -1.180284406e+02 -1.180300000e+02 -1.0760e+00 +3.5656e+00 -2.7956e-01
89891 +2.218729918e-04 +2.218729918e-04 -1.180297781e+02 -1.180300000e+02 -1.0778e+00 +3.5656e+00 -2.7890e-01
130899 +8.781515508e-05 +8.781515508e-05 -1.180299122e+02 -1.180300000e+02 -1.0784e+00 +3.5656e+00 -2.7900e-01
% function evaluation | noise-free fitness - Fopt (4.816000000000e+01) | best noise-free fitness - Fopt | measured fitness | best measured fitness | x1 | x2...
1 +1.576863636e+03 +1.576863636e+03 +1.625023636e+03 +4.816000000e+01 +8.0411e-01 +2.8964e+00 +2.0316e+00
88 +2.644967294e+01 +2.644967294e+01 +7.460967294e+01 +4.816000000e+01 -4.7395e-01 -2.3459e+00 -4.4408e+00
282 +1.671014042e+01 +1.671014042e+01 +6.487014042e+01 +4.816000000e+01 +1.0786e+00 -1.2437e+00 -2.8450e+00
480 +1.434743344e+01 +1.434743344e+01 +6.250743344e+01 +4.816000000e+01 +3.2317e-01 -1.2437e+00 -4.4408e+00
1463 +9.252552602e+00 +9.252552602e+00 +5.741255260e+01 +4.816000000e+01 -7.1835e-01 -1.2437e+00 -3.1231e+00
1656 +5.258506073e+00 +5.258506073e+00 +5.341850607e+01 +4.816000000e+01 +1.2594e+00 -1.2437e+00 -3.1231e+00
2137 +3.310970057e+00 +3.310970057e+00 +5.147097006e+01 +4.816000000e+01 +1.2594e+00 -1.2893e+00 -3.1231e+00
2628 +2.444637109e+00 +2.444637109e+00 +5.060463711e+01 +4.816000000e+01 +1.2594e+00 -1.3348e+00 -3.1231e+00
3510 +1.538198295e+00 +1.538198295e+00 +4.969819829e+01 +4.816000000e+01 +1.2594e+00 -7.3525e-01 -3.1231e+00
9166 +8.456867723e-01 +8.456867723e-01 +4.900568677e+01 +4.816000000e+01 +1.3251e+00 -7.2186e-01 -3.5024e+00
9263 +2.541677273e-01 +2.541677273e-01 +4.841416773e+01 +4.816000000e+01 +1.3100e+00 -7.4760e-01 -3.5024e+00
12038 +1.096211067e-01 +1.096211067e-01 +4.826962111e+01 +4.816000000e+01 +1.3086e+00 -7.4125e-01 -3.4858e+00
18724 +5.632246475e-02 +5.632246475e-02 +4.821632246e+01 +4.816000000e+01 +1.3058e+00 -7.4760e-01 -3.4858e+00
19102 +3.878614500e-02 +3.878614500e-02 +4.819878614e+01 +4.816000000e+01 +1.3058e+00 -7.4760e-01 -3.4873e+00
48338 +6.066504856e-03 +6.066504856e-03 +4.816606650e+01 +4.816000000e+01 +1.3058e+00 -7.5032e-01 -3.4905e+00
48527 +2.323061324e-03 +2.323061324e-03 +4.816232306e+01 +4.816000000e+01 +1.3037e+00 -7.5032e-01 -3.4905e+00
65767 +1.395372688e-03 +1.395372688e-03 +4.816139537e+01 +4.816000000e+01 +1.3029e+00 -7.5032e-01 -3.4907e+00
165666 +9.985748938e-04 +9.985748938e-04 +4.816099857e+01 +4.816000000e+01 +1.3002e+00 -7.5032e-01 -3.4905e+00
204107 +7.383850537e-06 +7.383850537e-06 +4.816000738e+01 +4.816000000e+01 +1.3008e+00 -7.5035e-01 -3.4911e+00
% function evaluation | noise-free fitness - Fopt (8.384000000000e+01) | best noise-free fitness - Fopt | measured fitness | best measured fitness | x1 | x2...
1 +1.349606517e+02 +1.349606517e+02 +2.188006517e+02 +8.384000000e+01 -2.0772e+00 -1.4547e+00 -2.2424e+00
73 +2.673239685e+01 +2.673239685e+01 +1.105723968e+02 +8.384000000e+01 -3.5375e+00 +3.0239e+00 -2.4253e+00
159 +2.345013355e+01 +2.345013355e+01 +1.072901335e+02 +8.384000000e+01 -3.5375e+00 +3.0239e+00 -1.9947e+00
328 +1.481996903e+01 +1.481996903e+01 +9.865996903e+01 +8.384000000e+01 -3.5375e+00 +3.0239e+00 -1.6810e+00
575 +7.376812445e+00 +7.376812445e+00 +9.121681244e+01 +8.384000000e+01 -2.7251e+00 +4.0901e+00 -1.0183e+00
1921 +6.050741975e+00 +6.050741975e+00 +8.989074198e+01 +8.384000000e+01 -2.7251e+00 +3.4452e+00 -1.0266e+00
2588 +3.624554487e+00 +3.624554487e+00 +8.746455449e+01 +8.384000000e+01 -2.6387e+00 +3.4660e+00 -1.0266e+00
3327 +2.421139073e+00 +2.421139073e+00 +8.626113907e+01 +8.384000000e+01 -2.6387e+00 +2.8820e+00 -1.4107e+00
6026 +1.266297648e+00 +1.266297648e+00 +8.510629765e+01 +8.384000000e+01 -1.6365e+00 +3.4664e+00 -1.4252e+00
6912 +5.186604087e-01 +5.186604087e-01 +8.435866041e+01 +8.384000000e+01 -1.6365e+00 +3.4851e+00 -1.4252e+00
7001 +3.207696171e-01 +3.207696171e-01 +8.416076962e+01 +8.384000000e+01 -1.6365e+00 +3.4994e+00 -1.4252e+00
7270 +1.593808685e-01 +1.593808685e-01 +8.399938087e+01 +8.384000000e+01 -1.6588e+00 +3.4994e+00 -1.4252e+00
7624 +1.445556461e-01 +1.445556461e-01 +8.398455565e+01 +8.384000000e+01 -1.6588e+00 +3.4994e+00 -1.4247e+00
7717 +1.570443961e-02 +1.570443961e-02 +8.385570444e+01 +8.384000000e+01 -1.6588e+00 +3.4994e+00 -1.4159e+00
13075 +1.425898303e-03 +1.425898303e-03 +8.384142590e+01 +8.384000000e+01 -1.6664e+00 +3.5025e+00 -1.4159e+00
101828 +8.479902598e-04 +8.479902598e-04 +8.384084799e+01 +8.384000000e+01 -1.6657e+00 +3.5038e+00 -1.4159e+00
108207 +5.974084172e-04 +5.974084172e-04 +8.384059741e+01 +8.384000000e+01 -1.6627e+00 +3.5038e+00 -1.4159e+00
111187 +2.977274867e-04 +2.977274867e-04 +8.384029773e+01 +8.384000000e+01 -1.6643e+00 +3.5038e+00 -1.4159e+00
194797 +4.669871578e-05 +4.669871578e-05 +8.384004670e+01 +8.384000000e+01 -1.6639e+00 +3.5035e+00 -1.4161e+00
264327 +2.749016272e-05 +2.749016272e-05 +8.384002749e+01 +8.384000000e+01 -1.6640e+00 +3.5034e+00 -1.4161e+00
% function evaluation | noise-free fitness - Fopt (1.536000000000e+01) | best noise-free fitness - Fopt | measured fitness | best measured fitness | x1 | x2...
1 +2.154829395e+03 +2.154829395e+03 +2.170189395e+03 +1.536000000e+01 +3.9492e+00 -4.7942e+00 +2.8395e+00
91 +1.297085492e+01 +1.297085492e+01 +2.833085492e+01 +1.536000000e+01 +7.9403e-01 +5.0314e-01 -2.6488e+00
284 +8.841417246e+00 +8.841417246e+00 +2.420141725e+01 +1.536000000e+01 +1.7170e+00 +1.1028e+00 -2.6325e+00
382 +4.555472727e+00 +4.555472727e+00 +1.991547273e+01 +1.536000000e+01 +2.7373e+00 +1.1028e+00 -3.3874e+00
952 +3.654489014e+00 +3.654489014e+00 +1.901448901e+01 +1.536000000e+01 +7.9403e-01 +1.1028e+00 -3.0881e+00
2376 +2.407881474e+00 +2.407881474e+00 +1.776788147e+01 +1.536000000e+01 +7.9403e-01 +1.6239e+00 -3.3781e+00
3698 +1.278470867e+00 +1.278470867e+00 +1.663847087e+01 +1.536000000e+01 +7.6339e-01 +1.6239e+00 -3.0681e+00
8961 +2.113728026e-01 +2.113728026e-01 +1.557137280e+01 +1.536000000e+01 +1.7942e+00 +1.6484e+00 -3.0754e+00
9536 +1.201018319e-01 +1.201018319e-01 +1.548010183e+01 +1.536000000e+01 +1.7853e+00 +1.6484e+00 -3.0754e+00
12195 +7.722959645e-02 +7.722959645e-02 +1.543722960e+01 +1.536000000e+01 +1.7824e+00 +1.6353e+00 -3.0681e+00
12744 +4.757434037e-02 +4.757434037e-02 +1.540757434e+01 +1.536000000e+01 +1.7787e+00 +1.6504e+00 -3.0710e+00
13744 +3.751608125e-02 +3.751608125e-02 +1.539751608e+01 +1.536000000e+01 +1.7787e+00 +1.6396e+00 -3.0681e+00
23928 +5.700106209e-03 +5.700106209e-03 +1.536570011e+01 +1.536000000e+01 +1.7716e+00 +1.6461e+00 -3.0710e+00
39693 +1.590084878e-03 +1.590084878e-03 +1.536159008e+01 +1.536000000e+01 +1.7716e+00 +1.6440e+00 -3.0708e+00
40901 +1.320780953e-03 +1.320780953e-03 +1.536132078e+01 +1.536000000e+01 +1.7716e+00 +1.6429e+00 -3.0708e+00
50816 +9.457997637e-04 +9.457997637e-04 +1.536094580e+01 +1.536000000e+01 +1.7716e+00 +1.6429e+00 -3.0703e+00
60923 +1.578583334e-04 +1.578583334e-04 +1.536015786e+01 +1.536000000e+01 +1.7689e+00 +1.6429e+00 -3.0703e+00
99959 +8.814860029e-05 +8.814860029e-05 +1.536008815e+01 +1.536000000e+01 +1.7699e+00 +1.6429e+00 -3.0703e+00
