% function evaluation | noise-free fitness - Fopt (7.948000000000e+01) | best noise-free fitness - Fopt | measured fitness | best measured fitness | x1 | x2...
1 +3.497584468e+01 +3.497584468e+01 +1.144558447e+02 +7.948000000e+01 +3.3981e+00 -1.2867e+00 +1.6437e-01 -1.4920e+00 +8.6766e-01
89 +6.584323464e+00 +6.584323464e+00 +8.606432346e+01 +7.948000000e+01 +1.0427e+00 -8.4487e-01 -2.1150e+00 +1.2370e-01 -1.8570e+00
176 +5.490770466e+00 +5.490770466e+00 +8.497077047e+01 +7.948000000e+01 +1.0427e+00 -8.4487e-01 -1.7646e+00 +3.6608e+00 -1.8570e+00
354 +1.711258962e+00 +1.711258962e+00 +8.119125896e+01 +7.948000000e+01 +8.9571e-02 -5.3201e-01 -1.0448e+00 +9.2154e-01 -3.1070e+00
447 +1.069257542e+00 +1.069257542e+00 +8.054925754e+01 +7.948000000e+01 +8.9571e-02 -5.3201e-01 -1.2970e+00 +2.4721e+00 -2.8423e+00
637 +9.993231078e-01 +9.993231078e-01 +8.047932311e+01 +7.948000000e+01 +8.9571e-02 -5.3201e-01 -1.0448e+00 +2.4721e+00 -3.1070e+00
723 +4.620039577e-01 +4.620039577e-01 +7.994200396e+01 +7.948000000e+01 +8.9571e-02 -1.4690e+00 -3.3134e-01 +1.9717e+00 -3.1070e+00
810 +3.064611184e-01 +3.064611184e-01 +7.978646112e+01 +7.948000000e+01 +8.9571e-02 -1.4690e+00 -3.3134e-01 +1.9717e+00 -2.8423e+00
1166 +2.187839593e-01 +2.187839593e-01 +7.969878396e+01 +7.948000000e+01 +8.9571e-02 -1.0577e+00 -3.3134e-01 +1.9717e+00 -2.8423e+00
1699 +9.860808923e-02 +9.860808923e-02 +7.957860809e+01 +7.948000000e+01 +2.9625e-01 -1.0577e+00 -9.6641e-01 +1.9717e+00 -2.8423e+00
1880 +5.488408877e-02 +5.488408877e-02 +7.953488409e+01 +7.948000000e+01 +2.9625e-01 -1.0577e+00 -6.0136e-01 +1.9717e+00 -2.8423e+00
2322 +3.224851338e-02 +3.224851338e-02 +7.951224851e+01 +7.948000000e+01 +2.9625e-01 -1.1340e+00 -7.6523e-01 +1.9717e+00 -2.8423e+00
2578 +1.841033378e-02 +1.841033378e-02 +7.949841033e+01 +7.948000000e+01 +2.9625e-01 -1.0577e+00 -7.8334e-01 +1.9717e+00 -2.6472e+00
2924 +1.506942752e-02 +1.506942752e-02 +7.949506943e+01 +7.948000000e+01 +2.9625e-01 -1.0577e+00 -7.6523e-01 +1.9416e+00 -2.7187e+00
3002 +7.901758503e-03 +7.901758503e-03 +7.948790176e+01 +7.948000000e+01 +2.9625e-01 -1.1904e+00 -7.6523e-01 +1.9717e+00 -2.6472e+00
3893 +6.043201757e-03 +6.043201757e-03 +7.948604320e+01 +7.948000000e+01 +2.9625e-01 -1.1904e+00 -7.6523e-01 +1.9124e+00 -2.6472e+00
11811 +3.434713588e-03 +3.434713588e-03 +7.948343471e+01 +7.948000000e+01 +2.3214e-01 -1.1765e+00 -6.7775e-01 +1.9407e+00 -2.6641e+00
12454 +1.194614795e-03 +1.194614795e-03 +7.948119461e+01 +7.948000000e+01 +2.3214e-01 -1.1765e+00 -7.1863e-01 +1.9350e+00 -2.6641e+00
12813 +8.979860849e-04 +8.979860849e-04 +7.948089799e+01 +7.948000000e+01 +2.6421e-01 -1.1765e+00 -7.1863e-01 +1.9350e+00 -2.6641e+00
18280 +6.259807116e-04 +6.259807116e-04 +7.948062598e+01 +7.948000000e+01 +2.4278e-01 -1.1568e+00 -7.2896e-01 +1.9488e+00 -2.6805e+00
18758 +1.988609296e-04 +1.988609296e-04 +7.948019886e+01 +7.948000000e+01 +2.4278e-01 -1.1568e+00 -7.2896e-01 +1.9350e+00 -2.6805e+00
20191 +1.278235821e-04 +1.278235821e-04 +7.948012782e+01 +7.948000000e+01 +2.4278e-01 -1.1568e+00 -7.2896e-01 +1.9281e+00 -2.6805e+00
22784 +6.044506378e-06 +6.044506378e-06 +7.948000604e+01 +7.948000000e+01 +2.5255e-01 -1.1568e+00 -7.2223e-01 +1.9281e+00 -2.6805e+00
55062 +2.940106469e-06 +2.940106469e-06 +7.948000294e+01 +7.948000000e+01 +2.5255e-01 -1.1568e+00 -7.2412e-01 +1.9281e+00 -2.6805e+00
76044 +8.411544599e-07 +8.411544599e-07 +7.948000084e+01 +7.948000000e+01 +2.5255e-01 -1.1568e+00 -7.2412e-01 +1.9256e+00 -2.6805e+00
134242 +3.278388334e-07 +3.278388334e-07 +7.948000033e+01 +7.948000000e+01 +2.5278e-01 -1.1568e+00 -7.2412e-01 +1.9259e+00 -2.6805e+00
374435 +2.307060925e-07 +2.307060925e-07 +7.948000023e+01 +7.948000000e+01 +2.5278e-01 -1.1568e+00 -7.2410e-01 +1.9260e+00 -2.6805e+00
433508 +1.575808568e-07 +1.575808568e-07 +7.948000016e+01 +7.948000000e+01 +2.5278e-01 -1.1568e+00 -7.2410e-01 +1.9261e+00 -2.6805e+00
% function evaluation | noise-free fitness - Fopt (3.944800000000e+02) | best noise-free fitness - Fopt | measured fitness | best measured fitness | x1 | x2...
1 +6.882541421e+01 +6.882541421e+01 +4.633054142e+02 +3.944800000e+02 +4.2678e-01 -3.0157e+00 +2.0977e+00 +4.3938e-01 +2.6693e+00
85 +1.321262861e+01 +1.321262861e+01 +4.076926286e+02 +3.944800000e+02 -4.2174e+00 -4.8460e+00 -4.7444e+00 +2.1554e+00 +3.1692e+00
176 +5.068354526e+00 +5.068354526e+00 +3.995483545e+02 +3.944800000e+02 -4.2174e+00 -4.8460e+00 -4.7444e+00 +3.4063e+00 +7.8420e-01
271 +1.656800131e+00 +1.656800131e+00 +3.961368001e+02 +3.944800000e+02 -4.7858e+00 -2.7463e+00 -3.1491e+00 +3.6961e+00 +1.4739e+00
452 +1.290959933e+00 +1.290959933e+00 +3.957709599e+02 +3.944800000e+02 -4.2174e+00 -3.1070e+00 -4.7444e+00 +3.4063e+00 +7.8420e-01
622 +9.663695403e-01 +9.663695403e-01 +3.954463695e+02 +3.944800000e+02 -4.2777e+00 -2.8410e+00 -4.3414e+00 +3.4168e+00 +1.3982e+00
898 +5.065087247e-01 +5.065087247e-01 +3.949865087e+02 +3.944800000e+02 -4.2777e+00 -2.8410e+00 -3.9628e+00 +3.6961e+00 +1.3982e+00
1070 +3.489671543e-01 +3.489671543e-01 +3.948289672e+02 +3.944800000e+02 -4.0033e+00 -2.8410e+00 -3.8354e+00 +3.6961e+00 +1.3982e+00
1156 +8.955178562e-02 +8.955178562e-02 +3.945695518e+02 +3.944800000e+02 -3.7636e+00 -2.7463e+00 -3.8354e+00 +3.6961e+00 +7.8420e-01
1517 +5.569281800e-02 +5.569281800e-02 +3.945356928e+02 +3.944800000e+02 -3.8469e+00 -2.8410e+00 -3.8354e+00 +3.6961e+00 +7.8420e-01
1607 +1.512964505e-02 +1.512964505e-02 +3.944951296e+02 +3.944800000e+02 -3.8469e+00 -2.8410e+00 -3.8354e+00 +3.8479e+00 +7.8420e-01
2944 +9.749929493e-03 +9.749929493e-03 +3.944897499e+02 +3.944800000e+02 -3.8469e+00 -2.8410e+00 -3.8354e+00 +3.8479e+00 +8.4355e-01
3295 +6.261077059e-03 +6.261077059e-03 +3.944862611e+02 +3.944800000e+02 -3.9484e+00 -2.9028e+00 -3.8354e+00 +3.9495e+00 +8.3497e-01
3645 +3.428625291e-03 +3.428625291e-03 +3.944834286e+02 +3.944800000e+02 -3.8621e+00 -2.9028e+00 -3.8217e+00 +3.8740e+00 +8.3497e-01
3824 +2.353544843e-03 +2.353544843e-03 +3.944823535e+02 +3.944800000e+02 -3.9139e+00 -2.9028e+00 -3.8217e+00 +3.8740e+00 +8.3497e-01
4437 +1.461374783e-03 +1.461374783e-03 +3.944814614e+02 +3.944800000e+02 -3.9139e+00 -2.9028e+00 -3.7950e+00 +3.8740e+00 +8.6285e-01
9166 +7.120994360e-04 +7.120994360e-04 +3.944807121e+02 +3.944800000e+02 -3.8845e+00 -2.8936e+00 -3.8104e+00 +3.9267e+00 +8.6006e-01
19843 +1.557709055e-04 +1.557709055e-04 +3.944801558e+02 +3.944800000e+02 -3.8950e+00 -2.8905e+00 -3.8036e+00 +3.8951e+00 +8.6487e-01
44384 +7.676829875e-05 +7.676829875e-05 +3.944800768e+02 +3.944800000e+02 -3.8950e+00 -2.8905e+00 -3.8034e+00 +3.8977e+00 +8.6024e-01
62471 +4.873256569e-05 +4.873256569e-05 +3.944800487e+02 +3.944800000e+02 -3.8965e+00 -2.8905e+00 -3.8034e+00 +3.9122e+00 +8.6024e-01
62566 +2.224102826e-05 +2.224102826e-05 +3.944800222e+02 +3.944800000e+02 -3.8965e+00 -2.8905e+00 -3.8034e+00 +3.9097e+00 +8.6024e-01
75323 +1.148545937e-05 +1.148545937e-05 +3.944800115e+02 +3.944800000e+02 -3.8965e+00 -2.8905e+00 -3.8034e+00 +3.9032e+00 +8.6024e-01
94725 +9.605784726e-06 +9.605784726e-06 +3.944800096e+02 +3.944800000e+02 -3.8997e+00 -2.8905e+00 -3.8034e+00 +3.9032e+00 +8.6024e-01
127772 +4.711204781e-06 +4.711204781e-06 +3.944800047e+02 +3.944800000e+02 -3.8965e+00 -2.8905e+00 -3.8034e+00 +3.9056e+00 +8.5956e-01
146793 +2.596201341e-06 +2.596201341e-06 +3.944800026e+02 +3.944800000e+02 -3.8972e+00 -2.8905e+00 -3.8034e+00 +3.9056e+00 +8.5956e-01
149356 +1.728159646e-06 +1.728159646e-06 +3.944800017e+02 +3.944800000e+02 -3.8972e+00 -2.8905e+00 -3.8029e+00 +3.9056e+00 +8.5956e-01
155355 +1.222889750e-06 +1.222889750e-06 +3.944800012e+02 +3.944800000e+02 -3.8984e+00 -2.8905e+00 -3.8034e+00 +3.9056e+00 +8.5956e-01
188612 +1.928835900e-07 +1.928835900e-07 +3.944800002e+02 +3.944800000e+02 -3.8983e+00 -2.8905e+00 -3.8026e+00 +3.9056e+00 +8.5956e-01
263810 +6.439677236e-08 +6.439677236e-08 +3.944800001e+02 +3.944800000e+02 -3.8983e+00 -2.8904e+00 -3.8026e+00 +3.9056e+00 +8.5936e-01
343311 +5.813069492e-08 +5.813069492e-08 +3.944800001e+02 +3.944800000e+02 -3.8984e+00 -2.8904e+00 -3.8026e+00 +3.9056e+00 +8.5936e-01
% function evaluation | noise-free fitness - Fopt (-2.471100000000e+02) | best noise-free fitness - Fopt | measured fitness | best measured fitness | x1 | x2...
1 +8.934876613e+01 +8.934876613e+01 -1.577612339e+02 -2.471100000e+02 -2.1320e+00 -6.5782e-01 -4.2983e+00 -7.1554e-01 +4.8986e+00
91 +1.082435050e+01 +1.082435050e+01 -2.362856495e+02 -2.471100000e+02 -2.5391e+00 +2.9905e+00 -9.4523e-01 -3.2700e+00 -4.2073e+00
175 +4.825027554e+00 +4.825027554e+00 -2.422849724e+02 -2.471100000e+02 -3.0445e+00 +1.5122e+00 +4.2566e-01 -3.9436e+00 -1.9893e+00
261 +3.403210969e+00 +3.403210969e+00 -2.437067890e+02 -2.471100000e+02 -2.5391e+00 +6.1526e-01 -7.3374e-01 -4.8723e+00 -3.6001e+00
540 +2.348288411e+00 +2.348288411e+00 -2.447617116e+02 -2.471100000e+02 -3.8310e+00 -6.3321e-01 -7.3374e-01 -4.8723e+00 -3.6001e+00
725 +1.538902096e+00 +1.538902096e+00 -2.455710979e+02 -2.471100000e+02 -3.7769e+00 +7.0181e-01 +2.3121e-01 -4.3535e+00 -3.0804e+00
909 +5.909155041e-01 +5.909155041e-01 -2.465190845e+02 -2.471100000e+02 -3.6465e+00 +7.0181e-01 -1.0652e+00 -4.1143e+00 -3.0804e+00
1181 +3.175660285e-01 +3.175660285e-01 -2.467924340e+02 -2.471100000e+02 -3.7769e+00 +8.3770e-02 -7.3374e-01 -4.2395e+00 -3.0804e+00
1364 +1.959781960e-01 +1.959781960e-01 -2.469140218e+02 -2.471100000e+02 -3.8310e+00 +6.1526e-01 -7.3374e-01 -3.8427e+00 -3.0804e+00
1448 +1.265558850e-01 +1.265558850e-01 -2.469834441e+02 -2.471100000e+02 -3.7769e+00 +8.3770e-02 -6.4756e-01 -4.0222e+00 -3.0804e+00
1530 +3.984713514e-02 +3.984713514e-02 -2.470701529e+02 -2.471100000e+02 -3.7769e+00 +8.3770e-02 -7.3374e-01 -3.8427e+00 -3.0804e+00
1622 +3.129189679e-02 +3.129189679e-02 -2.470787081e+02 -2.471100000e+02 -3.7769e+00 +3.6994e-01 -7.3374e-01 -3.7206e+00 -3.0804e+00
1714 +1.775398543e-02 +1.775398543e-02 -2.470922460e+02 -2.471100000e+02 -3.7769e+00 +8.3770e-02 -7.3374e-01 -3.7206e+00 -3.0804e+00
2620 +8.476455029e-03 +8.476455029e-03 -2.471015235e+02 -2.471100000e+02 -3.7769e+00 +1.2723e-01 -7.3374e-01 -3.7002e+00 -3.0804e+00
4365 +5.999347052e-03 +5.999347052e-03 -2.471040007e+02 -2.471100000e+02 -3.7884e+00 +2.7423e-01 -6.7072e-01 -3.7002e+00 -3.0804e+00
12640 +3.106247636e-03 +3.106247636e-03 -2.471068938e+02 -2.471100000e+02 -3.7959e+00 +2.2216e-01 -7.1620e-01 -3.6725e+00 -3.0572e+00
17927 +1.738485722e-03 +1.738485722e-03 -2.471082615e+02 -2.471100000e+02 -3.8019e+00 +1.9053e-01 -7.1899e-01 -3.6704e+00 -3.1182e+00
19650 +1.485556783e-03 +1.485556783e-03 -2.471085144e+02 -2.471100000e+02 -3.7884e+00 +2.0236e-01 -6.5439e-01 -3.6887e+00 -3.1041e+00
19991 +3.883666971e-04 +3.883666971e-04 -2.471096116e+02 -2.471100000e+02 -3.7884e+00 +2.0236e-01 -7.0726e-01 -3.6887e+00 -3.1041e+00
21112 +1.310452335e-04 +1.310452335e-04 -2.471098690e+02 -2.471100000e+02 -3.7884e+00 +2.0236e-01 -6.9204e-01 -3.6887e+00 -3.1041e+00
31202 +4.577691450e-05 +4.577691450e-05 -2.471099542e+02 -2.471100000e+02 -3.8019e+00 +2.0378e-01 -6.8966e-01 -3.6887e+00 -3.1041e+00
37290 +1.368180918e-05 +1.368180918e-05 -2.471099863e+02 -2.471100000e+02 -3.7959e+00 +2.0379e-01 -6.9204e-01 -3.6887e+00 -3.0995e+00
41604 +8.059110201e-06 +8.059110201e-06 -2.471099919e+02 -2.471100000e+02 -3.7992e+00 +2.0379e-01 -6.9204e-01 -3.6887e+00 -3.0995e+00
65718 +4.806265025e-06 +4.806265025e-06 -2.471099952e+02 -2.471100000e+02 -3.7981e+00 +2.0379e-01 -6.9204e-01 -3.6893e+00 -3.0995e+00
75431 +1.796544638e-06 +1.796544638e-06 -2.471099982e+02 -2.471100000e+02 -3.7992e+00 +2.0378e-01 -6.9204e-01 -3.6910e+00 -3.0995e+00
112137 +1.542204103e-06 +1.542204103e-06 -2.471099985e+02 -2.471100000e+02 -3.7992e+00 +2.0281e-01 -6.9076e-01 -3.6919e+00 -3.0995e+00
160016 +8.819581296e-07 +8.819581296e-07 -2.471099991e+02 -2.471100000e+02 -3.7983e+00 +2.0281e-01 -6.9076e-01 -3.6905e+00 -3.0995e+00
256196 +4.301882370e-07 +4.301882370e-07 -2.471099996e+02 -2.471100000e+02 -3.7984e+00 +2.0281e-01 -6.9076e-01 -3.6911e+00 -3.0995e+00
273649 +3.184329671e-07 +3.184329671e-07 -2.471099997e+02 -2.471100000e+02 -3.7983e+00 +2.0338e-01 -6.9076e-01 -3.6911e+00 -3.0995e+00
283754 +1.134341403e-07 +1.134341403e-07 -2.471099999e+02 -2.471100000e+02 -3.7985e+00 +2.0315e-01 -6.9130e-01 -3.6911e+00 -3.0995e+00
347840 +8.098740523e-08 +8.098740523e-08 -2.471099999e+02 -2.471100000e+02 -3.7984e+00 +2.0304e-01 -6.9130e-01 -3.6911e+00 -3.0994e+00
452735 +5.712826123e-08 +5.712826123e-08 -2.471099999e+02 -2.471100000e+02 -3.7984e+00 +2.0315e-01 -6.9130e-01 -3.6911e+00 -3.0994e+00
% function evaluation | noise-free fitness - Fopt (-1.520400000000e+02) | best noise-free fitness - Fopt | measured fitness | best measured fitness | x1 | x2...
1 +1.112207830e+02 +1.112207830e+02 -4.081921698e+01 -1.520400000e+02 -3.4435e+00 -1.9219e+00 +3.0018e+00 +2.5572e+00 -4.0160e+00
100 +7.418872687e+00 +7.418872687e+00 -1.446211273e+02 -1.520400000e+02 -3.0858e-01 +3.7656e-01 -2.2081e+00 +4.7719e+00 +3.5133e+00
386 +2.963569889e+00 +2.963569889e+00 -1.490764301e+02 -1.520400000e+02 -1.1626e+00 +1.8153e+00 -3.6829e+00 +1.9004e+00 +2.4013e+00
477 +2.451260105e+00 +2.451260105e+00 -1.495887399e+02 -1.520400000e+02 -4.1294e-01 +2.1527e+00 -4.4865e+00 +4.5433e+00 +2.5916e+00
763 +6.924024471e-01 +6.924024471e-01 -1.513475976e+02 -1.520400000e+02 -4.1294e-01 +1.7899e+00 -3.6829e+00 +2.8937e+00 +1.8568e+00
1052 +4.058561600e-01 +4.058561600e-01 -1.516341438e+02 -1.520400000e+02 -4.1294e-01 +1.7899e+00 -3.6829e+00 +2.8937e+00 +2.5916e+00
1246 +3.827604621e-01 +3.827604621e-01 -1.516572395e+02 -1.520400000e+02 -4.1294e-01 +1.7899e+00 -3.6829e+00 +2.8937e+00 +2.3378e+00
1340 +1.390283627e-01 +1.390283627e-01 -1.519009716e+02 -1.520400000e+02 -4.1294e-01 +1.6308e+00 -4.0916e+00 +3.1687e+00 +2.2437e+00
1716 +9.862554198e-02 +9.862554198e-02 -1.519413745e+02 -1.520400000e+02 -4.1294e-01 +1.6308e+00 -4.0916e+00 +3.2832e+00 +2.3378e+00
3035 +6.225347130e-02 +6.225347130e-02 -1.519777465e+02 -1.520400000e+02 -4.1294e-01 +1.2510e+00 -3.8281e+00 +3.2832e+00 +2.4585e+00
4074 +1.401694799e-02 +1.401694799e-02 -1.520259831e+02 -1.520400000e+02 -2.9297e-01 +1.3764e+00 -3.8281e+00 +3.2832e+00 +2.4585e+00
7030 +8.438715293e-03 +8.438715293e-03 -1.520315613e+02 -1.520400000e+02 -2.4402e-01 +1.3913e+00 -3.8669e+00 +3.2695e+00 +2.4715e+00
7130 +5.736523636e-03 +5.736523636e-03 -1.520342635e+02 -1.520400000e+02 -2.4402e-01 +1.3913e+00 -3.9502e+00 +3.2695e+00 +2.4715e+00
7230 +3.044600585e-03 +3.044600585e-03 -1.520369554e+02 -1.520400000e+02 -2.4402e-01 +1.3913e+00 -3.9502e+00 +3.2695e+00 +2.4259e+00
8620 +2.450176457e-03 +2.450176457e-03 -1.520375498e+02 -1.520400000e+02 -2.4402e-01 +1.3913e+00 -3.9069e+00 +3.3186e+00 +2.4259e+00
9707 +1.170916313e-03 +1.170916313e-03 -1.520388291e+02 -1.520400000e+02 -2.6154e-01 +1.4469e+00 -3.9344e+00 +3.3186e+00 +2.4259e+00
19299 +6.301857242e-04 +6.301857242e-04 -1.520393698e+02 -1.520400000e+02 -2.6154e-01 +1.4164e+00 -3.9290e+00 +3.3186e+00 +2.4259e+00
23551 +3.646093671e-04 +3.646093671e-04 -1.520396354e+02 -1.520400000e+02 -2.6154e-01 +1.4164e+00 -3.9290e+00 +3.3114e+00 +2.4259e+00
37573 +2.421240866e-04 +2.421240866e-04 -1.520397579e+02 -1.520400000e+02 -2.6414e-01 +1.4195e+00 -3.9287e+00 +3.2953e+00 +2.4052e+00
40601 +1.457511066e-04 +1.457511066e-04 -1.520398542e+02 -1.520400000e+02 -2.6710e-01 +1.4200e+00 -3.9290e+00 +3.2886e+00 +2.4125e+00
44340 +4.685543988e-05 +4.685543988e-05 -1.520399531e+02 -1.520400000e+02 -2.6414e-01 +1.4195e+00 -3.9287e+00 +3.2953e+00 +2.4188e+00
47104 +3.819926110e-05 +3.819926110e-05 -1.520399618e+02 -1.520400000e+02 -2.6635e-01 +1.4195e+00 -3.9287e+00 +3.2953e+00 +2.4188e+00
75990 +2.411414286e-05 +2.411414286e-05 -1.520399759e+02 -1.520400000e+02 -2.6635e-01 +1.4195e+00 -3.9238e+00 +3.2953e+00 +2.4188e+00
85824 +1.556314172e-05 +1.556314172e-05 -1.520399844e+02 -1.520400000e+02 -2.6710e-01 +1.4205e+00 -3.9243e+00 +3.2953e+00 +2.4182e+00
86215 +9.103076479e-06 +9.103076479e-06 -1.520399909e+02 -1.520400000e+02 -2.6710e-01 +1.4216e+00 -3.9243e+00 +3.2953e+00 +2.4182e+00
114351 +5.751948095e-06 +5.751948095e-06 -1.520399942e+02 -1.520400000e+02 -2.6671e-01 +1.4234e+00 -3.9269e+00 +3.2976e+00 +2.4188e+00
128446 +1.679496620e-06 +1.679496620e-06 -1.520399983e+02 -1.520400000e+02 -2.6671e-01 +1.4234e+00 -3.9243e+00 +3.2976e+00 +2.4188e+00
128543 +1.446960880e-06 +1.446960880e-06 -1.520399986e+02 -1.520400000e+02 -2.6710e-01 +1.4234e+00 -3.9243e+00 +3.2976e+00 +2.4188e+00
162043 +7.883526223e-07 +7.883526223e-07 -1.520399992e+02 -1.520400000e+02 -2.6710e-01 +1.4242e+00 -3.9246e+00 +3.2976e+00 +2.4190e+00
265551 +4.106045424e-07 +4.106045424e-07 -1.520399996e+02 -1.520400000e+02 -2.6710e-01 +1.4242e+00 -3.9246e+00 +3.2963e+00 +2.4190e+00
296512 +1.487076702e-07 +1.487076702e-07 -1.520399999e+02 -1.520400000e+02 -2.6710e-01 +1.4242e+00 -3.9246e+00 +3.2970e+00 +2.4190e+00
% function evaluation | noise-free fitness - Fopt (-2.525000000000e+01) | best noise-free fitness - Fopt | measured fitness | best measured fitness | x1 | x2...
1 +8.119560600e+01 +8.119560600e+01 +5.594560600e+01 -2.525000000e+01 -9.0616e-02 +1.3572e+00 +2.0251e+00 +2.6599e+00 -2.3517e+00
94 +5.094366649e+00 +5.094366649e+00 -2.015563335e+01 -2.525000000e+01 +3.8579e+00 +5.0633e-01 -2.0082e+00 -5.8031e-02 +2.7617e+00
186 +3.206466559e+00 +3.206466559e+00 -2.204353344e+01 -2.525000000e+01 +3.7233e+00 -1.0618e+00 -1.6365e+00 -2.4056e+00 +3.7492e+00
465 +9.895786325e-01 +9.895786325e-01 -2.426042137e+01 -2.525000000e+01 +4.0684e+00 +6.1769e-01 -1.0562e+00 -2.2044e+00 +4.1011e+00
559 +4.877065213e-01 +4.877065213e-01 -2.476229348e+01 -2.525000000e+01 +3.8579e+00 +5.0633e-01 -2.0082e+00 -2.4056e+00 +3.2350e+00
744 +2.771427438e-01 +2.771427438e-01 -2.497285726e+01 -2.525000000e+01 +3.8579e+00 +5.0633e-01 -1.0562e+00 -2.4056e+00 +3.2350e+00
837 +1.645290247e-01 +1.645290247e-01 -2.508547098e+01 -2.525000000e+01 +3.8579e+00 +5.0633e-01 -1.6365e+00 -1.9760e+00 +3.1910e+00
927 +1.428563466e-01 +1.428563466e-01 -2.510714365e+01 -2.525000000e+01 +3.8466e+00 +6.1769e-01 -1.6365e+00 -1.9760e+00 +3.1910e+00
1107 +6.287123169e-02 +6.287123169e-02 -2.518712877e+01 -2.525000000e+01 +3.7233e+00 +6.1769e-01 -1.6365e+00 -2.1261e+00 +3.2350e+00
1752 +2.856864780e-02 +2.856864780e-02 -2.522143135e+01 -2.525000000e+01 +3.7233e+00 +6.1769e-01 -1.3550e+00 -2.1806e+00 +3.1910e+00
1845 +1.222371182e-02 +1.222371182e-02 -2.523777629e+01 -2.525000000e+01 +3.6128e+00 +6.1769e-01 -1.4233e+00 -2.1261e+00 +3.1910e+00
2031 +6.797641831e-03 +6.797641831e-03 -2.524320236e+01 -2.525000000e+01 +3.6128e+00 +6.1769e-01 -1.4233e+00 -2.2044e+00 +3.2350e+00
2120 +4.849453780e-03 +4.849453780e-03 -2.524515055e+01 -2.525000000e+01 +3.6128e+00 +6.1769e-01 -1.4233e+00 -2.1261e+00 +3.2350e+00
2665 +2.628477710e-03 +2.628477710e-03 -2.524737152e+01 -2.525000000e+01 +3.6128e+00 +6.1769e-01 -1.4233e+00 -2.1261e+00 +3.2568e+00
2944 +1.976232219e-03 +1.976232219e-03 -2.524802377e+01 -2.525000000e+01 +3.6128e+00 +6.1769e-01 -1.4233e+00 -2.1261e+00 +3.2660e+00
3221 +1.270970835e-03 +1.270970835e-03 -2.524872903e+01 -2.525000000e+01 +3.6128e+00 +6.1769e-01 -1.4233e+00 -2.1261e+00 +3.3125e+00
4526 +5.250681387e-04 +5.250681387e-04 -2.524947493e+01 -2.525000000e+01 +3.6128e+00 +6.4643e-01 -1.4233e+00 -2.1406e+00 +3.3125e+00
18494 +2.483343750e-04 +2.483343750e-04 -2.524975167e+01 -2.525000000e+01 +3.6128e+00 +6.4643e-01 -1.4238e+00 -2.1480e+00 +3.3064e+00
34665 +1.259190375e-04 +1.259190375e-04 -2.524987408e+01 -2.525000000e+01 +3.6067e+00 +6.3981e-01 -1.4245e+00 -2.1573e+00 +3.3008e+00
41229 +6.906800814e-05 +6.906800814e-05 -2.524993093e+01 -2.525000000e+01 +3.6128e+00 +6.3981e-01 -1.4245e+00 -2.1573e+00 +3.3008e+00
43882 +4.755699469e-05 +4.755699469e-05 -2.524995244e+01 -2.525000000e+01 +3.6128e+00 +6.3981e-01 -1.4233e+00 -2.1573e+00 +3.2962e+00
75853 +3.543733740e-05 +3.543733740e-05 -2.524996456e+01 -2.525000000e+01 +3.6128e+00 +6.3408e-01 -1.4227e+00 -2.1480e+00 +3.2941e+00
96606 +2.467590144e-05 +2.467590144e-05 -2.524997532e+01 -2.525000000e+01 +3.6128e+00 +6.3767e-01 -1.4233e+00 -2.1492e+00 +3.2962e+00
101600 +1.281016636e-05 +1.281016636e-05 -2.524998719e+01 -2.525000000e+01 +3.6155e+00 +6.3427e-01 -1.4233e+00 -2.1555e+00 +3.2962e+00
115471 +9.506056728e-06 +9.506056728e-06 -2.524999049e+01 -2.525000000e+01 +3.6128e+00 +6.3767e-01 -1.4218e+00 -2.1534e+00 +3.2962e+00
134854 +4.643444715e-06 +4.643444715e-06 -2.524999536e+01 -2.525000000e+01 +3.6128e+00 +6.3408e-01 -1.4218e+00 -2.1534e+00 +3.2962e+00
136379 +2.246734702e-06 +2.246734702e-06 -2.524999775e+01 -2.525000000e+01 +3.6150e+00 +6.3408e-01 -1.4218e+00 -2.1534e+00 +3.2962e+00
150939 +1.533243605e-06 +1.533243605e-06 -2.524999847e+01 -2.525000000e+01 +3.6150e+00 +6.3427e-01 -1.4218e+00 -2.1534e+00 +3.2969e+00
168195 +8.499947199e-07 +8.499947199e-07 -2.524999915e+01 -2.525000000e+01 +3.6150e+00 +6.3477e-01 -1.4218e+00 -2.1534e+00 +3.2969e+00
267368 +1.397000240e-07 +1.397000240e-07 -2.524999986e+01 -2.525000000e+01 +3.6145e+00 +6.3500e-01 -1.4215e+00 -2.1527e+00 +3.2971e+00
354328 +1.512122338e-08 +1.512122338e-08 -2.524999998e+01 -2.525000000e+01 +3.6144e+00 +6.3516e-01 -1.4215e+00 -2.1528e+00 +3.2969e+00
% function evaluation | noise-free fitness - Fopt (2.230000000000e+00) | best noise-free fitness - Fopt | measured fitness | best measured fitness | x1 | x2...
1 +7.752849691e+01 +7.752849691e+01 +7.975849691e+01 +2.230000000e+00 -1.6795e+00 -1.1834e+00 -3.9306e-01 +3.2402e+00 -6.8777e-01
95 +3.851110865e+00 +3.851110865e+00 +6.081110865e+00 +2.230000000e+00 +3.5566e+00 -2.8957e+00 +1.3207e+00 -1.9490e+00 +2.3916e+00
463 +1.506222639e+00 +1.506222639e+00 +3.736222639e+00 +2.230000000e+00 +4.3061e+00 -2.8957e+00 +9.4318e-02 -9.4513e-01 +3.1496e+00
547 +4.882465731e-01 +4.882465731e-01 +2.718246573e+00 +2.230000000e+00 +3.5566e+00 -2.8957e+00 +9.4318e-02 -1.6009e+00 +3.6869e+00
910 +1.740701630e-01 +1.740701630e-01 +2.404070163e+00 +2.230000000e+00 +3.5566e+00 -2.4622e+00 -1.4749e-01 -1.9490e+00 +3.6869e+00
1260 +8.029231996e-02 +8.029231996e-02 +2.310292320e+00 +2.230000000e+00 +3.8583e+00 -2.4622e+00 +9.4318e-02 -1.6009e+00 +3.6869e+00
1352 +4.434892170e-02 +4.434892170e-02 +2.274348922e+00 +2.230000000e+00 +3.9523e+00 -2.4622e+00 -1.4749e-01 -1.9490e+00 +3.6869e+00
1444 +3.923002182e-02 +3.923002182e-02 +2.269230022e+00 +2.230000000e+00 +3.9523e+00 -2.4622e+00 +9.4318e-02 -1.9490e+00 +3.6869e+00
2267 +2.177527094e-02 +2.177527094e-02 +2.251775271e+00 +2.230000000e+00 +3.9523e+00 -2.3858e+00 +9.4318e-02 -1.9148e+00 +3.6869e+00
3342 +1.371006767e-02 +1.371006767e-02 +2.243710068e+00 +2.230000000e+00 +3.9087e+00 -2.3858e+00 +9.4318e-02 -1.8196e+00 +3.6869e+00
7227 +8.553964309e-03 +8.553964309e-03 +2.238553964e+00 +2.230000000e+00 +3.9001e+00 -2.4226e+00 -2.9187e-02 -1.8842e+00 +3.6424e+00
7593 +5.824457968e-03 +5.824457968e-03 +2.235824458e+00 +2.230000000e+00 +3.9001e+00 -2.3818e+00 -5.1664e-02 -1.8842e+00 +3.6424e+00
8687 +2.990027204e-03 +2.990027204e-03 +2.232990027e+00 +2.230000000e+00 +3.9001e+00 -2.3818e+00 -2.9187e-02 -1.8644e+00 +3.6424e+00
8777 +1.905021455e-03 +1.905021455e-03 +2.231905021e+00 +2.230000000e+00 +3.9001e+00 -2.3818e+00 -2.9187e-02 -1.8221e+00 +3.6424e+00
19601 +7.359977492e-04 +7.359977492e-04 +2.230735998e+00 +2.230000000e+00 +3.9084e+00 -2.3412e+00 -2.4742e-03 -1.8168e+00 +3.6757e+00
23013 +5.422433846e-04 +5.422433846e-04 +2.230542243e+00 +2.230000000e+00 +3.9084e+00 -2.3565e+00 -2.4742e-03 -1.8168e+00 +3.6757e+00
27061 +2.932766119e-04 +2.932766119e-04 +2.230293277e+00 +2.230000000e+00 +3.9214e+00 -2.3683e+00 -2.5285e-02 -1.8321e+00 +3.6623e+00
37272 +1.248786739e-04 +1.248786739e-04 +2.230124879e+00 +2.230000000e+00 +3.9214e+00 -2.3536e+00 -2.5285e-02 -1.8321e+00 +3.6623e+00
41529 +6.248548369e-05 +6.248548369e-05 +2.230062485e+00 +2.230000000e+00 +3.9214e+00 -2.3536e+00 -2.2943e-02 -1.8321e+00 +3.6673e+00
73540 +2.092976860e-05 +2.092976860e-05 +2.230020930e+00 +2.230000000e+00 +3.9214e+00 -2.3536e+00 -1.3421e-02 -1.8321e+00 +3.6673e+00
74969 +1.217291184e-05 +1.217291184e-05 +2.230012173e+00 +2.230000000e+00 +3.9182e+00 -2.3536e+00 -1.3421e-02 -1.8321e+00 +3.6673e+00
96402 +5.522294507e-06 +5.522294507e-06 +2.230005522e+00 +2.230000000e+00 +3.9182e+00 -2.3536e+00 -1.6050e-02 -1.8321e+00 +3.6673e+00
128591 +2.938285164e-06 +2.938285164e-06 +2.230002938e+00 +2.230000000e+00 +3.9182e+00 -2.3551e+00 -1.6050e-02 -1.8321e+00 +3.6673e+00
199720 +2.472872553e-06 +2.472872553e-06 +2.230002473e+00 +2.230000000e+00 +3.9182e+00 -2.3551e+00 -1.6050e-02 -1.8320e+00 +3.6673e+00
264644 +8.224042141e-07 +8.224042141e-07 +2.230000822e+00 +2.230000000e+00 +3.9182e+00 -2.3551e+00 -1.6313e-02 -1.8312e+00 +3.6670e+00
281754 +2.107406982e-07 +2.107406982e-07 +2.230000211e+00 +2.230000000e+00 +3.9182e+00 -2.3551e+00 -1.6313e-02 -1.8302e+00 +3.6673e+00
370547 +8.908775007e-08 +8.908775007e-08 +2.230000089e+00 +2.230000000e+00 +3.9186e+00 -2.3551e+00 -1.6050e-02 -1.8302e+00 +3.6673e+00
% function evaluation | noise-free fitness - Fopt (-1.308000000000e+01) | best noise-free fitness - Fopt | measured fitness | best measured fitness | x1 | x2...
1 +1.720068247e+02 +1.720068247e+02 +1.589268247e+02 -1.308000000e+01 +1.3694e+00 +2.1870e+00 -3.2483e+00 -4.0415e+00 +4.6678e+00
88 +2.119589112e+00 +2.119589112e+00 -1.096041089e+01 -1.308000000e+01 -8.7602e-02 -2.7864e+00 +3.1621e+00 +3.0899e+00 -3.3241e+00
269 +1.254485210e+00 +1.254485210e+00 -1.182551479e+01 -1.308000000e+01 -8.7602e-02 -2.7864e+00 +3.1621e+00 +3.0899e+00 -2.5893e+00
539 +8.215451523e-01 +8.215451523e-01 -1.225845485e+01 -1.308000000e+01 -8.7602e-02 -1.3931e+00 +3.1621e+00 +3.0899e+00 -2.5893e+00
805 +5.471114563e-01 +5.471114563e-01 -1.253288854e+01 -1.308000000e+01 -8.7602e-02 -1.7982e+00 +3.1621e+00 +3.0899e+00 -2.5893e+00
1341 +3.658212404e-01 +3.658212404e-01 -1.271417876e+01 -1.308000000e+01 +6.4875e-02 -1.7982e+00 +3.4175e+00 +3.0899e+00 -2.5893e+00
1700 +1.837613729e-01 +1.837613729e-01 -1.289623863e+01 -1.308000000e+01 -8.7602e-02 -1.7982e+00 +3.4175e+00 +3.7371e+00 -2.5893e+00
1786 +9.613958947e-02 +9.613958947e-02 -1.298386041e+01 -1.308000000e+01 +1.5792e-01 -1.7982e+00 +3.4175e+00 +3.7371e+00 -2.5893e+00
2592 +5.834156713e-02 +5.834156713e-02 -1.302165843e+01 -1.308000000e+01 +1.9255e-01 -1.9517e+00 +3.4175e+00 +3.6081e+00 -2.5893e+00
4280 +2.922089019e-02 +2.922089019e-02 -1.305077911e+01 -1.308000000e+01 +1.9255e-01 -1.9517e+00 +3.4175e+00 +3.6081e+00 -2.2271e+00
4364 +1.637064117e-02 +1.637064117e-02 -1.306362936e+01 -1.308000000e+01 +1.9255e-01 -1.9517e+00 +3.4175e+00 +3.6081e+00 -2.4516e+00
7537 +1.488927067e-02 +1.488927067e-02 -1.306511073e+01 -1.308000000e+01 +2.4129e-01 -1.9472e+00 +3.4414e+00 +3.6221e+00 -2.2732e+00
7999 +6.657420043e-03 +6.657420043e-03 -1.307334258e+01 -1.308000000e+01 +2.4129e-01 -1.9472e+00 +3.4414e+00 +3.6221e+00 -2.3407e+00
8096 +5.968044389e-03 +5.968044389e-03 -1.307403196e+01 -1.308000000e+01 +2.4129e-01 -1.9472e+00 +3.4414e+00 +3.6221e+00 -2.3604e+00
8977 +2.886261397e-03 +2.886261397e-03 -1.307711374e+01 -1.308000000e+01 +2.4129e-01 -1.9472e+00 +3.5513e+00 +3.6221e+00 -2.3604e+00
13014 +2.451196497e-03 +2.451196497e-03 -1.307754880e+01 -1.308000000e+01 +2.5092e-01 -1.9090e+00 +3.5003e+00 +3.6229e+00 -2.3599e+00
17558 +8.931607280e-04 +8.931607280e-04 -1.307910684e+01 -1.308000000e+01 +2.3088e-01 -1.9153e+00 +3.5163e+00 +3.6008e+00 -2.3803e+00
17994 +6.128409053e-04 +6.128409053e-04 -1.307938716e+01 -1.308000000e+01 +2.3088e-01 -1.9469e+00 +3.5019e+00 +3.6008e+00 -2.3614e+00
20915 +3.954678857e-04 +3.954678857e-04 -1.307960453e+01 -1.308000000e+01 +2.0136e-01 -1.9469e+00 +3.5141e+00 +3.6008e+00 -2.3621e+00
37932 +2.409510716e-04 +2.409510716e-04 -1.307975905e+01 -1.308000000e+01 +2.0136e-01 -1.9382e+00 +3.5095e+00 +3.6008e+00 -2.3621e+00
38846 +8.941694970e-05 +8.941694970e-05 -1.307991058e+01 -1.308000000e+01 +2.0863e-01 -1.9382e+00 +3.5141e+00 +3.6088e+00 -2.3621e+00
59087 +5.553731584e-05 +5.553731584e-05 -1.307994446e+01 -1.308000000e+01 +2.1516e-01 -1.9327e+00 +3.5141e+00 +3.6088e+00 -2.3621e+00
64006 +3.611911193e-05 +3.611911193e-05 -1.307996388e+01 -1.308000000e+01 +2.1214e-01 -1.9317e+00 +3.5099e+00 +3.6081e+00 -2.3629e+00
93119 +1.283462205e-05 +1.283462205e-05 -1.307998717e+01 -1.308000000e+01 +2.1214e-01 -1.9327e+00 +3.5099e+00 +3.6081e+00 -2.3706e+00
129372 +6.857658644e-06 +6.857658644e-06 -1.307999314e+01 -1.308000000e+01 +2.1516e-01 -1.9327e+00 +3.5099e+00 +3.6081e+00 -2.3673e+00
151317 +4.865588549e-06 +4.865588549e-06 -1.307999513e+01 -1.308000000e+01 +2.1340e-01 -1.9327e+00 +3.5099e+00 +3.6081e+00 -2.3690e+00
233882 +3.962044312e-06 +3.962044312e-06 -1.307999604e+01 -1.308000000e+01 +2.1350e-01 -1.9327e+00 +3.5099e+00 +3.6067e+00 -2.3673e+00
250348 +2.034312443e-06 +2.034312443e-06 -1.307999797e+01 -1.308000000e+01 +2.1340e-01 -1.9336e+00 +3.5099e+00 +3.6076e+00 -2.3690e+00
284205 +1.237423330e-06 +1.237423330e-06 -1.307999876e+01 -1.308000000e+01 +2.1340e-01 -1.9336e+00 +3.5099e+00 +3.6076e+00 -2.3676e+00
390014 +9.444633804e-07 +9.444633804e-07 -1.307999906e+01 -1.308000000e+01 +2.1340e-01 -1.9336e+00 +3.5107e+00 +3.6076e+00 -2.3680e+00
417619 +2.181402525e-07 +2.181402525e-07 -1.307999978e+01 -1.308000000e+01 +2.1340e-01 -1.9343e+00 +3.5104e+00 +3.6076e+00 -2.3680e+00
% function evaluation | noise-free fitness - Fopt (2.671600000000e+02) | best noise-free fitness - Fopt | measured fitness | best measured fitness | x1 | x2...
1 +1.666310393e+02 +1.666310393e+02 +4.337910393e+02 +2.671600000e+02 -2.1051e-01 +3.4606e+00 -3.3475e+00 +4.7515e+00 -4.7028e+00
92 +5.587131607e+00 +5.587131607e+00 +2.727471316e+02 +2.671600000e+02 -4.6582e+00 -2.5246e+00 -3.2066e+00 -2.4546e+00 +2.3727e+00
278 +3.658320057e+00 +3.658320057e+00 +2.708183201e+02 +2.671600000e+02 -4.6582e+00 -2.9344e+00 -3.1260e+00 -1.8444e+00 +3.5997e+00
369 +1.937510608e+00 +1.937510608e+00 +2.690975106e+02 +2.671600000e+02 -3.0865e+00 -3.7232e+00 -3.4102e+00 -2.0887e+00 +4.7166e+00
463 +1.221755994e+00 +1.221755994e+00 +2.683817560e+02 +2.671600000e+02 -3.0865e+00 -3.7232e+00 -3.1260e+00 -1.8225e+00 +4.3886e+00
553 +9.919835968e-01 +9.919835968e-01 +2.681519836e+02 +2.671600000e+02 -2.6752e+00 -3.7232e+00 -3.4102e+00 -1.4554e+00 +4.2130e+00
639 +5.119739728e-01 +5.119739728e-01 +2.676719740e+02 +2.671600000e+02 -2.9277e+00 -3.7232e+00 -4.1296e+00 -1.8225e+00 +3.5997e+00
920 +3.140093526e-01 +3.140093526e-01 +2.674740094e+02 +2.671600000e+02 -2.6752e+00 -3.7232e+00 -3.4102e+00 -1.4554e+00 +3.5997e+00
1008 +9.253042713e-02 +9.253042713e-02 +2.672525304e+02 +2.671600000e+02 -2.9277e+00 -3.7232e+00 -3.4102e+00 -2.0241e+00 +3.5997e+00
1184 +4.410885114e-02 +4.410885114e-02 +2.672041089e+02 +2.671600000e+02 -2.9277e+00 -3.7232e+00 -3.4102e+00 -2.0241e+00 +3.2435e+00
1369 +3.770444817e-02 +3.770444817e-02 +2.671977044e+02 +2.671600000e+02 -2.9277e+00 -3.7232e+00 -3.4102e+00 -2.0241e+00 +3.4292e+00
1550 +2.348733683e-02 +2.348733683e-02 +2.671834873e+02 +2.671600000e+02 -2.9277e+00 -3.7232e+00 -3.4102e+00 -1.9063e+00 +3.2435e+00
2934 +1.358829427e-02 +1.358829427e-02 +2.671735883e+02 +2.671600000e+02 -2.9277e+00 -3.7232e+00 -3.4102e+00 -1.9063e+00 +3.4008e+00
3392 +9.694203041e-03 +9.694203041e-03 +2.671696942e+02 +2.671600000e+02 -2.9277e+00 -3.6452e+00 -3.4102e+00 -1.9063e+00 +3.4292e+00
3487 +4.306277912e-03 +4.306277912e-03 +2.671643063e+02 +2.671600000e+02 -2.9277e+00 -3.6452e+00 -3.4102e+00 -1.9063e+00 +3.3353e+00
3582 +3.899772177e-03 +3.899772177e-03 +2.671638998e+02 +2.671600000e+02 -2.9277e+00 -3.6452e+00 -3.5009e+00 -1.9063e+00 +3.3117e+00
3678 +2.478350306e-03 +2.478350306e-03 +2.671624784e+02 +2.671600000e+02 -2.9277e+00 -3.6452e+00 -3.5009e+00 -1.9063e+00 +3.3353e+00
13951 +9.828172626e-04 +9.828172626e-04 +2.671609828e+02 +2.671600000e+02 -2.9325e+00 -3.6178e+00 -3.4846e+00 -1.8634e+00 +3.3464e+00
29897 +3.205907684e-04 +3.205907684e-04 +2.671603206e+02 +2.671600000e+02 -2.9282e+00 -3.6452e+00 -3.4692e+00 -1.8634e+00 +3.3479e+00
31405 +2.391240749e-04 +2.391240749e-04 +2.671602391e+02 +2.671600000e+02 -2.9282e+00 -3.6379e+00 -3.4692e+00 -1.8914e+00 +3.3479e+00
32351 +1.131149967e-04 +1.131149967e-04 +2.671601131e+02 +2.671600000e+02 -2.9282e+00 -3.6379e+00 -3.4692e+00 -1.8856e+00 +3.3479e+00
39440 +5.245122037e-05 +5.245122037e-05 +2.671600525e+02 +2.671600000e+02 -2.9277e+00 -3.6361e+00 -3.4701e+00 -1.8736e+00 +3.3571e+00
58462 +2.895418419e-05 +2.895418419e-05 +2.671600290e+02 +2.671600000e+02 -2.9292e+00 -3.6361e+00 -3.4650e+00 -1.8736e+00 +3.3571e+00
69036 +1.396870391e-05 +1.396870391e-05 +2.671600140e+02 +2.671600000e+02 -2.9292e+00 -3.6361e+00 -3.4692e+00 -1.8775e+00 +3.3542e+00
79504 +1.265663172e-06 +1.265663172e-06 +2.671600013e+02 +2.671600000e+02 -2.9292e+00 -3.6361e+00 -3.4650e+00 -1.8775e+00 +3.3542e+00
152578 +7.215445521e-07 +7.215445521e-07 +2.671600007e+02 +2.671600000e+02 -2.9292e+00 -3.6366e+00 -3.4658e+00 -1.8776e+00 +3.3543e+00
172526 +5.624584105e-07 +5.624584105e-07 +2.671600006e+02 +2.671600000e+02 -2.9292e+00 -3.6368e+00 -3.4650e+00 -1.8775e+00 +3.3539e+00
249630 +2.879077670e-07 +2.879077670e-07 +2.671600003e+02 +2.671600000e+02 -2.9296e+00 -3.6368e+00 -3.4658e+00 -1.8776e+00 +3.3541e+00
256332 +2.421318754e-07 +2.421318754e-07 +2.671600002e+02 +2.671600000e+02 -2.9292e+00 -3.6368e+00 -3.4658e+00 -1.8776e+00 +3.3539e+00
270632 +1.009505581e-07 +1.009505581e-07 +2.671600001e+02 +2.671600000e+02 -2.9296e+00 -3.6368e+00 -3.4658e+00 -1.8776e+00 +3.3539e+00
387453 +9.503236242e-08 +9.503236242e-08 +2.671600001e+02 +2.671600000e+02 -2.9296e+00 -3.6368e+00 -3.4657e+00 -1.8776e+00 +3.3539e+00
396124 +5.299506256e-08 +5.299506256e-08 +2.671600001e+02 +2.671600000e+02 -2.9296e+00 -3.6368e+00 -3.4658e+00 -1.8776e+00 +3.3538e+00
% function evaluation | noise-free fitness - Fopt (3.710000000000e+00) | best noise-free fitness - Fopt | measured fitness | best measured fitness | x1 | x2...
1 +7.194440879e+01 +7.194440879e+01 +7.565440879e+01 +3.710000000e+00 +2.3491e+00 +9.2860e-01 -2.3293e+00 +1.5362e+00 -4.7909e+00
97 +8.195857569e+00 +8.195857569e+00 +1.190585757e+01 +3.710000000e+00 +3.8005e+00 -3.9862e+00 +4.5101e-01 +5.5566e-01 -2.2897e-01
197 +4.032659251e+00 +4.032659251e+00 +7.742659251e+00 +3.710000000e+00 +3.8005e+00 -3.9862e+00 +4.5101e-01 -6.7636e-01 +1.8371e+00
294 +2.859905891e+00 +2.859905891e+00 +6.569905891e+00 +3.710000000e+00 +3.8005e+00 -3.9862e+00 +4.5101e-01 -6.7636e-01 +1.1544e+00
394 +1.032953370e+00 +1.032953370e+00 +4.742953370e+00 +3.710000000e+00 +3.8005e+00 -3.9862e+00 +2.0892e-01 -2.2174e+00 +5.9064e-01
494 +7.956936403e-01 +7.956936403e-01 +4.505693640e+00 +3.710000000e+00 +3.8005e+00 -3.9862e+00 +4.5101e-01 -2.2174e+00 +5.9064e-01
594 +5.857620426e-01 +5.857620426e-01 +4.295762043e+00 +3.710000000e+00 +3.8005e+00 -2.6222e+00 +4.5101e-01 -2.2782e+00 +5.9064e-01
892 +2.925355074e-01 +2.925355074e-01 +4.002535507e+00 +3.710000000e+00 +3.8005e+00 -3.5109e+00 +4.5101e-01 -2.2174e+00 +6.9806e-01
991 +1.996846369e-01 +1.996846369e-01 +3.909684637e+00 +3.710000000e+00 +3.8005e+00 -3.5109e+00 +1.0320e+00 -2.2174e+00 +5.9064e-01
1091 +1.582322087e-01 +1.582322087e-01 +3.868232209e+00 +3.710000000e+00 +3.8005e+00 -3.5109e+00 +7.7698e-01 -2.2174e+00 +6.9806e-01
1783 +7.343205037e-02 +7.343205037e-02 +3.783432050e+00 +3.710000000e+00 +3.8005e+00 -3.1959e+00 +8.7113e-01 -2.2174e+00 +6.9806e-01
1883 +6.028582730e-02 +6.028582730e-02 +3.770285827e+00 +3.710000000e+00 +3.8005e+00 -3.3063e+00 +7.4925e-01 -2.1473e+00 +5.9064e-01
2081 +2.578739341e-02 +2.578739341e-02 +3.735787393e+00 +3.710000000e+00 +4.0457e+00 -3.1959e+00 +7.4925e-01 -2.1473e+00 +5.9064e-01
2276 +2.263302500e-02 +2.263302500e-02 +3.732633025e+00 +3.710000000e+00 +4.0457e+00 -3.1959e+00 +7.7698e-01 -2.1473e+00 +5.9064e-01
2374 +1.347364927e-02 +1.347364927e-02 +3.723473649e+00 +3.710000000e+00 +4.0457e+00 -3.1959e+00 +8.7113e-01 -2.0915e+00 +5.9064e-01
2669 +9.574127376e-03 +9.574127376e-03 +3.719574127e+00 +3.710000000e+00 +4.0457e+00 -3.1959e+00 +7.7698e-01 -2.0548e+00 +5.9064e-01
2869 +6.005464886e-03 +6.005464886e-03 +3.716005465e+00 +3.710000000e+00 +4.0093e+00 -3.1959e+00 +7.7698e-01 -2.0548e+00 +5.9064e-01
3358 +3.311467542e-03 +3.311467542e-03 +3.713311468e+00 +3.710000000e+00 +3.9607e+00 -3.1959e+00 +7.7698e-01 -2.0548e+00 +6.2794e-01
4050 +2.179541765e-03 +2.179541765e-03 +3.712179542e+00 +3.710000000e+00 +3.9607e+00 -3.2124e+00 +8.5412e-01 -2.0548e+00 +6.4559e-01
8156 +1.349874712e-03 +1.349874712e-03 +3.711349875e+00 +3.710000000e+00 +3.9735e+00 -3.2036e+00 +8.3548e-01 -2.0193e+00 +6.0910e-01
8427 +6.260304028e-04 +6.260304028e-04 +3.710626030e+00 +3.710000000e+00 +3.9735e+00 -3.2036e+00 +8.3548e-01 -2.0193e+00 +6.3023e-01
8874 +3.867403591e-04 +3.867403591e-04 +3.710386740e+00 +3.710000000e+00 +3.9735e+00 -3.2036e+00 +8.2068e-01 -2.0193e+00 +6.3023e-01
19596 +2.227079512e-04 +2.227079512e-04 +3.710222708e+00 +3.710000000e+00 +3.9735e+00 -3.2233e+00 +8.2068e-01 -2.0193e+00 +6.3023e-01
20259 +1.453491803e-04 +1.453491803e-04 +3.710145349e+00 +3.710000000e+00 +3.9735e+00 -3.2233e+00 +8.2068e-01 -2.0237e+00 +6.3023e-01
41891 +6.771331732e-05 +6.771331732e-05 +3.710067713e+00 +3.710000000e+00 +3.9735e+00 -3.2162e+00 +8.2068e-01 -2.0307e+00 +6.3038e-01
51886 +4.827407632e-05 +4.827407632e-05 +3.710048274e+00 +3.710000000e+00 +3.9800e+00 -3.2162e+00 +8.2068e-01 -2.0301e+00 +6.3023e-01
52160 +3.270934909e-05 +3.270934909e-05 +3.710032709e+00 +3.710000000e+00 +3.9800e+00 -3.2162e+00 +8.2068e-01 -2.0301e+00 +6.3155e-01
83278 +1.186914178e-05 +1.186914178e-05 +3.710011869e+00 +3.710000000e+00 +3.9788e+00 -3.2171e+00 +8.2068e-01 -2.0294e+00 +6.3365e-01
111371 +3.900460850e-06 +3.900460850e-06 +3.710003900e+00 +3.710000000e+00 +3.9786e+00 -3.2162e+00 +8.2068e-01 -2.0301e+00 +6.3795e-01
120250 +2.380004136e-06 +2.380004136e-06 +3.710002380e+00 +3.710000000e+00 +3.9793e+00 -3.2171e+00 +8.2054e-01 -2.0307e+00 +6.3771e-01
176487 +1.117195970e-06 +1.117195970e-06 +3.710001117e+00 +3.710000000e+00 +3.9786e+00 -3.2171e+00 +8.2068e-01 -2.0307e+00 +6.3629e-01
200367 +8.574146371e-07 +8.574146371e-07 +3.710000857e+00 +3.710000000e+00 +3.9786e+00 -3.2175e+00 +8.2068e-01 -2.0301e+00 +6.3629e-01
227470 +4.444580859e-07 +4.444580859e-07 +3.710000444e+00 +3.710000000e+00 +3.9786e+00 -3.2175e+00 +8.1976e-01 -2.0301e+00 +6.3629e-01
352965 +3.535963837e-07 +3.535963837e-07 +3.710000354e+00 +3.710000000e+00 +3.9783e+00 -3.2175e+00 +8.2048e-01 -2.0301e+00 +6.3668e-01
394214 +1.562683458e-07 +1.562683458e-07 +3.710000156e+00 +3.710000000e+00 +3.9783e+00 -3.2175e+00 +8.1972e-01 -2.0306e+00 +6.3668e-01
% function evaluation | noise-free fitness - Fopt (9.478000000000e+01) | best noise-free fitness - Fopt | measured fitness | best measured fitness | x1 | x2...
1 +1.389894764e+02 +1.389894764e+02 +2.337694764e+02 +9.478000000e+01 -4.1890e+00 +5.1781e-02 -1.9409e+00 +3.6041e+00 -1.6995e+00
98 +5.222690507e+00 +5.222690507e+00 +1.000026905e+02 +9.478000000e+01 +1.2781e+00 -4.6589e+00 +2.3200e+00 -2.9545e+00 +2.6619e+00
377 +2.073020159e+00 +2.073020159e+00 +9.685302016e+01 +9.478000000e+01 -2.5638e-01 -2.6648e+00 +3.7140e+00 -2.9545e+00 +2.2339e+00
475 +1.208960843e+00 +1.208960843e+00 +9.598896084e+01 +9.478000000e+01 +4.0928e-01 -3.3338e+00 +3.7140e+00 -2.9545e+00 +3.2657e+00
571 +7.264882639e-01 +7.264882639e-01 +9.550648826e+01 +9.478000000e+01 +4.0928e-01 -3.3338e+00 +3.7140e+00 -2.9545e+00 +2.2339e+00
769 +5.702822546e-01 +5.702822546e-01 +9.535028225e+01 +9.478000000e+01 +1.2781e+00 -3.3338e+00 +3.7140e+00 -2.9545e+00 +2.2339e+00
1062 +3.578342110e-01 +3.578342110e-01 +9.513783421e+01 +9.478000000e+01 +4.0928e-01 -3.3338e+00 +3.7140e+00 -3.4113e+00 +2.5868e+00
1158 +2.146998870e-01 +2.146998870e-01 +9.499469989e+01 +9.478000000e+01 +1.2781e+00 -3.3338e+00 +3.7140e+00 -3.3571e+00 +2.5868e+00
1551 +1.020361558e-01 +1.020361558e-01 +9.488203616e+01 +9.478000000e+01 +8.5590e-01 -3.3338e+00 +3.7140e+00 -3.3571e+00 +2.5868e+00
1745 +7.986628576e-02 +7.986628576e-02 +9.485986629e+01 +9.478000000e+01 +8.5590e-01 -3.3338e+00 +3.7854e+00 -3.3571e+00 +2.5868e+00
2231 +6.064241099e-02 +6.064241099e-02 +9.484064241e+01 +9.478000000e+01 +8.5590e-01 -3.2691e+00 +3.7854e+00 -3.3571e+00 +2.5868e+00
3104 +3.895268660e-02 +3.895268660e-02 +9.481895269e+01 +9.478000000e+01 +8.5590e-01 -3.1500e+00 +3.8027e+00 -3.3571e+00 +2.4902e+00
3501 +2.109486459e-02 +2.109486459e-02 +9.480109486e+01 +9.478000000e+01 +8.5590e-01 -3.1500e+00 +3.7854e+00 -3.4932e+00 +2.4902e+00
3975 +1.533805419e-02 +1.533805419e-02 +9.479533805e+01 +9.478000000e+01 +8.5590e-01 -3.1500e+00 +3.9970e+00 -3.4932e+00 +2.4902e+00
7036 +8.275830647e-03 +8.275830647e-03 +9.478827583e+01 +9.478000000e+01 +8.6648e-01 -3.1454e+00 +3.8466e+00 -3.5056e+00 +2.4978e+00
7231 +5.347210404e-03 +5.347210404e-03 +9.478534721e+01 +9.478000000e+01 +9.7330e-01 -3.1454e+00 +3.8466e+00 -3.5056e+00 +2.4978e+00
7328 +3.164355701e-03 +3.164355701e-03 +9.478316436e+01 +9.478000000e+01 +9.7330e-01 -3.1454e+00 +3.8701e+00 -3.5056e+00 +2.4978e+00
7610 +2.138587260e-03 +2.138587260e-03 +9.478213859e+01 +9.478000000e+01 +9.1014e-01 -3.1454e+00 +3.8701e+00 -3.5056e+00 +2.4978e+00
8666 +1.034044547e-03 +1.034044547e-03 +9.478103404e+01 +9.478000000e+01 +9.1014e-01 -3.1454e+00 +3.9146e+00 -3.5056e+00 +2.4978e+00
19342 +9.375696348e-04 +9.375696348e-04 +9.478093757e+01 +9.478000000e+01 +9.1014e-01 -3.1454e+00 +3.9047e+00 -3.5056e+00 +2.4978e+00
19530 +5.289633010e-04 +5.289633010e-04 +9.478052896e+01 +9.478000000e+01 +9.4034e-01 -3.1454e+00 +3.9146e+00 -3.5056e+00 +2.4978e+00
19900 +2.808481349e-04 +2.808481349e-04 +9.478028085e+01 +9.478000000e+01 +9.4034e-01 -3.1454e+00 +3.9047e+00 -3.5056e+00 +2.5294e+00
20547 +2.507151251e-04 +2.507151251e-04 +9.478025072e+01 +9.478000000e+01 +9.4034e-01 -3.1454e+00 +3.9047e+00 -3.5056e+00 +2.5038e+00
40444 +9.139163721e-05 +9.139163721e-05 +9.478009139e+01 +9.478000000e+01 +9.3954e-01 -3.1454e+00 +3.9047e+00 -3.5056e+00 +2.5152e+00
40729 +5.649229473e-05 +5.649229473e-05 +9.478005649e+01 +9.478000000e+01 +9.3425e-01 -3.1454e+00 +3.9047e+00 -3.5056e+00 +2.5152e+00
60255 +2.448536875e-06 +2.448536875e-06 +9.478000245e+01 +9.478000000e+01 +9.3425e-01 -3.1520e+00 +3.9047e+00 -3.5056e+00 +2.5152e+00
194100 +1.545705302e-06 +1.545705302e-06 +9.478000155e+01 +9.478000000e+01 +9.3425e-01 -3.1520e+00 +3.9047e+00 -3.5054e+00 +2.5160e+00
328806 +7.249991114e-07 +7.249991114e-07 +9.478000072e+01 +9.478000000e+01 +9.3367e-01 -3.1529e+00 +3.9047e+00 -3.5056e+00 +2.5160e+00
343350 +2.976041884e-07 +2.976041884e-07 +9.478000030e+01 +9.478000000e+01 +9.3367e-01 -3.1529e+00 +3.9047e+00 -3.5053e+00 +2.5160e+00
444248 +7.035559690e-08 +7.035559690e-08 +9.478000007e+01 +9.478000000e+01 +9.3367e-01 -3.1529e+00 +3.9047e+00 -3.5046e+00 +2.5160e+00
% function evaluation | noise-free fitness - Fopt (2.339200000000e+02) | best noise-free fitness - Fopt | measured fitness | best measured fitness | x1 | x2...
1 +1.565025562e+02 +1.565025562e+02 +3.904225562e+02 +2.339200000e+02 +4.9027e+00 -3.9512e+00 -2.1661e-01 +4.7032e+00 -1.2776e+00
89 +4.231871303e+00 +4.231871303e+00 +2.381518713e+02 +2.339200000e+02 -2.1720e+00 +3.1212e-02 -3.7353e+00 -2.1502e+00 +5.1980e-01
175 +3.115040111e+00 +3.115040111e+00 +2.370350401e+02 +2.339200000e+02 -3.2162e+00 +1.3634e+00 -2.4577e+00 -4.1625e+00 -1.3941e+00
270 +2.078154503e+00 +2.078154503e+00 +2.359981545e+02 +2.339200000e+02 -3.2598e+00 +7.2624e-01 -1.4954e+00 -2.9006e+00 -5.2212e-01
362 +1.541557695e+00 +1.541557695e+00 +2.354615577e+02 +2.339200000e+02 -3.9781e+00 +1.6912e+00 -3.2785e+00 -2.9006e+00 -5.2212e-01
449 +7.375462367e-01 +7.375462367e-01 +2.346575462e+02 +2.339200000e+02 -3.9781e+00 +5.6670e-01 -3.4430e+00 -2.8685e+00 -1.1123e-01
630 +2.829929931e-01 +2.829929931e-01 +2.342029930e+02 +2.339200000e+02 -3.2162e+00 +4.9351e-01 -2.4577e+00 -2.9006e+00 -5.2212e-01
814 +2.509133763e-01 +2.509133763e-01 +2.341709134e+02 +2.339200000e+02 -3.2598e+00 +5.6670e-01 -2.4577e+00 -2.9006e+00 -5.2212e-01
1371 +6.660963632e-02 +6.660963632e-02 +2.339866096e+02 +2.339200000e+02 -3.2162e+00 +5.6670e-01 -2.7915e+00 -2.9006e+00 -5.2212e-01
1455 +5.049858670e-02 +5.049858670e-02 +2.339704986e+02 +2.339200000e+02 -3.2598e+00 +5.6670e-01 -2.7915e+00 -2.9006e+00 -5.2212e-01
1638 +2.839045143e-02 +2.839045143e-02 +2.339483905e+02 +2.339200000e+02 -3.3613e+00 +5.6670e-01 -2.7893e+00 -2.9006e+00 -5.2212e-01
2178 +2.421020974e-02 +2.421020974e-02 +2.339442102e+02 +2.339200000e+02 -3.4340e+00 +5.6670e-01 -2.7915e+00 -2.9006e+00 -5.2212e-01
3525 +1.104170007e-02 +1.104170007e-02 +2.339310417e+02 +2.339200000e+02 -3.4340e+00 +6.4023e-01 -2.8247e+00 -2.9454e+00 -5.2212e-01
4158 +7.688285305e-03 +7.688285305e-03 +2.339276883e+02 +2.339200000e+02 -3.4340e+00 +6.4023e-01 -2.8431e+00 -2.9454e+00 -5.2212e-01
4524 +4.692793163e-03 +4.692793163e-03 +2.339246928e+02 +2.339200000e+02 -3.4340e+00 +6.4023e-01 -2.9854e+00 -2.9454e+00 -5.2212e-01
8547 +2.117620737e-03 +2.117620737e-03 +2.339221176e+02 +2.339200000e+02 -3.4462e+00 +6.7161e-01 -2.9142e+00 -2.9066e+00 -5.0839e-01
9210 +1.559122793e-03 +1.559122793e-03 +2.339215591e+02 +2.339200000e+02 -3.4251e+00 +6.7161e-01 -2.9142e+00 -2.9066e+00 -5.0839e-01
21189 +9.509544987e-04 +9.509544987e-04 +2.339209510e+02 +2.339200000e+02 -3.4251e+00 +6.6023e-01 -2.9142e+00 -2.9066e+00 -5.0839e-01
22703 +6.210940881e-04 +6.210940881e-04 +2.339206211e+02 +2.339200000e+02 -3.4251e+00 +6.4981e-01 -2.9142e+00 -2.9066e+00 -5.0839e-01
27377 +2.820305010e-04 +2.820305010e-04 +2.339202820e+02 +2.339200000e+02 -3.4251e+00 +6.2902e-01 -2.9142e+00 -2.9259e+00 -5.0839e-01
31373 +1.384254258e-04 +1.384254258e-04 +2.339201384e+02 +2.339200000e+02 -3.4251e+00 +6.3218e-01 -2.9323e+00 -2.9213e+00 -5.0433e-01
45660 +9.017350337e-05 +9.017350337e-05 +2.339200902e+02 +2.339200000e+02 -3.4251e+00 +6.4023e-01 -2.9323e+00 -2.9213e+00 -5.0433e-01
48390 +6.221108305e-05 +6.221108305e-05 +2.339200622e+02 +2.339200000e+02 -3.4251e+00 +6.4023e-01 -2.9312e+00 -2.9213e+00 -5.0043e-01
69304 +3.531754535e-05 +3.531754535e-05 +2.339200353e+02 +2.339200000e+02 -3.4200e+00 +6.4023e-01 -2.9301e+00 -2.9249e+00 -5.0166e-01
83089 +2.299952737e-05 +2.299952737e-05 +2.339200230e+02 +2.339200000e+02 -3.4233e+00 +6.4151e-01 -2.9230e+00 -2.9259e+00 -5.0433e-01
110440 +1.135095462e-05 +1.135095462e-05 +2.339200114e+02 +2.339200000e+02 -3.4251e+00 +6.4023e-01 -2.9249e+00 -2.9231e+00 -5.0104e-01
124609 +9.863182811e-06 +9.863182811e-06 +2.339200099e+02 +2.339200000e+02 -3.4251e+00 +6.4023e-01 -2.9249e+00 -2.9259e+00 -5.0104e-01
124793 +3.088340492e-06 +3.088340492e-06 +2.339200031e+02 +2.339200000e+02 -3.4233e+00 +6.4023e-01 -2.9249e+00 -2.9259e+00 -5.0104e-01
142749 +1.865176586e-06 +1.865176586e-06 +2.339200019e+02 +2.339200000e+02 -3.4233e+00 +6.4023e-01 -2.9249e+00 -2.9249e+00 -5.0104e-01
142845 +1.316794823e-06 +1.316794823e-06 +2.339200013e+02 +2.339200000e+02 -3.4233e+00 +6.3849e-01 -2.9249e+00 -2.9249e+00 -5.0104e-01
189139 +9.960682519e-07 +9.960682519e-07 +2.339200010e+02 +2.339200000e+02 -3.4233e+00 +6.3920e-01 -2.9245e+00 -2.9249e+00 -5.0043e-01
218436 +2.703479254e-07 +2.703479254e-07 +2.339200003e+02 +2.339200000e+02 -3.4223e+00 +6.3920e-01 -2.9245e+00 -2.9249e+00 -5.0043e-01
240883 +1.525147582e-07 +1.525147582e-07 +2.339200002e+02 +2.339200000e+02 -3.4223e+00 +6.3920e-01 -2.9245e+00 -2.9249e+00 -5.0067e-01
323861 +8.722659572e-08 +8.722659572e-08 +2.339200001e+02 +2.339200000e+02 -3.4223e+00 +6.3920e-01 -2.9249e+00 -2.9249e+00 -5.0104e-01
% function evaluation | noise-free fitness - Fopt (-6.092000000000e+01) | best noise-free fitness - Fopt | measured fitness | best measured fitness | x1 | x2...
1 +5.869153941e+01 +5.869153941e+01 -2.228460590e+00 -6.092000000e+01 -4.4552e-01 -1.4824e+00 -2.6414e-01 +2.0251e+00 +1.0094e+00
96 +4.865579440e+00 +4.865579440e+00 -5.605442056e+01 -6.092000000e+01 +1.0618e-01 +3.9819e+00 +4.3489e+00 +3.4938e-02 -2.7179e+00
289 +3.741802756e+00 +3.741802756e+00 -5.717819724e+01 -6.092000000e+01 +1.0618e-01 +3.9819e+00 +4.3489e+00 -6.6041e-01 -2.7179e+00
382 +2.014878837e+00 +2.014878837e+00 -5.890512116e+01 -6.092000000e+01 +7.4825e-01 +3.3203e+00 +3.4919e+00 +3.4938e-02 -2.7179e+00
474 +1.286068084e+00 +1.286068084e+00 -5.963393192e+01 -6.092000000e+01 +1.2860e+00 +2.0798e+00 +3.0728e+00 -1.8957e+00 -2.7179e+00
571 +8.974860853e-01 +8.974860853e-01 -6.002251391e+01 -6.092000000e+01 +1.2860e+00 +2.0798e+00 +3.0728e+00 -6.6041e-01 -2.7179e+00
851 +4.419555431e-01 +4.419555431e-01 -6.047804446e+01 -6.092000000e+01 +7.4825e-01 +2.7705e+00 +3.6206e+00 -6.6041e-01 -2.7179e+00
1136 +3.090806577e-01 +3.090806577e-01 -6.061091934e+01 -6.092000000e+01 +7.4825e-01 +2.2851e+00 +3.1953e+00 -1.0712e+00 -2.7179e+00
1318 +2.359101192e-01 +2.359101192e-01 -6.068408988e+01 -6.092000000e+01 +7.4825e-01 +2.7705e+00 +3.1953e+00 -1.0712e+00 -2.7179e+00
1508 +1.157745104e-01 +1.157745104e-01 -6.080422549e+01 -6.092000000e+01 +7.4825e-01 +2.7705e+00 +3.1953e+00 -1.0712e+00 -3.2267e+00
1792 +7.978275287e-02 +7.978275287e-02 -6.084021725e+01 -6.092000000e+01 +7.4825e-01 +2.8006e+00 +3.4072e+00 -1.0712e+00 -3.2267e+00
2362 +5.114759118e-02 +5.114759118e-02 -6.086885241e+01 -6.092000000e+01 +7.4825e-01 +2.7705e+00 +3.4072e+00 -1.0712e+00 -3.0603e+00
2561 +3.493789302e-02 +3.493789302e-02 -6.088506211e+01 -6.092000000e+01 +8.2926e-01 +2.7705e+00 +3.4072e+00 -1.0712e+00 -3.0603e+00
2760 +2.344873287e-02 +2.344873287e-02 -6.089655127e+01 -6.092000000e+01 +7.4825e-01 +2.5858e+00 +3.4072e+00 -1.0712e+00 -3.0603e+00
2950 +6.483911210e-03 +6.483911210e-03 -6.091351609e+01 -6.092000000e+01 +9.1728e-01 +2.6510e+00 +3.4072e+00 -1.0712e+00 -3.0603e+00
3045 +4.570162185e-03 +4.570162185e-03 -6.091542984e+01 -6.092000000e+01 +9.1728e-01 +2.6224e+00 +3.4072e+00 -1.0712e+00 -3.0603e+00
3332 +3.574333148e-03 +3.574333148e-03 -6.091642567e+01 -6.092000000e+01 +9.3250e-01 +2.5858e+00 +3.4072e+00 -1.1001e+00 -3.0603e+00
4475 +1.760141174e-03 +1.760141174e-03 -6.091823986e+01 -6.092000000e+01 +9.0792e-01 +2.6224e+00 +3.4072e+00 -1.1110e+00 -3.0603e+00
17910 +8.368077513e-04 +8.368077513e-04 -6.091916319e+01 -6.092000000e+01 +8.7699e-01 +2.6050e+00 +3.4069e+00 -1.1120e+00 -3.1147e+00
23784 +3.288807809e-04 +3.288807809e-04 -6.091967112e+01 -6.092000000e+01 +8.7699e-01 +2.6050e+00 +3.4069e+00 -1.1261e+00 -3.1019e+00
24539 +2.334758392e-04 +2.334758392e-04 -6.091976652e+01 -6.092000000e+01 +8.8216e-01 +2.6050e+00 +3.4069e+00 -1.1261e+00 -3.1019e+00
37223 +9.070067008e-05 +9.070067008e-05 -6.091990930e+01 -6.092000000e+01 +8.9179e-01 +2.5979e+00 +3.4072e+00 -1.1162e+00 -3.0873e+00
51714 +5.032687840e-05 +5.032687840e-05 -6.091994967e+01 -6.092000000e+01 +8.9083e-01 +2.6050e+00 +3.4072e+00 -1.1197e+00 -3.0860e+00
66007 +3.889190221e-05 +3.889190221e-05 -6.091996111e+01 -6.092000000e+01 +8.8869e-01 +2.6050e+00 +3.4136e+00 -1.1261e+00 -3.0880e+00
66104 +1.914234811e-05 +1.914234811e-05 -6.091998086e+01 -6.092000000e+01 +8.8869e-01 +2.6050e+00 +3.4136e+00 -1.1236e+00 -3.0880e+00
67486 +1.371365822e-05 +1.371365822e-05 -6.091998629e+01 -6.092000000e+01 +8.8869e-01 +2.6050e+00 +3.4136e+00 -1.1236e+00 -3.0908e+00
86015 +7.360540010e-06 +7.360540010e-06 -6.091999264e+01 -6.092000000e+01 +8.8869e-01 +2.6050e+00 +3.4136e+00 -1.1196e+00 -3.0908e+00
107113 +5.546936166e-06 +5.546936166e-06 -6.091999445e+01 -6.092000000e+01 +8.8869e-01 +2.6050e+00 +3.4111e+00 -1.1196e+00 -3.0908e+00
108842 +2.512794836e-06 +2.512794836e-06 -6.091999749e+01 -6.092000000e+01 +8.8869e-01 +2.6036e+00 +3.4112e+00 -1.1196e+00 -3.0908e+00
149847 +2.353400106e-06 +2.353400106e-06 -6.091999765e+01 -6.092000000e+01 +8.8869e-01 +2.6036e+00 +3.4112e+00 -1.1196e+00 -3.0905e+00
273422 +9.722565650e-07 +9.722565650e-07 -6.091999903e+01 -6.092000000e+01 +8.8869e-01 +2.6036e+00 +3.4112e+00 -1.1211e+00 -3.0905e+00
301482 +5.692153735e-07 +5.692153735e-07 -6.091999943e+01 -6.092000000e+01 +8.8869e-01 +2.6036e+00 +3.4125e+00 -1.1204e+00 -3.0905e+00
431283 +2.671466959e-07 +2.671466959e-07 -6.091999973e+01 -6.092000000e+01 +8.8869e-01 +2.6032e+00 +3.4125e+00 -1.1207e+00 -3.0905e+00
% function evaluation | noise-free fitness - Fopt (-1.948000000000e+01) | best noise-free fitness - Fopt | measured fitness | best measured fitness | x1 | x2...
1 +6.196151479e+01 +6.196151479e+01 +4.248151479e+01 -1.948000000e+01 +3.5670e+00 -3.2811e+00 +5.1812e-01 +4.9735e+00 +4.0156e+00
93 +6.392661200e+00 +6.392661200e+00 -1.308733880e+01 -1.948000000e+01 -1.9150e+00 +3.3883e+00 +1.7351e+00 +2.1139e+00 +4.8090e+00
182 +2.633807669e+00 +2.633807669e+00 -1.684619233e+01 -1.948000000e+01 -7.4620e-01 +2.5337e+00 +1.0554e-01 +3.3591e-01 +3.6904e+00
280 +2.352817584e+00 +2.352817584e+00 -1.712718242e+01 -1.948000000e+01 -7.4620e-01 +2.5337e+00 +1.0554e-01 +2.4973e+00 +3.6904e+00
564 +1.473649373e+00 +1.473649373e+00 -1.800635063e+01 -1.948000000e+01 -7.4620e-01 +2.5337e+00 +1.0554e-01 +1.0911e+00 +3.6904e+00
838 +9.391582344e-01 +9.391582344e-01 -1.854084177e+01 -1.948000000e+01 -7.4620e-01 +2.5337e+00 +1.2048e+00 +1.0911e+00 +3.8402e+00
1025 +5.374862795e-01 +5.374862795e-01 -1.894251372e+01 -1.948000000e+01 -1.1240e+00 +2.5337e+00 +1.3247e+00 +1.0911e+00 +3.1478e+00
1402 +3.715483879e-01 +3.715483879e-01 -1.910845161e+01 -1.948000000e+01 -7.4620e-01 +2.5337e+00 +1.2048e+00 +1.4668e+00 +3.3648e+00
1765 +2.439962213e-01 +2.439962213e-01 -1.923600378e+01 -1.948000000e+01 -7.4620e-01 +2.2446e+00 +1.2048e+00 +1.1500e+00 +3.1418e+00
2042 +1.095725294e-01 +1.095725294e-01 -1.937042747e+01 -1.948000000e+01 -7.8971e-01 +2.2446e+00 +9.7552e-01 +1.2759e+00 +3.1418e+00
2133 +8.191977869e-02 +8.191977869e-02 -1.939808022e+01 -1.948000000e+01 -9.5298e-01 +2.2430e+00 +9.6046e-01 +1.2759e+00 +3.1418e+00
2506 +4.349327097e-02 +4.349327097e-02 -1.943650673e+01 -1.948000000e+01 -9.5298e-01 +2.0720e+00 +9.6876e-01 +1.6869e+00 +3.1418e+00
2870 +2.940486074e-02 +2.940486074e-02 -1.945059514e+01 -1.948000000e+01 -1.1240e+00 +2.0720e+00 +9.7552e-01 +1.4961e+00 +3.1720e+00
3058 +3.732281203e-03 +3.732281203e-03 -1.947626772e+01 -1.948000000e+01 -9.5298e-01 +2.0720e+00 +9.4459e-01 +1.5238e+00 +3.1720e+00
3247 +7.759240621e-04 +7.759240621e-04 -1.947922408e+01 -1.948000000e+01 -9.5298e-01 +2.0720e+00 +9.7552e-01 +1.4890e+00 +3.1720e+00
14442 +4.630005650e-04 +4.630005650e-04 -1.947953700e+01 -1.948000000e+01 -9.6797e-01 +2.0420e+00 +9.6616e-01 +1.4741e+00 +3.1713e+00
20521 +3.202343083e-04 +3.202343083e-04 -1.947967977e+01 -1.948000000e+01 -9.5970e-01 +2.0420e+00 +9.6616e-01 +1.4741e+00 +3.1713e+00
24011 +1.775960658e-04 +1.775960658e-04 -1.947982240e+01 -1.948000000e+01 -9.5769e-01 +2.0420e+00 +9.8793e-01 +1.4741e+00 +3.1713e+00
28907 +9.778297491e-05 +9.778297491e-05 -1.947990222e+01 -1.948000000e+01 -9.5298e-01 +2.0428e+00 +9.7552e-01 +1.4890e+00 +3.1679e+00
43262 +3.071491832e-05 +3.071491832e-05 -1.947996929e+01 -1.948000000e+01 -9.5769e-01 +2.0420e+00 +9.8202e-01 +1.4811e+00 +3.1663e+00
59551 +1.166449516e-05 +1.166449516e-05 -1.947998834e+01 -1.948000000e+01 -9.5298e-01 +2.0478e+00 +9.8202e-01 +1.4811e+00 +3.1663e+00
60316 +7.899875296e-06 +7.899875296e-06 -1.947999210e+01 -1.948000000e+01 -9.5298e-01 +2.0478e+00 +9.7943e-01 +1.4811e+00 +3.1663e+00
92298 +5.244007308e-06 +5.244007308e-06 -1.947999476e+01 -1.948000000e+01 -9.5363e-01 +2.0478e+00 +9.7943e-01 +1.4818e+00 +3.1663e+00
99666 +1.399215375e-06 +1.399215375e-06 -1.947999860e+01 -1.948000000e+01 -9.5440e-01 +2.0464e+00 +9.7943e-01 +1.4811e+00 +3.1652e+00
222327 +9.092869000e-07 +9.092869000e-07 -1.947999909e+01 -1.948000000e+01 -9.5440e-01 +2.0464e+00 +9.7977e-01 +1.4818e+00 +3.1652e+00
275327 +3.622541875e-07 +3.622541875e-07 -1.947999964e+01 -1.948000000e+01 -9.5537e-01 +2.0464e+00 +9.7966e-01 +1.4818e+00 +3.1652e+00
311559 +1.961668872e-07 +1.961668872e-07 -1.947999980e+01 -1.948000000e+01 -9.5506e-01 +2.0464e+00 +9.7977e-01 +1.4818e+00 +3.1659e+00
325411 +1.342953588e-07 +1.342953588e-07 -1.947999987e+01 -1.948000000e+01 -9.5516e-01 +2.0464e+00 +9.7992e-01 +1.4818e+00 +3.1659e+00
344047 +3.695431516e-08 +3.695431516e-08 -1.947999996e+01 -1.948000000e+01 -9.5516e-01 +2.0464e+00 +9.7992e-01 +1.4818e+00 +3.1656e+00
% function evaluation | noise-free fitness - Fopt (1.344700000000e+02) | best noise-free fitness - Fopt | measured fitness | best measured fitness | x1 | x2...
1 +5.188340635e+01 +5.188340635e+01 +1.863534063e+02 +1.344700000e+02 +3.2210e+00 +3.8793e+00 +1.5484e+00 -4.7502e+00 -1.1452e+00
95 +2.983774924e+00 +2.983774924e+00 +1.374537749e+02 +1.344700000e+02 -2.7778e+00 +2.4955e+00 +1.7108e+00 -3.2201e+00 -2.6791e+00
288 +1.880147830e+00 +1.880147830e+00 +1.363501478e+02 +1.344700000e+02 -3.5440e+00 +4.2519e+00 +8.6169e-01 -2.9446e+00 -2.6504e+00
478 +1.142336784e+00 +1.142336784e+00 +1.356123368e+02 +1.344700000e+02 -2.7778e+00 +2.4955e+00 +8.6169e-01 -2.8322e+00 -2.7679e+00
765 +7.624144251e-01 +7.624144251e-01 +1.352324144e+02 +1.344700000e+02 -3.4702e+00 +2.4955e+00 +2.8511e-01 -2.8322e+00 -2.6791e+00
865 +5.727043344e-01 +5.727043344e-01 +1.350427043e+02 +1.344700000e+02 -3.5440e+00 +3.2962e+00 +8.6169e-01 -2.8322e+00 -2.7679e+00
1054 +3.876792617e-01 +3.876792617e-01 +1.348576793e+02 +1.344700000e+02 -3.4702e+00 +2.9081e+00 +2.8511e-01 -2.8322e+00 -2.6791e+00
1246 +2.220662084e-01 +2.220662084e-01 +1.346920662e+02 +1.344700000e+02 -3.5440e+00 +2.9081e+00 +2.8511e-01 -2.8322e+00 -2.9292e+00
1341 +5.434930426e-02 +5.434930426e-02 +1.345243493e+02 +1.344700000e+02 -3.4702e+00 +3.0716e+00 +2.8511e-01 -2.8322e+00 -3.2351e+00
1533 +3.341514329e-02 +3.341514329e-02 +1.345034151e+02 +1.344700000e+02 -3.1588e+00 +3.2962e+00 +2.8511e-01 -2.8322e+00 -3.2351e+00
2198 +2.089315431e-02 +2.089315431e-02 +1.344908932e+02 +1.344700000e+02 -3.1588e+00 +3.0716e+00 +2.8511e-01 -2.8322e+00 -3.2351e+00
2486 +1.570610658e-02 +1.570610658e-02 +1.344857061e+02 +1.344700000e+02 -3.1588e+00 +3.2001e+00 +2.8511e-01 -2.8322e+00 -3.2351e+00
3356 +7.318645458e-03 +7.318645458e-03 +1.344773186e+02 +1.344700000e+02 -3.2317e+00 +3.1003e+00 +2.8511e-01 -2.8322e+00 -3.2351e+00
3450 +6.054405299e-03 +6.054405299e-03 +1.344760544e+02 +1.344700000e+02 -3.2089e+00 +3.1559e+00 +2.8511e-01 -2.8322e+00 -3.2351e+00
3928 +3.297345137e-03 +3.297345137e-03 +1.344732973e+02 +1.344700000e+02 -3.2317e+00 +3.1559e+00 +2.9570e-01 -2.8322e+00 -3.2351e+00
4025 +2.304896830e-03 +2.304896830e-03 +1.344723049e+02 +1.344700000e+02 -3.2317e+00 +3.1770e+00 +3.3164e-01 -2.8322e+00 -3.2351e+00
17494 +1.226818172e-03 +1.226818172e-03 +1.344712268e+02 +1.344700000e+02 -3.2878e+00 +3.1475e+00 +3.2512e-01 -2.8648e+00 -3.1979e+00
18166 +7.091804463e-04 +7.091804463e-04 +1.344707092e+02 +1.344700000e+02 -3.2753e+00 +3.1475e+00 +3.2512e-01 -2.8648e+00 -3.1979e+00
22641 +3.024310553e-04 +3.024310553e-04 +1.344703024e+02 +1.344700000e+02 -3.2495e+00 +3.1559e+00 +3.3164e-01 -2.8608e+00 -3.2130e+00
22933 +1.601440030e-04 +1.601440030e-04 +1.344701601e+02 +1.344700000e+02 -3.2495e+00 +3.1559e+00 +3.3164e-01 -2.8472e+00 -3.2130e+00
28069 +1.549342711e-04 +1.549342711e-04 +1.344701549e+02 +1.344700000e+02 -3.2565e+00 +3.1559e+00 +3.3164e-01 -2.8603e+00 -3.2091e+00
29400 +4.867656887e-05 +4.867656887e-05 +1.344700487e+02 +1.344700000e+02 -3.2653e+00 +3.1528e+00 +3.3710e-01 -2.8498e+00 -3.2102e+00
42374 +2.458090432e-05 +2.458090432e-05 +1.344700246e+02 +1.344700000e+02 -3.2616e+00 +3.1528e+00 +3.3710e-01 -2.8498e+00 -3.2072e+00
43311 +1.464405307e-05 +1.464405307e-05 +1.344700146e+02 +1.344700000e+02 -3.2616e+00 +3.1556e+00 +3.3710e-01 -2.8498e+00 -3.2072e+00
43867 +9.706911271e-06 +9.706911271e-06 +1.344700097e+02 +1.344700000e+02 -3.2616e+00 +3.1556e+00 +3.3630e-01 -2.8498e+00 -3.2072e+00
60232 +6.137441147e-06 +6.137441147e-06 +1.344700061e+02 +1.344700000e+02 -3.2616e+00 +3.1559e+00 +3.3164e-01 -2.8498e+00 -3.2072e+00
83515 +2.407337973e-06 +2.407337973e-06 +1.344700024e+02 +1.344700000e+02 -3.2616e+00 +3.1556e+00 +3.3356e-01 -2.8498e+00 -3.2072e+00
158033 +1.447910222e-06 +1.447910222e-06 +1.344700014e+02 +1.344700000e+02 -3.2616e+00 +3.1560e+00 +3.3356e-01 -2.8493e+00 -3.2072e+00
266942 +8.451095539e-07 +8.451095539e-07 +1.344700008e+02 +1.344700000e+02 -3.2616e+00 +3.1560e+00 +3.3356e-01 -2.8493e+00 -3.2082e+00
414402 +4.855027953e-07 +4.855027953e-07 +1.344700005e+02 +1.344700000e+02 -3.2605e+00 +3.1560e+00 +3.3356e-01 -2.8490e+00 -3.2074e+00
421116 +1.559135399e-07 +1.559135399e-07 +1.344700002e+02 +1.344700000e+02 -3.2605e+00 +3.1560e+00 +3.3356e-01 -2.8486e+00 -3.2082e+00
% function evaluation | noise-free fitness - Fopt (4.453500000000e+02) | best noise-free fitness - Fopt | measured fitness | best measured fitness | x1 | x2...
1 +6.564884348e+01 +6.564884348e+01 +5.109988435e+02 +4.453500000e+02 +1.3055e+00 -1.8422e-01 +2.1427e+00 -2.7780e+00 -7.0837e-01
96 +3.608159779e+00 +3.608159779e+00 +4.489581598e+02 +4.453500000e+02 -2.7648e+00 +2.9860e+00 -1.8558e+00 -1.0171e+00 +3.0539e+00
187 +1.372497713e+00 +1.372497713e+00 +4.467224977e+02 +4.453500000e+02 -2.7648e+00 +3.8329e+00 -9.1558e-02 +6.1289e-02 +4.0576e+00
361 +7.651732204e-01 +7.651732204e-01 +4.461151732e+02 +4.453500000e+02 -3.5897e+00 +3.0317e+00 -7.6928e-02 +7.0826e-01 +3.0539e+00
538 +5.413221443e-01 +5.413221443e-01 +4.458913221e+02 +4.453500000e+02 -2.7648e+00 +3.8329e+00 -6.3730e-01 +6.1289e-02 +3.5069e+00
725 +2.958654802e-01 +2.958654802e-01 +4.456458655e+02 +4.453500000e+02 -3.4951e+00 +3.0317e+00 -6.3730e-01 +4.4412e-02 +3.5069e+00
894 +2.465405854e-01 +2.465405854e-01 +4.455965406e+02 +4.453500000e+02 -3.2639e+00 +3.7351e+00 -6.3730e-01 +1.3626e-01 +3.0539e+00
1423 +7.766300138e-02 +7.766300138e-02 +4.454276630e+02 +4.453500000e+02 -3.2639e+00 +3.1942e+00 -6.3730e-01 +2.6799e-01 +3.0539e+00
1593 +6.000163329e-02 +6.000163329e-02 +4.454100016e+02 +4.453500000e+02 -3.2639e+00 +3.3685e+00 -6.3730e-01 +2.6799e-01 +3.0539e+00
1945 +2.513381397e-02 +2.513381397e-02 +4.453751338e+02 +4.453500000e+02 -3.2639e+00 +3.1942e+00 -6.3730e-01 +2.6799e-01 +3.2898e+00
2129 +1.088811788e-02 +1.088811788e-02 +4.453608881e+02 +4.453500000e+02 -3.1353e+00 +3.3685e+00 -6.3730e-01 +2.6799e-01 +3.2125e+00
2488 +8.312817312e-03 +8.312817312e-03 +4.453583128e+02 +4.453500000e+02 -3.2517e+00 +3.3685e+00 -6.3730e-01 +2.6799e-01 +3.3328e+00
3108 +5.928642727e-03 +5.928642727e-03 +4.453559286e+02 +4.453500000e+02 -3.2517e+00 +3.3685e+00 -6.3730e-01 +2.6799e-01 +3.2745e+00
3635 +3.591835807e-03 +3.591835807e-03 +4.453535918e+02 +4.453500000e+02 -3.2258e+00 +3.3685e+00 -6.3730e-01 +2.6799e-01 +3.2745e+00
18163 +1.922908911e-03 +1.922908911e-03 +4.453519229e+02 +4.453500000e+02 -3.1707e+00 +3.3618e+00 -6.0648e-01 +2.8573e-01 +3.2733e+00
21203 +1.076275452e-03 +1.076275452e-03 +4.453510763e+02 +4.453500000e+02 -3.1976e+00 +3.3517e+00 -5.9764e-01 +3.0603e-01 +3.2827e+00
21300 +6.409887593e-04 +6.409887593e-04 +4.453506410e+02 +4.453500000e+02 -3.1976e+00 +3.3090e+00 -6.1622e-01 +3.0603e-01 +3.2827e+00
21397 +5.014158248e-04 +5.014158248e-04 +4.453505014e+02 +4.453500000e+02 -3.1976e+00 +3.3517e+00 -6.1622e-01 +3.0603e-01 +3.2827e+00
27577 +1.328090095e-04 +1.328090095e-04 +4.453501328e+02 +4.453500000e+02 -3.1931e+00 +3.3249e+00 -6.1752e-01 +3.0603e-01 +3.2839e+00
27962 +9.352487257e-05 +9.352487257e-05 +4.453500935e+02 +4.453500000e+02 -3.1931e+00 +3.3323e+00 -6.2309e-01 +3.0603e-01 +3.2773e+00
42368 +5.583508533e-05 +5.583508533e-05 +4.453500558e+02 +4.453500000e+02 -3.1976e+00 +3.3310e+00 -6.1622e-01 +2.9751e-01 +3.2827e+00
46901 +1.977930953e-05 +1.977930953e-05 +4.453500198e+02 +4.453500000e+02 -3.1968e+00 +3.3310e+00 -6.1960e-01 +2.9751e-01 +3.2827e+00
55600 +1.164283577e-05 +1.164283577e-05 +4.453500116e+02 +4.453500000e+02 -3.1931e+00 +3.3323e+00 -6.2309e-01 +2.9515e-01 +3.2827e+00
56592 +3.289274787e-06 +3.289274787e-06 +4.453500033e+02 +4.453500000e+02 -3.1931e+00 +3.3323e+00 -6.2309e-01 +2.9989e-01 +3.2827e+00
84763 +1.840067682e-06 +1.840067682e-06 +4.453500018e+02 +4.453500000e+02 -3.1931e+00 +3.3323e+00 -6.2309e-01 +2.9752e-01 +3.2827e+00
131215 +1.164511389e-06 +1.164511389e-06 +4.453500012e+02 +4.453500000e+02 -3.1931e+00 +3.3323e+00 -6.2309e-01 +2.9808e-01 +3.2827e+00
191000 +9.446632134e-07 +9.446632134e-07 +4.453500009e+02 +4.453500000e+02 -3.1931e+00 +3.3321e+00 -6.2309e-01 +2.9840e-01 +3.2827e+00
293881 +5.556196925e-07 +5.556196925e-07 +4.453500006e+02 +4.453500000e+02 -3.1931e+00 +3.3323e+00 -6.2212e-01 +2.9840e-01 +3.2829e+00
429790 +3.754933005e-07 +3.754933005e-07 +4.453500004e+02 +4.453500000e+02 -3.1931e+00 +3.3319e+00 -6.2250e-01 +2.9840e-01 +3.2829e+00
