% function evaluation | noise-free fitness - Fopt (7.948000000000e+01) | best noise-free fitness - Fopt | measured fitness | best measured fitness | x1 | x2...
1 +1.323358705e+01 +1.323358705e+01 +9.271358705e+01 +7.948000000e+01 -1.3943e+00 -2.8343e-01 +2.3998e+00
80 +1.360482979e+00 +1.360482979e+00 +8.084048298e+01 +7.948000000e+01 +6.7556e-01 -1.1837e+00 +3.6275e-01
243 +1.919636027e-01 +1.919636027e-01 +7.967196360e+01 +7.948000000e+01 +1.9264e-02 -1.1744e+00 -1.0943e+00
412 +5.617145972e-02 +5.617145972e-02 +7.953617146e+01 +7.948000000e+01 +1.5458e-01 -1.2951e+00 -5.5848e-01
497 +3.735422034e-02 +3.735422034e-02 +7.951735422e+01 +7.948000000e+01 +1.5458e-01 -1.1744e+00 -5.5848e-01
1276 +1.521586750e-02 +1.521586750e-02 +7.949521587e+01 +7.948000000e+01 +1.5458e-01 -1.1744e+00 -7.9651e-01
1365 +4.083514630e-03 +4.083514630e-03 +7.948408351e+01 +7.948000000e+01 +3.0250e-01 -1.1744e+00 -7.6008e-01
2587 +3.233970146e-03 +3.233970146e-03 +7.948323397e+01 +7.948000000e+01 +2.9306e-01 -1.1744e+00 -7.6008e-01
3353 +2.510311905e-03 +2.510311905e-03 +7.948251031e+01 +7.948000000e+01 +2.9306e-01 -1.1744e+00 -7.4805e-01
6735 +8.425198597e-05 +8.425198597e-05 +7.948008425e+01 +7.948000000e+01 +2.4760e-01 -1.1579e+00 -7.1651e-01
6828 +6.019001772e-05 +6.019001772e-05 +7.948006019e+01 +7.948000000e+01 +2.5108e-01 -1.1579e+00 -7.1651e-01
13408 +1.755689796e-05 +1.755689796e-05 +7.948001756e+01 +7.948000000e+01 +2.5296e-01 -1.1579e+00 -7.1995e-01
26066 +1.363176949e-05 +1.363176949e-05 +7.948001363e+01 +7.948000000e+01 +2.5132e-01 -1.1544e+00 -7.2165e-01
37092 +6.712742035e-06 +6.712742035e-06 +7.948000671e+01 +7.948000000e+01 +2.5296e-01 -1.1579e+00 -7.2165e-01
55287 +6.125572924e-06 +6.125572924e-06 +7.948000613e+01 +7.948000000e+01 +2.5296e-01 -1.1579e+00 -7.2177e-01
67956 +3.826776947e-06 +3.826776947e-06 +7.948000383e+01 +7.948000000e+01 +2.5296e-01 -1.1579e+00 -7.2563e-01
136064 +1.735462561e-06 +1.735462561e-06 +7.948000174e+01 +7.948000000e+01 +2.5296e-01 -1.1572e+00 -7.2526e-01
216012 +3.426197566e-07 +3.426197566e-07 +7.948000034e+01 +7.948000000e+01 +2.5296e-01 -1.1572e+00 -7.2443e-01
240289 +1.837267547e-07 +1.837267547e-07 +7.948000018e+01 +7.948000000e+01 +2.5296e-01 -1.1572e+00 -7.2417e-01
% function evaluation | noise-free fitness - Fopt (3.944800000000e+02) | best noise-free fitness - Fopt | measured fitness | best measured fitness | x1 | x2...
1 +8.362805742e+01 +8.362805742e+01 +4.781080574e+02 +3.944800000e+02 -7.2569e-01 -4.6817e+00 +4.5853e+00
89 +2.394222676e+00 +2.394222676e+00 +3.968742227e+02 +3.944800000e+02 -2.4160e+00 -3.2640e+00 -3.5630e+00
270 +1.004980556e+00 +1.004980556e+00 +3.954849806e+02 +3.944800000e+02 -3.4604e+00 -2.4847e+00 -4.6077e+00
363 +8.209756598e-01 +8.209756598e-01 +3.953009757e+02 +3.944800000e+02 -3.7170e+00 -3.2640e+00 -4.6077e+00
552 +1.773828796e-01 +1.773828796e-01 +3.946573829e+02 +3.944800000e+02 -3.9626e+00 -2.9005e+00 -3.3863e+00
644 +9.031445768e-02 +9.031445768e-02 +3.945703145e+02 +3.944800000e+02 -3.7170e+00 -2.9005e+00 -3.5630e+00
927 +5.618857971e-02 +5.618857971e-02 +3.945361886e+02 +3.944800000e+02 -3.9626e+00 -2.9005e+00 -4.0303e+00
1198 +2.049839385e-02 +2.049839385e-02 +3.945004984e+02 +3.944800000e+02 -3.9626e+00 -3.0034e+00 -3.8625e+00
1479 +4.573021912e-03 +4.573021912e-03 +3.944845730e+02 +3.944800000e+02 -3.9626e+00 -2.9005e+00 -3.7838e+00
1566 +3.873337721e-03 +3.873337721e-03 +3.944838733e+02 +3.944800000e+02 -3.9110e+00 -2.9005e+00 -3.8625e+00
1661 +6.065648848e-04 +6.065648848e-04 +3.944806066e+02 +3.944800000e+02 -3.9110e+00 -2.9005e+00 -3.7838e+00
2941 +2.070101442e-04 +2.070101442e-04 +3.944802070e+02 +3.944800000e+02 -3.8890e+00 -2.9005e+00 -3.8065e+00
4399 +1.112231155e-04 +1.112231155e-04 +3.944801112e+02 +3.944800000e+02 -3.8890e+00 -2.8928e+00 -3.8065e+00
15359 +8.721155018e-05 +8.721155018e-05 +3.944800872e+02 +3.944800000e+02 -3.8903e+00 -2.8928e+00 -3.8065e+00
18138 +6.111347517e-05 +6.111347517e-05 +3.944800611e+02 +3.944800000e+02 -3.9046e+00 -2.8928e+00 -3.8065e+00
23868 +3.980246589e-05 +3.980246589e-05 +3.944800398e+02 +3.944800000e+02 -3.9026e+00 -2.8928e+00 -3.8065e+00
43549 +1.975718322e-05 +1.975718322e-05 +3.944800198e+02 +3.944800000e+02 -3.8961e+00 -2.8928e+00 -3.8053e+00
55434 +1.336831161e-05 +1.336831161e-05 +3.944800134e+02 +3.944800000e+02 -3.8957e+00 -2.8928e+00 -3.8031e+00
63432 +8.116979188e-06 +8.116979188e-06 +3.944800081e+02 +3.944800000e+02 -3.8969e+00 -2.8928e+00 -3.8028e+00
101274 +5.453550784e-06 +5.453550784e-06 +3.944800055e+02 +3.944800000e+02 -3.8969e+00 -2.8887e+00 -3.8028e+00
124967 +3.188356743e-06 +3.188356743e-06 +3.944800032e+02 +3.944800000e+02 -3.8984e+00 -2.8887e+00 -3.8028e+00
189806 +1.950803266e-06 +1.950803266e-06 +3.944800020e+02 +3.944800000e+02 -3.8988e+00 -2.8891e+00 -3.8028e+00
280826 +1.084897690e-06 +1.084897690e-06 +3.944800011e+02 +3.944800000e+02 -3.8989e+00 -2.8912e+00 -3.8028e+00
% function evaluation | noise-free fitness - Fopt (-2.471100000000e+02) | best noise-free fitness - Fopt | measured fitness | best measured fitness | x1 | x2...
1 +3.818160121e+01 +3.818160121e+01 -2.089283988e+02 -2.471100000e+02 -5.5084e-01 -4.8009e+00 -2.3019e+00
77 +3.512368957e-01 +3.512368957e-01 -2.467587631e+02 -2.471100000e+02 -3.5898e+00 +4.2012e-01 -1.2018e+00
161 +1.156265242e-01 +1.156265242e-01 -2.469943735e+02 -2.471100000e+02 -3.5898e+00 +4.2012e-01 -5.3292e-01
521 +8.050351242e-02 +8.050351242e-02 -2.470294965e+02 -2.471100000e+02 -3.9838e+00 +5.8040e-02 -5.3292e-01
1026 +4.901503513e-02 +4.901503513e-02 -2.470609850e+02 -2.471100000e+02 -3.8522e+00 +5.8040e-02 -5.3292e-01
1543 +3.142890188e-02 +3.142890188e-02 -2.470785711e+02 -2.471100000e+02 -3.8522e+00 +1.4416e-01 -5.3292e-01
1714 +2.029430612e-02 +2.029430612e-02 -2.470897057e+02 -2.471100000e+02 -3.8522e+00 +1.4416e-01 -8.0917e-01
3064 +1.450720789e-02 +1.450720789e-02 -2.470954928e+02 -2.471100000e+02 -3.7837e+00 +2.2253e-01 -8.0917e-01
6954 +9.778260535e-03 +9.778260535e-03 -2.471002217e+02 -2.471100000e+02 -3.8007e+00 +1.0637e-01 -7.1112e-01
7640 +4.683802772e-03 +4.683802772e-03 -2.471053162e+02 -2.471100000e+02 -3.8007e+00 +2.5823e-01 -6.5058e-01
7729 +5.471217774e-04 +5.471217774e-04 -2.471094529e+02 -2.471100000e+02 -3.8007e+00 +2.1525e-01 -7.1112e-01
12805 +1.704674058e-04 +1.704674058e-04 -2.471098295e+02 -2.471100000e+02 -3.8007e+00 +2.1525e-01 -6.8672e-01
30520 +1.518483353e-04 +1.518483353e-04 -2.471098482e+02 -2.471100000e+02 -3.8007e+00 +2.1525e-01 -6.9241e-01
30614 +4.564778899e-05 +4.564778899e-05 -2.471099544e+02 -2.471100000e+02 -3.8007e+00 +2.0151e-01 -6.8507e-01
31069 +2.324331470e-05 +2.324331470e-05 -2.471099768e+02 -2.471100000e+02 -3.8007e+00 +2.0151e-01 -6.8731e-01
69568 +9.564414626e-06 +9.564414626e-06 -2.471099904e+02 -2.471100000e+02 -3.8007e+00 +2.0193e-01 -6.8956e-01
96282 +2.860437348e-06 +2.860437348e-06 -2.471099971e+02 -2.471100000e+02 -3.7988e+00 +2.0319e-01 -6.8956e-01
171284 +9.088105912e-07 +9.088105912e-07 -2.471099991e+02 -2.471100000e+02 -3.7986e+00 +2.0319e-01 -6.9027e-01
249759 +6.103081205e-07 +6.103081205e-07 -2.471099994e+02 -2.471100000e+02 -3.7983e+00 +2.0319e-01 -6.9042e-01
% function evaluation | noise-free fitness - Fopt (-1.520400000000e+02) | best noise-free fitness - Fopt | measured fitness | best measured fitness | x1 | x2...
1 +2.515711789e+01 +2.515711789e+01 -1.268828821e+02 -1.520400000e+02 -1.9171e+00 -2.7088e+00 -1.6107e+00
91 +8.332993840e-01 +8.332993840e-01 -1.512067006e+02 -1.520400000e+02 +5.4929e-01 +1.6300e+00 -3.5723e+00
177 +2.954950307e-01 +2.954950307e-01 -1.517445050e+02 -1.520400000e+02 -7.0811e-01 +1.6300e+00 -4.1670e+00
364 +2.372316670e-01 +2.372316670e-01 -1.518027683e+02 -1.520400000e+02 -1.5207e-03 +1.6300e+00 -3.5723e+00
449 +1.216454785e-01 +1.216454785e-01 -1.519183545e+02 -1.520400000e+02 +3.3786e-03 +1.6300e+00 -3.8472e+00
724 +8.191054894e-02 +8.191054894e-02 -1.519580895e+02 -1.520400000e+02 -8.4231e-02 +1.6300e+00 -3.8472e+00
901 +5.724840822e-02 +5.724840822e-02 -1.519827516e+02 -1.520400000e+02 -3.6109e-01 +1.6300e+00 -3.8472e+00
1354 +1.648894335e-02 +1.648894335e-02 -1.520235111e+02 -1.520400000e+02 -3.6109e-01 +1.4647e+00 -3.8472e+00
1441 +1.558674436e-02 +1.558674436e-02 -1.520244133e+02 -1.520400000e+02 -3.6109e-01 +1.3965e+00 -3.8472e+00
1526 +8.772662896e-03 +8.772662896e-03 -1.520312273e+02 -1.520400000e+02 -2.3404e-01 +1.4647e+00 -3.8472e+00
2601 +2.160765074e-03 +2.160765074e-03 -1.520378392e+02 -1.520400000e+02 -2.8851e-01 +1.4647e+00 -3.9318e+00
2953 +7.414972152e-04 +7.414972152e-04 -1.520392585e+02 -1.520400000e+02 -2.8851e-01 +1.4085e+00 -3.9318e+00
3508 +3.259655501e-04 +3.259655501e-04 -1.520396740e+02 -1.520400000e+02 -2.6099e-01 +1.4085e+00 -3.9318e+00
3866 +1.962539442e-04 +1.962539442e-04 -1.520398037e+02 -1.520400000e+02 -2.6099e-01 +1.4136e+00 -3.9318e+00
4407 +7.473519096e-05 +7.473519096e-05 -1.520399253e+02 -1.520400000e+02 -2.6306e-01 +1.4270e+00 -3.9318e+00
28091 +3.871285173e-05 +3.871285173e-05 -1.520399613e+02 -1.520400000e+02 -2.6638e-01 +1.4271e+00 -3.9195e+00
51015 +1.213153948e-05 +1.213153948e-05 -1.520399879e+02 -1.520400000e+02 -2.6638e-01 +1.4215e+00 -3.9270e+00
57024 +6.979999597e-06 +6.979999597e-06 -1.520399930e+02 -1.520400000e+02 -2.6638e-01 +1.4225e+00 -3.9228e+00
82449 +3.486665179e-06 +3.486665179e-06 -1.520399965e+02 -1.520400000e+02 -2.6638e-01 +1.4225e+00 -3.9256e+00
120031 +2.431333598e-06 +2.431333598e-06 -1.520399976e+02 -1.520400000e+02 -2.6638e-01 +1.4229e+00 -3.9256e+00
139808 +1.458274170e-06 +1.458274170e-06 -1.520399985e+02 -1.520400000e+02 -2.6638e-01 +1.4244e+00 -3.9256e+00
272910 +6.375246642e-07 +6.375246642e-07 -1.520399994e+02 -1.520400000e+02 -2.6774e-01 +1.4244e+00 -3.9244e+00
% function evaluation | noise-free fitness - Fopt (-2.525000000000e+01) | best noise-free fitness - Fopt | measured fitness | best measured fitness | x1 | x2...
1 +6.955627458e+01 +6.955627458e+01 +4.430627458e+01 -2.525000000e+01 -3.4651e+00 +4.4549e+00 -3.6233e+00
78 +1.565940599e+00 +1.565940599e+00 -2.368405940e+01 -2.525000000e+01 +2.7232e+00 +1.0318e+00 -6.3776e-01
341 +6.884760588e-01 +6.884760588e-01 -2.456152394e+01 -2.525000000e+01 +3.4873e+00 -1.5086e-01 -1.1883e+00
419 +5.635922018e-01 +5.635922018e-01 -2.468640780e+01 -2.525000000e+01 +2.9089e+00 +5.2807e-01 -1.1883e+00
589 +3.009816895e-01 +3.009816895e-01 -2.494901831e+01 -2.525000000e+01 +3.2232e+00 +9.4095e-01 -1.1883e+00
679 +1.479475528e-01 +1.479475528e-01 -2.510205245e+01 -2.525000000e+01 +3.6201e+00 +9.4095e-01 -1.1883e+00
765 +6.594313500e-02 +6.594313500e-02 -2.518405686e+01 -2.525000000e+01 +3.6201e+00 +5.2807e-01 -1.1883e+00
1629 +5.883818688e-02 +5.883818688e-02 -2.519116181e+01 -2.525000000e+01 +3.6201e+00 +5.6907e-01 -1.1883e+00
2724 +3.683250203e-02 +3.683250203e-02 -2.521316750e+01 -2.525000000e+01 +3.6129e+00 +6.6834e-01 -1.2326e+00
3323 +2.042801698e-02 +2.042801698e-02 -2.522957198e+01 -2.525000000e+01 +3.6129e+00 +6.6834e-01 -1.5606e+00
4007 +1.479701061e-02 +1.479701061e-02 -2.523520299e+01 -2.525000000e+01 +3.6201e+00 +5.2807e-01 -1.4789e+00
4092 +7.692062488e-03 +7.692062488e-03 -2.524230794e+01 -2.525000000e+01 +3.6201e+00 +5.6907e-01 -1.4789e+00
5522 +3.663284490e-03 +3.663284490e-03 -2.524633672e+01 -2.525000000e+01 +3.6437e+00 +6.5751e-01 -1.3736e+00
7172 +1.555991118e-03 +1.555991118e-03 -2.524844401e+01 -2.525000000e+01 +3.6437e+00 +6.5751e-01 -1.4075e+00
7460 +7.116442581e-04 +7.116442581e-04 -2.524928836e+01 -2.525000000e+01 +3.6105e+00 +6.5751e-01 -1.4075e+00
7942 +5.973169732e-04 +5.973169732e-04 -2.524940268e+01 -2.525000000e+01 +3.6105e+00 +6.5751e-01 -1.4124e+00
13309 +1.005025382e-05 +1.005025382e-05 -2.524998995e+01 -2.525000000e+01 +3.6129e+00 +6.3368e-01 -1.4239e+00
17577 +8.833917121e-06 +8.833917121e-06 -2.524999117e+01 -2.525000000e+01 +3.6129e+00 +6.3523e-01 -1.4242e+00
18234 +4.279249133e-06 +4.279249133e-06 -2.524999572e+01 -2.525000000e+01 +3.6129e+00 +6.3523e-01 -1.4202e+00
36508 +2.777306541e-06 +2.777306541e-06 -2.524999722e+01 -2.525000000e+01 +3.6129e+00 +6.3523e-01 -1.4209e+00
51544 +5.701896022e-07 +5.701896022e-07 -2.524999943e+01 -2.525000000e+01 +3.6147e+00 +6.3523e-01 -1.4209e+00
70086 +1.989470491e-07 +1.989470491e-07 -2.524999980e+01 -2.525000000e+01 +3.6147e+00 +6.3523e-01 -1.4212e+00
84500 +1.247394863e-07 +1.247394863e-07 -2.524999988e+01 -2.525000000e+01 +3.6147e+00 +6.3523e-01 -1.4214e+00
103018 +8.984013533e-08 +8.984013533e-08 -2.524999991e+01 -2.525000000e+01 +3.6147e+00 +6.3523e-01 -1.4215e+00
% function evaluation | noise-free fitness - Fopt (2.230000000000e+00) | best noise-free fitness - Fopt | measured fitness | best measured fitness | x1 | x2...
1 +1.089664900e+02 +1.089664900e+02 +1.111964900e+02 +2.230000000e+00 -2.8724e+00 +3.9006e+00 -4.8861e+00
94 +1.287125194e+00 +1.287125194e+00 +3.517125194e+00 +2.230000000e+00 +3.5947e+00 -3.4293e+00 +1.5348e-01
187 +3.218623488e-01 +3.218623488e-01 +2.551862349e+00 +2.230000000e+00 +3.6146e+00 -2.8317e+00 -6.6166e-02
378 +1.703254126e-01 +1.703254126e-01 +2.400325413e+00 +2.230000000e+00 +4.1695e+00 -2.6395e+00 -1.7862e-01
476 +9.603778112e-02 +9.603778112e-02 +2.326037781e+00 +2.230000000e+00 +3.6146e+00 -2.3201e+00 -6.6166e-02
762 +4.660685675e-03 +4.660685675e-03 +2.234660686e+00 +2.230000000e+00 +3.9485e+00 -2.3201e+00 -6.6166e-02
860 +2.801295369e-03 +2.801295369e-03 +2.232801295e+00 +2.230000000e+00 +3.9485e+00 -2.3201e+00 +9.6363e-03
956 +2.456268075e-03 +2.456268075e-03 +2.232456268e+00 +2.230000000e+00 +3.9485e+00 -2.3201e+00 +1.6690e-03
1807 +1.565758796e-03 +1.565758796e-03 +2.231565759e+00 +2.230000000e+00 +3.9485e+00 -2.3366e+00 +1.6690e-03
2173 +9.159254767e-04 +9.159254767e-04 +2.230915925e+00 +2.230000000e+00 +3.9023e+00 -2.3366e+00 +1.6690e-03
3020 +5.824367414e-04 +5.824367414e-04 +2.230582437e+00 +2.230000000e+00 +3.9023e+00 -2.3586e+00 +1.6690e-03
3863 +3.421518347e-04 +3.421518347e-04 +2.230342152e+00 +2.230000000e+00 +3.9141e+00 -2.3586e+00 +1.6690e-03
8268 +6.731637256e-05 +6.731637256e-05 +2.230067316e+00 +2.230000000e+00 +3.9166e+00 -2.3480e+00 -1.9587e-02
12535 +5.307941396e-05 +5.307941396e-05 +2.230053079e+00 +2.230000000e+00 +3.9175e+00 -2.3480e+00 -1.6920e-02
14389 +1.519448675e-05 +1.519448675e-05 +2.230015194e+00 +2.230000000e+00 +3.9175e+00 -2.3564e+00 -1.9587e-02
51869 +6.597868374e-06 +6.597868374e-06 +2.230006598e+00 +2.230000000e+00 +3.9175e+00 -2.3543e+00 -1.8229e-02
52632 +5.091890752e-06 +5.091890752e-06 +2.230005092e+00 +2.230000000e+00 +3.9175e+00 -2.3543e+00 -1.7861e-02
66795 +3.075162641e-06 +3.075162641e-06 +2.230003075e+00 +2.230000000e+00 +3.9175e+00 -2.3563e+00 -1.6956e-02
85298 +2.382573821e-06 +2.382573821e-06 +2.230002383e+00 +2.230000000e+00 +3.9175e+00 -2.3563e+00 -1.6471e-02
121838 +8.854916942e-07 +8.854916942e-07 +2.230000885e+00 +2.230000000e+00 +3.9175e+00 -2.3552e+00 -1.5971e-02
221812 +3.558963080e-07 +3.558963080e-07 +2.230000356e+00 +2.230000000e+00 +3.9190e+00 -2.3552e+00 -1.6175e-02
% function evaluation | noise-free fitness - Fopt (-1.308000000000e+01) | best noise-free fitness - Fopt | measured fitness | best measured fitness | x1 | x2...
1 +3.387418179e+01 +3.387418179e+01 +2.079418179e+01 -1.308000000e+01 -2.9088e+00 -2.1670e-01 -1.0911e+00
96 +1.224770089e+00 +1.224770089e+00 -1.185522991e+01 -1.308000000e+01 +3.6677e-02 -3.0250e+00 +3.4472e+00
192 +4.581635402e-01 +4.581635402e-01 -1.262183646e+01 -1.308000000e+01 +3.4898e-01 -1.9087e+00 +4.1731e+00
286 +1.759982990e-02 +1.759982990e-02 -1.306240017e+01 -1.308000000e+01 +3.1428e-01 -1.9995e+00 +3.5672e+00
379 +1.277800136e-02 +1.277800136e-02 -1.306722200e+01 -1.308000000e+01 +1.5740e-01 -2.0094e+00 +3.4472e+00
471 +9.171850071e-03 +9.171850071e-03 -1.307082815e+01 -1.308000000e+01 +1.2213e-01 -1.9087e+00 +3.5223e+00
1034 +3.717516735e-03 +3.717516735e-03 -1.307628248e+01 -1.308000000e+01 +2.1921e-01 -1.9559e+00 +3.5672e+00
1413 +6.343779477e-04 +6.343779477e-04 -1.307936562e+01 -1.308000000e+01 +2.1921e-01 -1.9559e+00 +3.5223e+00
1985 +2.181992030e-04 +2.181992030e-04 -1.307978180e+01 -1.308000000e+01 +2.1921e-01 -1.9278e+00 +3.5223e+00
2275 +7.851007796e-05 +7.851007796e-05 -1.307992149e+01 -1.308000000e+01 +2.1921e-01 -1.9278e+00 +3.5087e+00
3497 +4.721930165e-05 +4.721930165e-05 -1.307995278e+01 -1.308000000e+01 +2.1396e-01 -1.9278e+00 +3.5087e+00
3692 +3.862450501e-05 +3.862450501e-05 -1.307996138e+01 -1.308000000e+01 +2.1921e-01 -1.9323e+00 +3.5087e+00
14860 +7.660084147e-06 +7.660084147e-06 -1.307999234e+01 -1.308000000e+01 +2.1428e-01 -1.9323e+00 +3.5087e+00
33048 +3.929374168e-06 +3.929374168e-06 -1.307999607e+01 -1.308000000e+01 +2.1428e-01 -1.9351e+00 +3.5087e+00
72207 +9.913769770e-07 +9.913769770e-07 -1.307999901e+01 -1.308000000e+01 +2.1428e-01 -1.9350e+00 +3.5100e+00
140369 +6.205251140e-07 +6.205251140e-07 -1.307999938e+01 -1.308000000e+01 +2.1428e-01 -1.9344e+00 +3.5100e+00
210494 +8.579558219e-08 +8.579558219e-08 -1.307999991e+01 -1.308000000e+01 +2.1381e-01 -1.9344e+00 +3.5106e+00
% function evaluation | noise-free fitness - Fopt (2.671600000000e+02) | best noise-free fitness - Fopt | measured fitness | best measured fitness | x1 | x2...
1 +8.098090454e+01 +8.098090454e+01 +3.481409045e+02 +2.671600000e+02 +4.3348e+00 -3.8251e+00 +1.8422e+00
94 +5.518506308e-01 +5.518506308e-01 +2.677118506e+02 +2.671600000e+02 -2.8344e+00 -4.3075e+00 -3.1607e+00
583 +2.256821352e-01 +2.256821352e-01 +2.673856821e+02 +2.671600000e+02 -2.6535e+00 -3.2713e+00 -3.3396e+00
1078 +1.458908847e-01 +1.458908847e-01 +2.673058909e+02 +2.671600000e+02 -2.8344e+00 -3.2713e+00 -3.4085e+00
1270 +4.996065875e-02 +4.996065875e-02 +2.672099607e+02 +2.671600000e+02 -2.8344e+00 -3.7950e+00 -3.3396e+00
1364 +2.536040653e-02 +2.536040653e-02 +2.671853604e+02 +2.671600000e+02 -2.8344e+00 -3.6164e+00 -3.3396e+00
1559 +1.937300296e-02 +1.937300296e-02 +2.671793730e+02 +2.671600000e+02 -2.8741e+00 -3.6164e+00 -3.3396e+00
1752 +1.274099341e-02 +1.274099341e-02 +2.671727410e+02 +2.671600000e+02 -2.8344e+00 -3.6164e+00 -3.4085e+00
1850 +6.753589844e-03 +6.753589844e-03 +2.671667536e+02 +2.671600000e+02 -2.8741e+00 -3.6164e+00 -3.4085e+00
2327 +3.667451269e-03 +3.667451269e-03 +2.671636675e+02 +2.671600000e+02 -2.8741e+00 -3.6164e+00 -3.4524e+00
2804 +2.422932375e-03 +2.422932375e-03 +2.671624229e+02 +2.671600000e+02 -2.9782e+00 -3.6334e+00 -3.4584e+00
2902 +4.522953493e-04 +4.522953493e-04 +2.671604523e+02 +2.671600000e+02 -2.9267e+00 -3.6334e+00 -3.4864e+00
3001 +7.152331466e-05 +7.152331466e-05 +2.671600715e+02 +2.671600000e+02 -2.9267e+00 -3.6334e+00 -3.4584e+00
4657 +5.938079755e-05 +5.938079755e-05 +2.671600594e+02 +2.671600000e+02 -2.9267e+00 -3.6334e+00 -3.4593e+00
20687 +3.335152803e-05 +3.335152803e-05 +2.671600334e+02 +2.671600000e+02 -2.9267e+00 -3.6334e+00 -3.4693e+00
28677 +2.127282477e-05 +2.127282477e-05 +2.671600213e+02 +2.671600000e+02 -2.9267e+00 -3.6369e+00 -3.4692e+00
29746 +1.346428280e-05 +1.346428280e-05 +2.671600135e+02 +2.671600000e+02 -2.9290e+00 -3.6369e+00 -3.4692e+00
41006 +8.878160600e-06 +8.878160600e-06 +2.671600089e+02 +2.671600000e+02 -2.9290e+00 -3.6369e+00 -3.4685e+00
50150 +1.460688338e-06 +1.460688338e-06 +2.671600015e+02 +2.671600000e+02 -2.9290e+00 -3.6369e+00 -3.4646e+00
126255 +5.421003948e-07 +5.421003948e-07 +2.671600005e+02 +2.671600000e+02 -2.9290e+00 -3.6369e+00 -3.4652e+00
129587 +3.862632525e-07 +3.862632525e-07 +2.671600004e+02 +2.671600000e+02 -2.9290e+00 -3.6369e+00 -3.4656e+00
144249 +1.164067385e-07 +1.164067385e-07 +2.671600001e+02 +2.671600000e+02 -2.9293e+00 -3.6369e+00 -3.4658e+00
159494 +7.709513739e-08 +7.709513739e-08 +2.671600001e+02 +2.671600000e+02 -2.9293e+00 -3.6369e+00 -3.4656e+00
265571 +6.954792298e-10 +6.954792298e-10 +2.671600000e+02 +2.671600000e+02 -2.9296e+00 -3.6368e+00 -3.4656e+00
% function evaluation | noise-free fitness - Fopt (3.710000000000e+00) | best noise-free fitness - Fopt | measured fitness | best measured fitness | x1 | x2...
1 +5.951867646e+01 +5.951867646e+01 +6.322867646e+01 +3.710000000e+00 +2.4645e+00 +3.2816e+00 -3.0513e+00
92 +1.609300160e+00 +1.609300160e+00 +5.319300160e+00 +3.710000000e+00 +3.0900e+00 -2.4486e+00 +3.4188e-01
191 +5.054653839e-01 +5.054653839e-01 +4.215465384e+00 +3.710000000e+00 +3.4671e+00 -3.0935e+00 +3.4188e-01
469 +3.539976895e-01 +3.539976895e-01 +4.063997690e+00 +3.710000000e+00 +3.5256e+00 -2.9961e+00 +1.1361e+00
926 +2.343462378e-01 +2.343462378e-01 +3.944346238e+00 +3.710000000e+00 +3.5245e+00 -3.0935e+00 +7.0654e-01
1304 +1.454807360e-01 +1.454807360e-01 +3.855480736e+00 +3.710000000e+00 +3.8048e+00 -3.0935e+00 +1.1361e+00
1394 +2.267352548e-02 +2.267352548e-02 +3.732673525e+00 +3.710000000e+00 +3.9648e+00 -3.3157e+00 +7.0654e-01
2323 +1.396744704e-02 +1.396744704e-02 +3.723967447e+00 +3.710000000e+00 +3.9648e+00 -3.1227e+00 +7.5090e-01
2602 +7.074994582e-03 +7.074994582e-03 +3.717074995e+00 +3.710000000e+00 +3.9648e+00 -3.2636e+00 +7.5090e-01
3795 +3.546737943e-03 +3.546737943e-03 +3.713546738e+00 +3.710000000e+00 +3.9648e+00 -3.2636e+00 +7.8470e-01
7281 +1.312426352e-03 +1.312426352e-03 +3.711312426e+00 +3.710000000e+00 +3.9493e+00 -3.2233e+00 +7.9918e-01
8257 +9.338164545e-04 +9.338164545e-04 +3.710933816e+00 +3.710000000e+00 +3.9493e+00 -3.2176e+00 +8.1064e-01
9040 +6.105086897e-04 +6.105086897e-04 +3.710610509e+00 +3.710000000e+00 +4.0013e+00 -3.2176e+00 +8.1064e-01
9611 +2.724762360e-04 +2.724762360e-04 +3.710272476e+00 +3.710000000e+00 +3.9648e+00 -3.2176e+00 +8.1064e-01
9773 +9.842068505e-05 +9.842068505e-05 +3.710098421e+00 +3.710000000e+00 +3.9751e+00 -3.2176e+00 +8.1064e-01
13006 +6.184415298e-05 +6.184415298e-05 +3.710061844e+00 +3.710000000e+00 +3.9751e+00 -3.2176e+00 +8.1286e-01
31424 +1.087971964e-05 +1.087971964e-05 +3.710010880e+00 +3.710000000e+00 +3.9751e+00 -3.2176e+00 +8.2002e-01
43910 +5.722217269e-07 +5.722217269e-07 +3.710000572e+00 +3.710000000e+00 +3.9790e+00 -3.2176e+00 +8.2041e-01
129848 +3.382366964e-07 +3.382366964e-07 +3.710000338e+00 +3.710000000e+00 +3.9778e+00 -3.2176e+00 +8.2002e-01
193737 +9.268119605e-10 +9.268119605e-10 +3.710000001e+00 +3.710000000e+00 +3.9784e+00 -3.2176e+00 +8.2002e-01
% function evaluation | noise-free fitness - Fopt (9.478000000000e+01) | best noise-free fitness - Fopt | measured fitness | best measured fitness | x1 | x2...
1 +5.208727515e+01 +5.208727515e+01 +1.468672751e+02 +9.478000000e+01 -2.8846e+00 -4.6578e+00 -2.0318e+00
100 +8.774416153e-01 +8.774416153e-01 +9.565744162e+01 +9.478000000e+01 +7.4931e-01 -3.7527e+00 +3.2094e+00
397 +5.490995329e-01 +5.490995329e-01 +9.532909953e+01 +9.478000000e+01 +4.3589e-01 -2.7306e+00 +4.2557e+00
497 +1.573012832e-01 +1.573012832e-01 +9.493730128e+01 +9.478000000e+01 +7.4931e-01 -3.0195e+00 +4.2297e+00
893 +6.237316155e-02 +6.237316155e-02 +9.484237316e+01 +9.478000000e+01 +7.2240e-01 -3.0195e+00 +3.9019e+00
992 +2.654453532e-02 +2.654453532e-02 +9.480654454e+01 +9.478000000e+01 +8.3991e-01 -3.0195e+00 +3.9019e+00
1192 +2.464130644e-02 +2.464130644e-02 +9.480464131e+01 +9.478000000e+01 +9.7929e-01 -3.0195e+00 +3.8356e+00
1590 +9.241103505e-03 +9.241103505e-03 +9.478924110e+01 +9.478000000e+01 +8.3991e-01 -3.1741e+00 +3.9019e+00
1690 +2.551313695e-03 +2.551313695e-03 +9.478255131e+01 +9.478000000e+01 +9.7929e-01 -3.1741e+00 +3.9019e+00
1985 +1.144163548e-03 +1.144163548e-03 +9.478114416e+01 +9.478000000e+01 +9.0751e-01 -3.1741e+00 +3.9019e+00
3081 +8.197401061e-04 +8.197401061e-04 +9.478081974e+01 +9.478000000e+01 +9.0751e-01 -3.1414e+00 +3.9019e+00
4573 +4.753239429e-04 +4.753239429e-04 +9.478047532e+01 +9.478000000e+01 +9.3706e-01 -3.1741e+00 +3.9019e+00
11314 +1.832569055e-04 +1.832569055e-04 +9.478018326e+01 +9.478000000e+01 +9.2694e-01 -3.1414e+00 +3.9019e+00
15928 +9.243950905e-05 +9.243950905e-05 +9.478009244e+01 +9.478000000e+01 +9.3368e-01 -3.1620e+00 +3.9019e+00
18218 +1.889717171e-05 +1.889717171e-05 +9.478001890e+01 +9.478000000e+01 +9.3368e-01 -3.1496e+00 +3.9019e+00
28599 +1.406981404e-05 +1.406981404e-05 +9.478001407e+01 +9.478000000e+01 +9.3368e-01 -3.1552e+00 +3.9019e+00
35348 +9.072281472e-06 +9.072281472e-06 +9.478000907e+01 +9.478000000e+01 +9.3368e-01 -3.1535e+00 +3.9019e+00
46471 +5.840536147e-06 +5.840536147e-06 +9.478000584e+01 +9.478000000e+01 +9.3368e-01 -3.1535e+00 +3.9025e+00
135637 +8.810272192e-07 +8.810272192e-07 +9.478000088e+01 +9.478000000e+01 +9.3368e-01 -3.1535e+00 +3.9042e+00
166211 +5.695542882e-07 +5.695542882e-07 +9.478000057e+01 +9.478000000e+01 +9.3368e-01 -3.1535e+00 +3.9046e+00
182660 +3.463323708e-07 +3.463323708e-07 +9.478000035e+01 +9.478000000e+01 +9.3368e-01 -3.1527e+00 +3.9042e+00
207120 +3.485943978e-08 +3.485943978e-08 +9.478000003e+01 +9.478000000e+01 +9.3368e-01 -3.1527e+00 +3.9046e+00
% function evaluation | noise-free fitness - Fopt (2.339200000000e+02) | best noise-free fitness - Fopt | measured fitness | best measured fitness | x1 | x2...
1 +3.204719227e+01 +3.204719227e+01 +2.659671923e+02 +2.339200000e+02 +1.0278e+00 +2.1593e+00 +2.2671e-01
92 +2.238912354e+00 +2.238912354e+00 +2.361589124e+02 +2.339200000e+02 -2.2138e+00 +3.0383e-01 -3.7408e+00
182 +9.760531925e-01 +9.760531925e-01 +2.348960532e+02 +2.339200000e+02 -4.0904e+00 +3.0383e-01 -2.2788e+00
352 +3.751007691e-01 +3.751007691e-01 +2.342951008e+02 +2.339200000e+02 -3.7828e+00 +1.5506e-01 -3.0287e+00
530 +2.068718636e-01 +2.068718636e-01 +2.341268719e+02 +2.339200000e+02 -3.7264e+00 +3.0383e-01 -2.8805e+00
628 +1.169881809e-01 +1.169881809e-01 +2.340369882e+02 +2.339200000e+02 -3.4729e+00 +3.0383e-01 -2.8805e+00
809 +4.888222995e-02 +4.888222995e-02 +2.339688822e+02 +2.339200000e+02 -3.3773e+00 +5.0027e-01 -2.7588e+00
994 +2.329817036e-02 +2.329817036e-02 +2.339432982e+02 +2.339200000e+02 -3.3773e+00 +5.0027e-01 -2.8805e+00
1906 +8.445336382e-03 +8.445336382e-03 +2.339284453e+02 +2.339200000e+02 -3.3773e+00 +7.0589e-01 -2.8805e+00
1995 +4.059435499e-03 +4.059435499e-03 +2.339240594e+02 +2.339200000e+02 -3.3773e+00 +6.3135e-01 -2.8805e+00
2175 +2.427942957e-03 +2.427942957e-03 +2.339224279e+02 +2.339200000e+02 -3.3773e+00 +6.3135e-01 -2.9429e+00
2446 +3.938866587e-04 +3.938866587e-04 +2.339203939e+02 +2.339200000e+02 -3.4207e+00 +6.3135e-01 -2.9429e+00
2635 +2.318405544e-04 +2.318405544e-04 +2.339202318e+02 +2.339200000e+02 -3.4207e+00 +6.3135e-01 -2.9119e+00
7574 +9.072218728e-05 +9.072218728e-05 +2.339200907e+02 +2.339200000e+02 -3.4172e+00 +6.4499e-01 -2.9303e+00
15042 +3.340037620e-05 +3.340037620e-05 +2.339200334e+02 +2.339200000e+02 -3.4207e+00 +6.3903e-01 -2.9303e+00
25688 +2.972831766e-06 +2.972831766e-06 +2.339200030e+02 +2.339200000e+02 -3.4207e+00 +6.3903e-01 -2.9248e+00
33227 +3.100561230e-08 +3.100561230e-08 +2.339200000e+02 +2.339200000e+02 -3.4224e+00 +6.3903e-01 -2.9248e+00
34741 +1.470718303e-08 +1.470718303e-08 +2.339200000e+02 +2.339200000e+02 -3.4224e+00 +6.3909e-01 -2.9248e+00
% function evaluation | noise-free fitness - Fopt (-6.092000000000e+01) | best noise-free fitness - Fopt | measured fitness | best measured fitness | x1 | x2...
1 +5.843630613e+01 +5.843630613e+01 -2.483693871e+00 -6.092000000e+01 -1.6094e+00 -2.0325e+00 -2.1293e+00
90 +9.160181883e-01 +9.160181883e-01 -6.000398181e+01 -6.092000000e+01 +5.5698e-01 +2.6909e+00 +4.3054e+00
177 +1.458447693e-01 +1.458447693e-01 -6.077415523e+01 -6.092000000e+01 +6.5393e-01 +2.6909e+00 +3.7001e+00
349 +9.313875444e-02 +9.313875444e-02 -6.082686125e+01 -6.092000000e+01 +6.5393e-01 +2.6909e+00 +3.5860e+00
517 +4.159331453e-02 +4.159331453e-02 -6.087840669e+01 -6.092000000e+01 +8.9889e-01 +2.4710e+00 +3.2571e+00
605 +3.179168403e-02 +3.179168403e-02 -6.088820832e+01 -6.092000000e+01 +8.9889e-01 +2.6909e+00 +3.2571e+00
3177 +8.988508102e-03 +8.988508102e-03 -6.091101149e+01 -6.092000000e+01 +8.9889e-01 +2.5532e+00 +3.4919e+00
6494 +2.129506488e-03 +2.129506488e-03 -6.091787049e+01 -6.092000000e+01 +8.6430e-01 +2.5650e+00 +3.4202e+00
6887 +7.265176665e-04 +7.265176665e-04 -6.091927348e+01 -6.092000000e+01 +8.6430e-01 +2.6109e+00 +3.4202e+00
14227 +6.157183011e-04 +6.157183011e-04 -6.091938428e+01 -6.092000000e+01 +8.6430e-01 +2.6050e+00 +3.4085e+00
14713 +1.088594752e-04 +1.088594752e-04 -6.091989114e+01 -6.092000000e+01 +8.9499e-01 +2.6050e+00 +3.4202e+00
14812 +7.369551460e-05 +7.369551460e-05 -6.091992630e+01 -6.092000000e+01 +8.8704e-01 +2.6050e+00 +3.4202e+00
15008 +1.862897176e-05 +1.862897176e-05 -6.091998137e+01 -6.092000000e+01 +8.8704e-01 +2.6050e+00 +3.4085e+00
37737 +1.187562951e-05 +1.187562951e-05 -6.091998812e+01 -6.092000000e+01 +8.8704e-01 +2.6046e+00 +3.4146e+00
55484 +5.653687538e-06 +5.653687538e-06 -6.091999435e+01 -6.092000000e+01 +8.8704e-01 +2.6046e+00 +3.4128e+00
66515 +3.102023541e-06 +3.102023541e-06 -6.091999690e+01 -6.092000000e+01 +8.8997e-01 +2.6043e+00 +3.4128e+00
94456 +1.778196662e-06 +1.778196662e-06 -6.091999822e+01 -6.092000000e+01 +8.8903e-01 +2.6043e+00 +3.4128e+00
119043 +1.381880729e-06 +1.381880729e-06 -6.091999862e+01 -6.092000000e+01 +8.8903e-01 +2.6043e+00 +3.4115e+00
165807 +2.712977505e-07 +2.712977505e-07 -6.091999973e+01 -6.092000000e+01 +8.8903e-01 +2.6036e+00 +3.4117e+00
224364 +1.487845012e-07 +1.487845012e-07 -6.091999985e+01 -6.092000000e+01 +8.8903e-01 +2.6034e+00 +3.4117e+00
278015 +8.860574496e-08 +8.860574496e-08 -6.091999991e+01 -6.092000000e+01 +8.8903e-01 +2.6034e+00 +3.4119e+00
% function evaluation | noise-free fitness - Fopt (-1.948000000000e+01) | best noise-free fitness - Fopt | measured fitness | best measured fitness | x1 | x2...
1 +3.227970181e+01 +3.227970181e+01 +1.279970181e+01 -1.948000000e+01 +2.5269e+00 -6.4150e-01 +4.5758e+00
96 +7.245171541e-01 +7.245171541e-01 -1.875548285e+01 -1.948000000e+01 -1.2146e+00 +1.4679e+00 +4.1208e-01
282 +5.128065242e-01 +5.128065242e-01 -1.896719348e+01 -1.948000000e+01 -5.7713e-01 +2.2746e+00 +4.1626e-01
468 +3.327446152e-01 +3.327446152e-01 -1.914725538e+01 -1.948000000e+01 -1.4991e+00 +2.0313e+00 +7.8848e-01
564 +1.256307379e-01 +1.256307379e-01 -1.935436926e+01 -1.948000000e+01 -1.2531e+00 +2.0313e+00 +7.8848e-01
659 +8.728741433e-02 +8.728741433e-02 -1.939271259e+01 -1.948000000e+01 -1.1797e+00 +2.0313e+00 +7.8848e-01
848 +5.906208738e-02 +5.906208738e-02 -1.942093791e+01 -1.948000000e+01 -8.9003e-01 +2.2746e+00 +1.0324e+00
937 +7.226076631e-03 +7.226076631e-03 -1.947277392e+01 -1.948000000e+01 -8.9003e-01 +2.0313e+00 +1.0324e+00
1878 +3.041710093e-03 +3.041710093e-03 -1.947695829e+01 -1.948000000e+01 -9.4725e-01 +2.0313e+00 +1.0324e+00
4483 +6.477677263e-04 +6.477677263e-04 -1.947935223e+01 -1.948000000e+01 -9.4725e-01 +2.0313e+00 +9.9890e-01
4575 +5.766826621e-04 +5.766826621e-04 -1.947942332e+01 -1.948000000e+01 -9.4725e-01 +2.0589e+00 +9.9890e-01
10338 +2.233888397e-04 +2.233888397e-04 -1.947977661e+01 -1.948000000e+01 -9.4725e-01 +2.0589e+00 +9.8193e-01
13237 +1.563496133e-04 +1.563496133e-04 -1.947984365e+01 -1.948000000e+01 -9.4725e-01 +2.0559e+00 +9.8193e-01
18544 +8.287642024e-05 +8.287642024e-05 -1.947991712e+01 -1.948000000e+01 -9.4725e-01 +2.0504e+00 +9.8193e-01
18729 +3.848075399e-05 +3.848075399e-05 -1.947996152e+01 -1.948000000e+01 -9.5086e-01 +2.0504e+00 +9.8193e-01
32755 +2.413015892e-05 +2.413015892e-05 -1.947997587e+01 -1.948000000e+01 -9.5086e-01 +2.0476e+00 +9.8193e-01
67041 +1.226115314e-05 +1.226115314e-05 -1.947998774e+01 -1.948000000e+01 -9.5364e-01 +2.0439e+00 +9.8193e-01
70878 +9.886832391e-06 +9.886832391e-06 -1.947999011e+01 -1.948000000e+01 -9.5542e-01 +2.0439e+00 +9.8193e-01
95969 +6.214316755e-06 +6.214316755e-06 -1.947999379e+01 -1.948000000e+01 -9.5542e-01 +2.0448e+00 +9.8193e-01
119246 +5.394234748e-07 +5.394234748e-07 -1.947999946e+01 -1.948000000e+01 -9.5542e-01 +2.0458e+00 +9.8041e-01
232066 +3.802512722e-07 +3.802512722e-07 -1.947999962e+01 -1.948000000e+01 -9.5542e-01 +2.0458e+00 +9.7989e-01
279314 +1.582592226e-07 +1.582592226e-07 -1.947999984e+01 -1.948000000e+01 -9.5542e-01 +2.0461e+00 +9.7989e-01
% function evaluation | noise-free fitness - Fopt (1.344700000000e+02) | best noise-free fitness - Fopt | measured fitness | best measured fitness | x1 | x2...
1 +8.853852713e+01 +8.853852713e+01 +2.230085271e+02 +1.344700000e+02 +2.1141e+00 -3.9775e+00 +3.2937e+00
93 +3.526131355e-01 +3.526131355e-01 +1.348226131e+02 +1.344700000e+02 -3.7768e+00 +3.2303e+00 +6.1790e-01
382 +2.196352136e-01 +2.196352136e-01 +1.346896352e+02 +1.344700000e+02 -3.2018e+00 +3.3524e+00 -8.7783e-02
477 +1.199627045e-01 +1.199627045e-01 +1.345899627e+02 +1.344700000e+02 -3.2018e+00 +2.9672e+00 +6.1790e-01
760 +3.998341821e-02 +3.998341821e-02 +1.345099834e+02 +1.344700000e+02 -3.2018e+00 +2.9672e+00 +3.0447e-01
854 +1.124375985e-02 +1.124375985e-02 +1.344812438e+02 +1.344700000e+02 -3.2018e+00 +3.0729e+00 +3.0447e-01
945 +9.856744770e-03 +9.856744770e-03 +1.344798567e+02 +1.344700000e+02 -3.2018e+00 +3.2303e+00 +3.0447e-01
1041 +5.208468054e-03 +5.208468054e-03 +1.344752085e+02 +1.344700000e+02 -3.2018e+00 +3.1378e+00 +2.9627e-01
1140 +2.026289291e-03 +2.026289291e-03 +1.344720263e+02 +1.344700000e+02 -3.2317e+00 +3.1378e+00 +3.0447e-01
1902 +1.211047334e-03 +1.211047334e-03 +1.344712110e+02 +1.344700000e+02 -3.2664e+00 +3.1378e+00 +3.0447e-01
3421 +8.811273134e-04 +8.811273134e-04 +1.344708811e+02 +1.344700000e+02 -3.2664e+00 +3.1552e+00 +3.0447e-01
8320 +6.191543177e-04 +6.191543177e-04 +1.344706192e+02 +1.344700000e+02 -3.2494e+00 +3.1761e+00 +3.4295e-01
12063 +2.572765323e-04 +2.572765323e-04 +1.344702573e+02 +1.344700000e+02 -3.2664e+00 +3.1413e+00 +3.3052e-01
13499 +2.135270908e-04 +2.135270908e-04 +1.344702135e+02 +1.344700000e+02 -3.2664e+00 +3.1691e+00 +3.3052e-01
19066 +1.188300527e-04 +1.188300527e-04 +1.344701188e+02 +1.344700000e+02 -3.2664e+00 +3.1472e+00 +3.3052e-01
21083 +2.807201227e-05 +2.807201227e-05 +1.344700281e+02 +1.344700000e+02 -3.2566e+00 +3.1570e+00 +3.3052e-01
32460 +1.102806004e-05 +1.102806004e-05 +1.344700110e+02 +1.344700000e+02 -3.2600e+00 +3.1570e+00 +3.3052e-01
40967 +6.339927694e-06 +6.339927694e-06 +1.344700063e+02 +1.344700000e+02 -3.2594e+00 +3.1570e+00 +3.3174e-01
44719 +1.834356794e-06 +1.834356794e-06 +1.344700018e+02 +1.344700000e+02 -3.2600e+00 +3.1570e+00 +3.3412e-01
73179 +1.265795191e-06 +1.265795191e-06 +1.344700013e+02 +1.344700000e+02 -3.2600e+00 +3.1553e+00 +3.3412e-01
111757 +8.001390199e-07 +8.001390199e-07 +1.344700008e+02 +1.344700000e+02 -3.2600e+00 +3.1556e+00 +3.3383e-01
204501 +5.329534929e-07 +5.329534929e-07 +1.344700005e+02 +1.344700000e+02 -3.2614e+00 +3.1556e+00 +3.3354e-01
205349 +2.294956118e-07 +2.294956118e-07 +1.344700002e+02 +1.344700000e+02 -3.2606e+00 +3.1556e+00 +3.3354e-01
242669 +4.785684382e-08 +4.785684382e-08 +1.344700000e+02 +1.344700000e+02 -3.2606e+00 +3.1560e+00 +3.3354e-01
% function evaluation | noise-free fitness - Fopt (4.453500000000e+02) | best noise-free fitness - Fopt | measured fitness | best measured fitness | x1 | x2...
1 +4.526171892e+01 +4.526171892e+01 +4.906117189e+02 +4.453500000e+02 +9.2292e-01 -3.2819e-01 -4.4849e+00
97 +9.704057196e-01 +9.704057196e-01 +4.463204057e+02 +4.453500000e+02 -2.4888e+00 +2.8749e+00 -1.0785e-01
685 +4.766669560e-01 +4.766669560e-01 +4.458266670e+02 +4.453500000e+02 -3.0172e+00 +2.9068e+00 -1.0785e-01
783 +3.772899491e-01 +3.772899491e-01 +4.457272899e+02 +4.453500000e+02 -3.0172e+00 +2.8096e+00 -3.5171e-01
1075 +1.941432069e-01 +1.941432069e-01 +4.455441432e+02 +4.453500000e+02 -3.0172e+00 +3.7304e+00 -6.8784e-01
1273 +1.149332136e-01 +1.149332136e-01 +4.454649332e+02 +4.453500000e+02 -3.0172e+00 +3.4347e+00 -3.5171e-01
1566 +4.594179255e-02 +4.594179255e-02 +4.453959418e+02 +4.453500000e+02 -3.0172e+00 +3.4347e+00 -6.8784e-01
1855 +2.343161731e-02 +2.343161731e-02 +4.453734316e+02 +4.453500000e+02 -3.1008e+00 +3.4347e+00 -6.8784e-01
2540 +1.547006410e-02 +1.547006410e-02 +4.453654701e+02 +4.453500000e+02 -3.2189e+00 +3.4347e+00 -6.8784e-01
3714 +2.670955068e-03 +2.670955068e-03 +4.453526710e+02 +4.453500000e+02 -3.2318e+00 +3.3446e+00 -5.8996e-01
3810 +1.331519257e-03 +1.331519257e-03 +4.453513315e+02 +4.453500000e+02 -3.2030e+00 +3.3592e+00 -6.0000e-01
3909 +7.494901409e-04 +7.494901409e-04 +4.453507495e+02 +4.453500000e+02 -3.2030e+00 +3.3446e+00 -6.0000e-01
9728 +2.542205610e-04 +2.542205610e-04 +4.453502542e+02 +4.453500000e+02 -3.2030e+00 +3.3446e+00 -6.1984e-01
11483 +2.085306549e-04 +2.085306549e-04 +4.453502085e+02 +4.453500000e+02 -3.2030e+00 +3.3214e+00 -6.1984e-01
11576 +1.036990954e-04 +1.036990954e-04 +4.453501037e+02 +4.453500000e+02 -3.2030e+00 +3.3292e+00 -6.1984e-01
12207 +5.649241035e-05 +5.649241035e-05 +4.453500565e+02 +4.453500000e+02 -3.1871e+00 +3.3292e+00 -6.1984e-01
20960 +3.078060712e-05 +3.078060712e-05 +4.453500308e+02 +4.453500000e+02 -3.1939e+00 +3.3343e+00 -6.1735e-01
21433 +2.214243682e-05 +2.214243682e-05 +4.453500221e+02 +4.453500000e+02 -3.1939e+00 +3.3343e+00 -6.2651e-01
27909 +1.180614964e-05 +1.180614964e-05 +4.453500118e+02 +4.453500000e+02 -3.1939e+00 +3.3343e+00 -6.1984e-01
39141 +7.930710183e-06 +7.930710183e-06 +4.453500079e+02 +4.453500000e+02 -3.1939e+00 +3.3343e+00 -6.2076e-01
40034 +2.867673231e-06 +2.867673231e-06 +4.453500029e+02 +4.453500000e+02 -3.1939e+00 +3.3318e+00 -6.2076e-01
50158 +1.452461447e-06 +1.452461447e-06 +4.453500015e+02 +4.453500000e+02 -3.1939e+00 +3.3318e+00 -6.2127e-01
111904 +4.044028401e-07 +4.044028401e-07 +4.453500004e+02 +4.453500000e+02 -3.1939e+00 +3.3318e+00 -6.2288e-01
161170 +2.003007467e-07 +2.003007467e-07 +4.453500002e+02 +4.453500000e+02 -3.1939e+00 +3.3322e+00 -6.2221e-01
233159 +1.171070494e-07 +1.171070494e-07 +4.453500001e+02 +4.453500000e+02 -3.1938e+00 +3.3322e+00 -6.2221e-01
283254 +9.712260862e-08 +9.712260862e-08 +4.453500001e+02 +4.453500000e+02 -3.1938e+00 +3.3322e+00 -6.2227e-01
