% function evaluation | noise-free fitness - Fopt (-9.210000000000e+00) | best noise-free fitness - Fopt | measured fitness | best measured fitness | x1 | x2...
1 +1.534411626e+02 +1.534411626e+02 +1.442311626e+02 -9.210000000e+00 -4.4307e+00 -1.4050e-01 +8.7779e-01 +4.0045e+00 +1.5854e+00 -3.4948e+00 +1.6430e-01 +3.0420e+00 +1.1280e+00 -3.4665e+00
390 +6.870178631e+01 +6.870178631e+01 +5.949178631e+01 -9.210000000e+00 +2.6119e+00 +1.3574e+00 +4.9279e+00 +4.8044e+00 -9.2187e-01 +4.2109e+00 +4.8794e+00 +8.4305e-02 +4.0103e+00 -4.0808e+00
576 +4.870798899e+01 +4.870798899e+01 +3.949798899e+01 -9.210000000e+00 +2.6119e+00 +1.3574e+00 +4.9279e+00 +4.8044e+00 -9.2187e-01 +3.7562e+00 +3.6751e+00 +4.6245e+00 +4.0103e+00 -4.0808e+00
757 +3.509435394e+01 +3.509435394e+01 +2.588435394e+01 -9.210000000e+00 -6.4939e-01 +1.3574e+00 +4.9279e+00 +4.8044e+00 -9.2187e-01 +4.2109e+00 +4.8794e+00 +4.6245e+00 +4.8079e+00 -4.4283e+00
1304 +2.238898060e+01 +2.238898060e+01 +1.317898060e+01 -9.210000000e+00 +3.8076e+00 +1.3574e+00 +4.9279e+00 +4.5619e+00 -2.6907e+00 +4.2109e+00 +4.8794e+00 +4.4504e+00 +4.8079e+00 -4.9176e+00
1862 +1.190791350e+01 +1.190791350e+01 +2.697913497e+00 -9.210000000e+00 +4.3143e+00 +4.5285e+00 +4.9279e+00 +4.8044e+00 -3.4315e+00 +4.2109e+00 +4.8794e+00 +5.1327e+00 +4.8079e+00 -4.9176e+00
2042 +8.712260397e+00 +8.712260397e+00 -4.977396032e-01 -9.210000000e+00 +3.8076e+00 +4.5285e+00 +4.9279e+00 +5.2359e+00 -2.6907e+00 +4.9989e+00 +5.5001e+00 +4.9398e+00 +5.0979e+00 -5.1448e+00
2412 +6.290104299e+00 +6.290104299e+00 -2.919895701e+00 -9.210000000e+00 +3.8076e+00 +4.5285e+00 +4.9279e+00 +5.2359e+00 -3.4315e+00 +4.9989e+00 +5.5001e+00 +5.1327e+00 +5.0979e+00 -5.1448e+00
2785 +3.448388793e+00 +3.448388793e+00 -5.761611207e+00 -9.210000000e+00 +3.8076e+00 +4.5285e+00 +4.9279e+00 +5.2359e+00 -4.4527e+00 +4.9989e+00 +5.5001e+00 +5.7818e+00 +5.0979e+00 -5.1448e+00
3531 +1.131587434e+00 +1.131587434e+00 -8.078412566e+00 -9.210000000e+00 +4.4625e+00 +5.2661e+00 +4.9279e+00 +5.2430e+00 -4.8312e+00 +4.9989e+00 +5.5001e+00 +5.1327e+00 +5.0979e+00 -5.1448e+00
3898 +6.686835263e-01 +6.686835263e-01 -8.541316474e+00 -9.210000000e+00 +4.4625e+00 +5.2661e+00 +4.9279e+00 +5.2430e+00 -4.9975e+00 +4.9989e+00 +5.5001e+00 +5.1327e+00 +5.0979e+00 -5.1448e+00
4081 +4.737411256e-01 +4.737411256e-01 -8.736258874e+00 -9.210000000e+00 +5.0033e+00 +5.2661e+00 +5.1987e+00 +5.2430e+00 -4.8312e+00 +4.9989e+00 +5.5001e+00 +5.1327e+00 +5.0979e+00 -5.1448e+00
4268 +1.083721738e-02 +1.083721738e-02 -9.199162783e+00 -9.210000000e+00 +5.0033e+00 +5.2661e+00 +5.1987e+00 +5.2430e+00 -4.9975e+00 +4.9989e+00 +5.5001e+00 +5.1327e+00 +5.0979e+00 -5.1448e+00
4451 +6.889337127e-03 +6.889337127e-03 -9.203110663e+00 -9.210000000e+00 +5.0033e+00 +5.2661e+00 +5.1987e+00 +5.2430e+00 -4.9975e+00 +5.1704e+00 +5.5001e+00 +5.1327e+00 +5.0979e+00 -5.1448e+00
4634 -7.105427358e-15 -7.105427358e-15 -9.210000000e+00 -9.210000000e+00 +5.0033e+00 +5.2661e+00 +5.1987e+00 +5.2430e+00 -5.2475e+00 +5.1704e+00 +5.5001e+00 +5.7901e+00 +5.0979e+00 -5.1448e+00
% function evaluation | noise-free fitness - Fopt (6.559900000000e+02) | best noise-free fitness - Fopt | measured fitness | best measured fitness | x1 | x2...
1 +2.950926331e+02 +2.950926331e+02 +9.510826331e+02 +6.559900000e+02 +1.1685e+00 +1.6020e+00 +2.3635e+00 -4.7022e+00 +1.4681e+00 +3.0642e-01 +4.0049e+00 -3.1592e+00 +3.9683e+00 +2.3319e-01
399 +6.521172567e+01 +6.521172567e+01 +7.212017257e+02 +6.559900000e+02 +2.6863e+00 -3.1436e+00 -4.2154e+00 -8.0604e-01 +8.2380e-01 -4.7756e+00 -9.6977e-01 +4.7760e+00 -4.5260e+00 -4.4048e+00
594 +4.879282316e+01 +4.879282316e+01 +7.047828232e+02 +6.559900000e+02 +2.6863e+00 -3.1436e+00 -4.2154e+00 +1.2553e+00 +2.5639e+00 -4.0264e+00 -4.9427e+00 +4.9547e+00 -4.5260e+00 -4.4048e+00
792 +3.691711800e+01 +3.691711800e+01 +6.929071180e+02 +6.559900000e+02 +2.6863e+00 +1.2087e-01 -4.8526e+00 +2.6018e+00 -1.4973e+00 -2.6006e+00 -4.9427e+00 +4.9547e+00 -4.5260e+00 -5.0166e+00
1184 +2.493867476e+01 +2.493867476e+01 +6.809286748e+02 +6.559900000e+02 +2.6863e+00 -3.1436e+00 -4.8199e+00 +2.6018e+00 -1.4973e+00 -4.7756e+00 -4.9427e+00 +4.9547e+00 -4.5260e+00 -5.0166e+00
2365 +1.518853095e+01 +1.518853095e+01 +6.711785310e+02 +6.559900000e+02 +2.6863e+00 -3.1436e+00 -5.4393e+00 +4.2629e+00 -1.9010e+00 -5.2964e+00 -4.9427e+00 +6.5771e+00 -6.0282e+00 -5.0166e+00
3152 +9.971221796e+00 +9.971221796e+00 +6.659612218e+02 +6.559900000e+02 +3.9925e+00 -3.7260e+00 -4.6009e+00 +4.6673e+00 -3.0600e+00 -5.2964e+00 -4.9427e+00 +4.9547e+00 -5.3346e+00 -5.0650e+00
3941 +5.456861902e+00 +5.456861902e+00 +6.614468619e+02 +6.559900000e+02 +3.9923e+00 -4.8392e+00 -5.4393e+00 +4.8338e+00 -3.7975e+00 -5.2964e+00 -4.9427e+00 +4.9547e+00 -5.3346e+00 -5.0166e+00
4138 +3.912677501e+00 +3.912677501e+00 +6.599026775e+02 +6.559900000e+02 +4.4467e+00 -4.7602e+00 -5.4393e+00 +4.8338e+00 -4.0327e+00 -5.2964e+00 -5.1823e+00 +6.5771e+00 -5.3346e+00 -5.0166e+00
4534 +2.387702391e+00 +2.387702391e+00 +6.583777024e+02 +6.559900000e+02 +3.9923e+00 -4.7602e+00 -5.4393e+00 +5.0565e+00 -4.7243e+00 -5.2964e+00 -4.9932e+00 +4.9547e+00 -5.3346e+00 -5.0650e+00
4928 +1.050948531e+00 +1.050948531e+00 +6.570409485e+02 +6.559900000e+02 +4.5619e+00 -4.7602e+00 -5.4393e+00 +5.0565e+00 -5.3154e+00 -5.2964e+00 -4.9932e+00 +4.9547e+00 -5.3346e+00 -5.0650e+00
5123 +7.202526745e-01 +7.202526745e-01 +6.567102527e+02 +6.559900000e+02 +4.8926e+00 -4.7602e+00 -5.4393e+00 +5.0565e+00 -5.3154e+00 -5.2964e+00 -4.9932e+00 +4.9547e+00 -5.3346e+00 -5.0166e+00
5316 +3.097774197e-01 +3.097774197e-01 +6.562997774e+02 +6.559900000e+02 +5.0272e+00 -4.7602e+00 -5.4393e+00 +5.1289e+00 -5.3154e+00 -5.2964e+00 -5.4663e+00 +6.5771e+00 -5.4349e+00 -5.0166e+00
5512 +0.000000000e+00 +0.000000000e+00 +6.559900000e+02 +6.559900000e+02 +5.9861e+00 -5.1892e+00 -6.5890e+00 +5.0565e+00 -5.3154e+00 -5.2964e+00 -5.4663e+00 +6.6341e+00 -5.4349e+00 -5.0166e+00
% function evaluation | noise-free fitness - Fopt (6.671000000000e+01) | best noise-free fitness - Fopt | measured fitness | best measured fitness | x1 | x2...
1 +2.611386102e+02 +2.611386102e+02 +3.278486102e+02 +6.671000000e+01 +2.3079e+00 +3.2520e+00 -1.8858e+00 +1.7966e+00 +1.7326e+00 -2.4232e+00 -1.6871e-01 +4.8999e+00 +1.0974e+00 +2.3676e+00
378 +4.091733577e+01 +4.091733577e+01 +1.076273358e+02 +6.671000000e+01 +1.4044e+00 -4.3904e+00 +3.0965e-01 +1.9821e+00 -4.7167e+00 +4.8496e+00 -3.4442e+00 -4.1452e+00 +4.3993e+00 -4.9959e+00
551 +3.767458866e+01 +3.767458866e+01 +1.043845887e+02 +6.671000000e+01 +1.4044e+00 -4.3904e+00 -1.4634e+00 +4.0672e+00 -3.2047e+00 +4.8496e+00 -3.4442e+00 -4.1452e+00 +4.3993e+00 -4.9959e+00
917 +1.947875983e+01 +1.947875983e+01 +8.618875983e+01 +6.671000000e+01 -4.7855e+00 -3.0156e+00 -4.9929e+00 +3.8973e+00 -2.5602e+00 +4.4233e+00 -4.8273e+00 -5.2619e+00 +4.3993e+00 -5.2736e+00
1093 +1.410289725e+01 +1.410289725e+01 +8.081289725e+01 +6.671000000e+01 -4.7855e+00 -3.0156e+00 -3.9373e+00 +4.4247e+00 -4.7167e+00 +4.4233e+00 -4.8273e+00 -5.2619e+00 +4.3993e+00 -5.2736e+00
1273 +7.623718269e+00 +7.623718269e+00 +7.433371827e+01 +6.671000000e+01 -4.7855e+00 -3.0156e+00 -4.9929e+00 +3.8973e+00 -5.6175e+00 +4.8496e+00 -4.8273e+00 -5.2619e+00 +4.8557e+00 -5.2736e+00
1628 +3.581804326e+00 +3.581804326e+00 +7.029180433e+01 +6.671000000e+01 -4.7855e+00 -4.3904e+00 -4.9929e+00 +4.4247e+00 -4.7167e+00 +4.8496e+00 -5.8562e+00 -5.2619e+00 +5.1102e+00 -5.2736e+00
2003 +2.470391575e+00 +2.470391575e+00 +6.918039158e+01 +6.671000000e+01 -4.7855e+00 -4.3904e+00 -4.9929e+00 +4.9405e+00 -4.7167e+00 +4.8496e+00 -5.8562e+00 -5.2619e+00 +5.1102e+00 -6.0910e+00
2355 +6.802973020e-01 +6.802973020e-01 +6.739029730e+01 +6.671000000e+01 -5.0765e+00 -5.1604e+00 -4.9929e+00 +4.9405e+00 -5.8370e+00 +4.8496e+00 -5.8562e+00 -5.2619e+00 +5.2320e+00 -5.2736e+00
2535 +1.060235270e-01 +1.060235270e-01 +6.681602353e+01 +6.671000000e+01 -5.0765e+00 -5.1604e+00 -4.9929e+00 +4.9563e+00 -5.6175e+00 +6.3665e+00 -5.8562e+00 -5.2619e+00 +5.2320e+00 -5.2736e+00
2714 +9.417712049e-02 +9.417712049e-02 +6.680417712e+01 +6.671000000e+01 -5.0765e+00 -5.1604e+00 -5.3713e+00 +4.9563e+00 -5.6175e+00 +5.0578e+00 -5.8562e+00 -5.2619e+00 +5.1102e+00 -5.2736e+00
2894 -1.421085472e-14 -1.421085472e-14 +6.671000000e+01 +6.671000000e+01 -5.6512e+00 -5.1604e+00 -5.3713e+00 +5.8511e+00 -5.6175e+00 +5.5593e+00 -5.8562e+00 -5.2619e+00 +5.2320e+00 -5.2736e+00
% function evaluation | noise-free fitness - Fopt (9.416700000000e+02) | best noise-free fitness - Fopt | measured fitness | best measured fitness | x1 | x2...
1 +1.730411822e+02 +1.730411822e+02 +1.114711182e+03 +9.416700000e+02 +2.0645e+00 -3.8785e+00 +1.2723e+00 -3.7884e+00 +4.6714e+00 -2.3632e+00 +1.8156e+00 -4.0843e+00 -1.0893e+00 -3.1283e+00
397 +7.347127668e+01 +7.347127668e+01 +1.015141277e+03 +9.416700000e+02 -1.7114e+00 -4.2574e+00 -3.1715e+00 +4.9909e+00 -2.5209e+00 -3.5600e+00 -3.7409e+00 -4.0504e-01 +4.3354e+00 -4.5037e+00
595 +3.589289524e+01 +3.589289524e+01 +9.775628952e+02 +9.416700000e+02 +3.5915e+00 -1.7253e+00 +2.2634e+00 +2.1238e+00 -3.6891e+00 -4.9285e+00 -4.2597e+00 -4.6260e+00 +4.8895e+00 -4.8128e+00
995 +2.161598146e+01 +2.161598146e+01 +9.632859815e+02 +9.416700000e+02 -4.8602e+00 -4.2574e+00 +3.0934e+00 +3.0704e+00 -3.6891e+00 -4.9285e+00 -4.0725e+00 -4.6260e+00 +4.8895e+00 -4.8128e+00
1592 +1.211535866e+01 +1.211535866e+01 +9.537853587e+02 +9.416700000e+02 -4.8602e+00 -3.1651e+00 +3.2137e+00 +4.9909e+00 -3.9530e+00 -4.9285e+00 -4.2597e+00 -5.6188e+00 +5.1231e+00 -5.7120e+00
2187 +7.791399052e+00 +7.791399052e+00 +9.494613991e+02 +9.416700000e+02 -4.8602e+00 -4.2574e+00 +3.2137e+00 +4.9909e+00 -5.0190e+00 -4.9285e+00 -4.2597e+00 -5.6188e+00 +5.1231e+00 -5.7120e+00
2583 +4.098258146e+00 +4.098258146e+00 +9.457682581e+02 +9.416700000e+02 -4.8602e+00 -4.2574e+00 +3.2137e+00 +4.9909e+00 -5.0190e+00 -5.2447e+00 -5.0550e+00 -5.6188e+00 +5.1231e+00 -5.6547e+00
2781 +2.348375705e+00 +2.348375705e+00 +9.440183757e+02 +9.416700000e+02 -5.2784e+00 -4.2574e+00 +4.3329e+00 +4.9909e+00 -5.0190e+00 -4.9285e+00 -5.0550e+00 -5.6188e+00 +5.1231e+00 -5.7120e+00
3378 +9.079531145e-01 +9.079531145e-01 +9.425779531e+02 +9.416700000e+02 -4.8602e+00 -4.4204e+00 +5.6011e+00 +4.9909e+00 -5.0190e+00 -5.2447e+00 -5.0550e+00 -5.6188e+00 +5.1231e+00 -5.6547e+00
3574 +5.466596656e-01 +5.466596656e-01 +9.422166597e+02 +9.416700000e+02 -4.8602e+00 -4.7001e+00 +5.6011e+00 +4.9909e+00 -5.0190e+00 -5.2447e+00 -5.0550e+00 -5.6188e+00 +5.1231e+00 -5.6547e+00
3772 +1.593703755e-01 +1.593703755e-01 +9.418293704e+02 +9.416700000e+02 -4.8602e+00 -5.3549e+00 +5.6011e+00 +4.9909e+00 -5.0190e+00 -5.2447e+00 -5.0550e+00 -5.6188e+00 +5.1231e+00 -5.6547e+00
3972 +1.956912642e-02 +1.956912642e-02 +9.416895691e+02 +9.416700000e+02 -5.2784e+00 -5.3549e+00 +5.6011e+00 +4.9909e+00 -5.0190e+00 -5.2447e+00 -5.0550e+00 -5.6188e+00 +5.1231e+00 -5.7120e+00
4371 +0.000000000e+00 +0.000000000e+00 +9.416700000e+02 +9.416700000e+02 -5.2784e+00 -5.2138e+00 +5.6052e+00 +5.1652e+00 -5.0190e+00 -5.2447e+00 -5.0550e+00 -5.7790e+00 +5.1231e+00 -5.7120e+00
% function evaluation | noise-free fitness - Fopt (-3.745000000000e+01) | best noise-free fitness - Fopt | measured fitness | best measured fitness | x1 | x2...
1 +2.261878873e+02 +2.261878873e+02 +1.887378873e+02 -3.745000000e+01 +7.0052e-01 -2.8806e+00 -4.4431e+00 -2.8544e+00 +2.0047e-01 -4.7260e+00 +4.5901e+00 -4.8733e+00 -6.4962e-01 -4.5507e+00
392 +6.741288312e+01 +6.741288312e+01 +2.996288312e+01 -3.745000000e+01 +4.5480e+00 +1.7516e+00 +4.5324e+00 -4.8527e+00 -3.7300e+00 +4.7743e+00 -9.9443e-01 -3.0264e+00 +4.3812e+00 +3.7123e+00
588 +4.789612393e+01 +4.789612393e+01 +1.044612393e+01 -3.745000000e+01 +4.2948e+00 +1.7516e+00 +4.5324e+00 -4.8527e+00 -3.7300e+00 +4.7743e+00 +3.2649e+00 -3.0264e+00 +4.3812e+00 +3.7123e+00
977 +3.285250651e+01 +3.285250651e+01 -4.597493491e+00 -3.745000000e+01 +4.2948e+00 +4.9628e+00 +4.9268e+00 -4.8527e+00 -3.7300e+00 +3.4980e+00 +4.9285e+00 -3.0264e+00 +4.3812e+00 +4.4226e+00
1370 +1.855979285e+01 +1.855979285e+01 -1.889020715e+01 -3.745000000e+01 +4.5480e+00 +3.9310e+00 +4.5324e+00 -4.8527e+00 -3.7300e+00 +4.6797e+00 +4.8660e+00 -4.9452e+00 +4.3812e+00 +4.4796e+00
1568 +1.335603861e+01 +1.335603861e+01 -2.409396139e+01 -3.745000000e+01 +4.5480e+00 +3.9310e+00 +4.5324e+00 -4.8527e+00 -3.7300e+00 +4.6797e+00 +4.8660e+00 -4.9452e+00 +4.3812e+00 +5.1364e+00
1763 +8.348280880e+00 +8.348280880e+00 -2.910171912e+01 -3.745000000e+01 +4.5480e+00 +4.7813e+00 +4.5324e+00 -5.4899e+00 -4.7944e+00 +4.7743e+00 +4.9285e+00 -4.9452e+00 +4.3812e+00 +5.2120e+00
1960 +5.295677507e+00 +5.295677507e+00 -3.215432249e+01 -3.745000000e+01 +4.5480e+00 +4.7813e+00 +5.5200e+00 -4.4611e+00 -4.5332e+00 +4.6797e+00 +4.8660e+00 -4.9452e+00 +5.5270e+00 +5.2120e+00
2155 +3.399679105e+00 +3.399679105e+00 -3.405032090e+01 -3.745000000e+01 +4.5480e+00 +4.9628e+00 +4.8508e+00 -4.8527e+00 -4.7944e+00 +4.7743e+00 +4.8660e+00 -4.9452e+00 +5.5270e+00 +5.2120e+00
2342 +2.450698218e+00 +2.450698218e+00 -3.499930178e+01 -3.745000000e+01 +4.5480e+00 +4.9628e+00 +4.8508e+00 -4.8527e+00 -4.7944e+00 +4.9576e+00 +4.9285e+00 -4.9452e+00 +5.5270e+00 +5.2120e+00
2727 +1.215207976e+00 +1.215207976e+00 -3.623479202e+01 -3.745000000e+01 +4.5480e+00 +4.7813e+00 +5.5200e+00 -5.4899e+00 -5.5908e+00 +4.9576e+00 +5.1163e+00 -4.9452e+00 +5.5270e+00 +5.2120e+00
2920 +9.808093206e-01 +9.808093206e-01 -3.646919068e+01 -3.745000000e+01 +4.5480e+00 +4.9628e+00 +5.5200e+00 -5.4899e+00 -5.5908e+00 +4.9576e+00 +5.1163e+00 -4.9452e+00 +5.5270e+00 +5.2120e+00
3109 +5.001045014e-01 +5.001045014e-01 -3.694989550e+01 -3.745000000e+01 +4.5480e+00 +4.9628e+00 +5.5200e+00 -5.4899e+00 -5.5908e+00 +5.5292e+00 +5.1163e+00 -5.1012e+00 +5.5270e+00 +5.2120e+00
3296 +3.983262762e-02 +3.983262762e-02 -3.741016737e+01 -3.745000000e+01 +5.4097e+00 +4.9692e+00 +5.5200e+00 -5.4899e+00 -5.5908e+00 +5.2213e+00 +5.0218e+00 -5.0224e+00 +5.5270e+00 +5.2120e+00
3494 +1.421085472e-14 +1.421085472e-14 -3.745000000e+01 -3.745000000e+01 +5.3498e+00 +6.3371e+00 +5.6037e+00 -5.4899e+00 -5.5908e+00 +5.4295e+00 +5.1163e+00 -5.0224e+00 +5.5683e+00 +5.2120e+00
% function evaluation | noise-free fitness - Fopt (-4.450500000000e+02) | best noise-free fitness - Fopt | measured fitness | best measured fitness | x1 | x2...
1 +2.158779274e+02 +2.158779274e+02 -2.291720726e+02 -4.450500000e+02 +4.9322e+00 -2.4002e+00 +2.7320e+00 -2.9576e+00 +3.6651e+00 +7.8196e-01 -1.1741e+00 -3.1899e+00 +1.4032e+00 -1.5127e+00
397 +5.564004654e+01 +5.564004654e+01 -3.894099535e+02 -4.450500000e+02 -2.7902e+00 +3.3358e+00 +4.9174e+00 +2.6371e+00 -3.3013e+00 -8.5675e-01 -4.0496e+00 -3.9586e+00 -4.5310e+00 +4.9213e+00
595 +3.567202810e+01 +3.567202810e+01 -4.093779719e+02 -4.450500000e+02 +5.5956e-01 +2.5903e+00 +4.2683e+00 -3.2917e+00 -4.0726e+00 -2.1753e+00 -4.7081e+00 -4.8301e+00 -4.1396e+00 +4.9668e+00
790 +2.340611169e+01 +2.340611169e+01 -4.216438883e+02 -4.450500000e+02 -3.3757e+00 +2.6804e+00 +2.7536e+00 -3.8152e+00 -4.8442e+00 -4.9907e+00 -4.1676e+00 -4.7875e+00 -4.3314e+00 +4.8296e+00
1185 +1.327902637e+01 +1.327902637e+01 -4.317709736e+02 -4.450500000e+02 -2.7902e+00 +3.3358e+00 +4.9174e+00 -4.6512e+00 -4.8442e+00 -4.9907e+00 -4.1676e+00 -4.7875e+00 -4.7883e+00 +4.9213e+00
1767 +6.953390614e+00 +6.953390614e+00 -4.380966094e+02 -4.450500000e+02 -2.7902e+00 +4.3778e+00 +4.9174e+00 -4.6512e+00 -4.8442e+00 -4.9907e+00 -5.0838e+00 -4.7875e+00 -4.9324e+00 +4.9213e+00
2161 +5.530414733e+00 +5.530414733e+00 -4.395195853e+02 -4.450500000e+02 -3.8702e+00 +4.3778e+00 +4.9174e+00 -4.6512e+00 -4.8442e+00 -5.6474e+00 -4.7081e+00 -5.0910e+00 -4.9829e+00 +4.9213e+00
2742 +3.234063107e+00 +3.234063107e+00 -4.418159369e+02 -4.450500000e+02 -3.8702e+00 +5.2400e+00 +5.0268e+00 -4.6512e+00 -4.8442e+00 -5.6474e+00 -5.0838e+00 -5.0910e+00 -4.9829e+00 +4.9213e+00
3126 +2.082549225e+00 +2.082549225e+00 -4.429674508e+02 -4.450500000e+02 -3.8702e+00 +5.7264e+00 +5.5029e+00 -5.2249e+00 -5.8029e+00 -4.9907e+00 -5.0838e+00 -5.5477e+00 -4.9829e+00 +4.9213e+00
3322 +1.295993338e+00 +1.295993338e+00 -4.437540067e+02 -4.450500000e+02 -3.8702e+00 +5.7264e+00 +5.5029e+00 -5.2249e+00 -5.8029e+00 -4.9907e+00 -5.0838e+00 -5.5477e+00 -4.9829e+00 +5.0922e+00
4305 +7.561001600e-01 +7.561001600e-01 -4.442938998e+02 -4.450500000e+02 -4.3766e+00 +5.2400e+00 +5.0268e+00 -5.2249e+00 -5.8029e+00 -5.6474e+00 -5.0838e+00 -5.2796e+00 -4.9829e+00 +5.0922e+00
4499 +1.755989115e-01 +1.755989115e-01 -4.448744011e+02 -4.450500000e+02 -4.8244e+00 +5.2400e+00 +5.5029e+00 -5.2249e+00 -5.8029e+00 -5.6474e+00 -5.0838e+00 -5.2796e+00 -5.0554e+00 +5.0922e+00
4885 +0.000000000e+00 +0.000000000e+00 -4.450500000e+02 -4.450500000e+02 -5.5208e+00 +5.2400e+00 +5.0268e+00 -5.2249e+00 -5.8029e+00 -5.6474e+00 -5.0838e+00 -5.2796e+00 -5.0554e+00 +5.2590e+00
% function evaluation | noise-free fitness - Fopt (9.513200000000e+02) | best noise-free fitness - Fopt | measured fitness | best measured fitness | x1 | x2...
1 +1.788486205e+02 +1.788486205e+02 +1.130168621e+03 +9.513200000e+02 -5.9989e-01 +4.5154e-01 +4.0736e+00 +2.6624e+00 -4.8970e+00 -4.7200e+00 -3.7579e+00 +6.1752e-01 -2.8024e+00 +3.3228e+00
392 +5.819268263e+01 +5.819268263e+01 +1.009512683e+03 +9.513200000e+02 -3.2439e+00 +1.0950e+00 -3.2442e+00 +4.5143e+00 +2.1008e+00 -2.8023e+00 -4.5035e+00 +4.7456e+00 -3.5329e+00 -4.7388e+00
749 +3.542388254e+01 +3.542388254e+01 +9.867438825e+02 +9.513200000e+02 -2.2042e+00 -4.7235e+00 +3.2702e+00 +4.5143e+00 +2.1008e+00 -2.8023e+00 -4.5035e+00 +4.7456e+00 -4.6671e+00 -4.4033e+00
1122 +1.878619784e+01 +1.878619784e+01 +9.701061978e+02 +9.513200000e+02 -2.3961e+00 -3.9994e+00 +4.8593e+00 +4.0449e+00 +2.8511e+00 -4.9411e+00 -4.5035e+00 +4.7456e+00 -4.6671e+00 -5.6532e+00
1476 +1.449090874e+01 +1.449090874e+01 +9.658109087e+02 +9.513200000e+02 -4.7361e+00 -4.7235e+00 +4.8593e+00 +4.0449e+00 +2.8511e+00 -4.9411e+00 -4.5035e+00 +4.7456e+00 -4.8412e+00 -4.9673e+00
2032 +9.153222353e+00 +9.153222353e+00 +9.604732224e+02 +9.513200000e+02 -5.5680e+00 -4.7235e+00 +4.8593e+00 +4.0449e+00 +3.2868e+00 -4.9411e+00 -5.0553e+00 +4.7456e+00 -6.2376e+00 -5.3717e+00
2576 +4.951947634e+00 +4.951947634e+00 +9.562719476e+02 +9.513200000e+02 -5.5680e+00 -5.3699e+00 +4.8593e+00 +4.5143e+00 +3.9930e+00 -4.9411e+00 -5.0553e+00 +5.0239e+00 -4.9151e+00 -6.1591e+00
2936 +2.812859810e+00 +2.812859810e+00 +9.541328598e+02 +9.513200000e+02 -5.5680e+00 -5.3699e+00 +4.8593e+00 +4.5143e+00 +4.5415e+00 -4.9288e+00 -5.0553e+00 +5.2676e+00 -5.1859e+00 -5.4994e+00
3124 +1.722120364e+00 +1.722120364e+00 +9.530421204e+02 +9.513200000e+02 -5.5680e+00 -5.3699e+00 +4.8593e+00 +5.0765e+00 +4.5415e+00 -4.9411e+00 -5.0553e+00 +5.3691e+00 -5.1859e+00 -5.4994e+00
3307 +8.417560903e-01 +8.417560903e-01 +9.521617561e+02 +9.513200000e+02 -5.4077e+00 -5.3699e+00 +4.8593e+00 +4.8164e+00 +5.1358e+00 -4.9411e+00 -5.9935e+00 +5.5146e+00 -6.2376e+00 -5.6532e+00
3483 +4.462815261e-01 +4.462815261e-01 +9.517662815e+02 +9.513200000e+02 -5.5680e+00 -5.3699e+00 +4.8593e+00 +5.0765e+00 +5.3307e+00 -4.9411e+00 -5.0553e+00 +5.3691e+00 -5.1859e+00 -5.4994e+00
3661 +2.559665805e-01 +2.559665805e-01 +9.515759666e+02 +9.513200000e+02 -5.5680e+00 -5.3699e+00 +5.7447e+00 +5.0765e+00 +5.2726e+00 -4.9288e+00 -5.0553e+00 +5.0239e+00 -6.1604e+00 -5.6532e+00
3843 +2.115535155e-01 +2.115535155e-01 +9.515315535e+02 +9.513200000e+02 -5.5680e+00 -5.3699e+00 +5.7447e+00 +5.0765e+00 +5.2726e+00 -4.9411e+00 -5.9935e+00 +5.2676e+00 -5.1859e+00 -5.6532e+00
4019 +0.000000000e+00 +0.000000000e+00 +9.513200000e+02 +9.513200000e+02 -5.5680e+00 -5.6398e+00 +5.6288e+00 +5.1167e+00 +5.1358e+00 -5.1189e+00 -5.0553e+00 +5.6909e+00 -6.1604e+00 -5.4994e+00
% function evaluation | noise-free fitness - Fopt (-1.703300000000e+02) | best noise-free fitness - Fopt | measured fitness | best measured fitness | x1 | x2...
1 +1.305354786e+02 +1.305354786e+02 -3.979452144e+01 -1.703300000e+02 +7.8254e-01 -1.2035e+00 -1.6322e+00 +2.2122e+00 -3.6585e+00 -1.0268e+00 +3.0538e+00 -8.5741e-01 +3.8379e+00 -1.8377e+00
387 +5.052295046e+01 +5.052295046e+01 -1.198070495e+02 -1.703300000e+02 -3.1329e+00 -1.6148e+00 +9.7458e-02 +3.5400e+00 -3.0333e+00 -1.5876e+00 +4.3867e+00 +4.9351e+00 +3.8457e+00 -4.6949e+00
747 +3.862061736e+01 +3.862061736e+01 -1.317093826e+02 -1.703300000e+02 -3.1329e+00 -1.6148e+00 +9.7458e-02 +3.5400e+00 -3.6694e+00 -5.2215e+00 +3.9275e+00 +4.9351e+00 +3.8457e+00 -4.6949e+00
1461 +2.391793799e+01 +2.391793799e+01 -1.464120620e+02 -1.703300000e+02 -3.1329e+00 -1.6148e+00 +2.7947e+00 +3.5400e+00 -4.2852e+00 -5.2215e+00 +4.8807e+00 +4.9351e+00 +4.3708e+00 -4.6949e+00
2341 +1.438093089e+01 +1.438093089e+01 -1.559490691e+02 -1.703300000e+02 -3.1329e+00 -1.6148e+00 +2.7947e+00 +3.9687e+00 -5.0890e+00 -5.2215e+00 +4.8807e+00 +5.5010e+00 +4.7821e+00 -5.2218e+00
3047 +8.755213731e+00 +8.755213731e+00 -1.615747863e+02 -1.703300000e+02 -3.0272e+00 -3.4726e+00 +3.7746e+00 +3.9687e+00 -5.0890e+00 -5.2215e+00 +4.8828e+00 +5.5010e+00 +5.0614e+00 -5.2218e+00
3566 +6.193544393e+00 +6.193544393e+00 -1.641364556e+02 -1.703300000e+02 -3.1329e+00 -3.2328e+00 +3.7746e+00 +5.3575e+00 -5.7564e+00 -5.2215e+00 +5.2465e+00 +5.2655e+00 +5.0614e+00 -5.2218e+00
3927 +3.916400411e+00 +3.916400411e+00 -1.664135996e+02 -1.703300000e+02 -3.1329e+00 -3.4726e+00 +4.9541e+00 +5.3575e+00 -5.7564e+00 -5.2215e+00 +5.4518e+00 +5.5010e+00 +5.0614e+00 -5.2218e+00
4790 +2.495802080e+00 +2.495802080e+00 -1.678341979e+02 -1.703300000e+02 -3.8216e+00 -4.0393e+00 +4.9541e+00 +5.3575e+00 -5.7564e+00 -5.2215e+00 +5.4518e+00 +5.5010e+00 +5.0614e+00 -5.2218e+00
5306 +1.412741777e+00 +1.412741777e+00 -1.689172582e+02 -1.703300000e+02 -4.4242e+00 -4.3520e+00 +5.4975e+00 +5.3575e+00 -5.7564e+00 -5.2215e+00 +5.1114e+00 +5.5010e+00 +5.0614e+00 -5.0148e+00
5854 +6.851227693e-01 +6.851227693e-01 -1.696448772e+02 -1.703300000e+02 -4.4242e+00 -4.9153e+00 +5.4975e+00 +5.0217e+00 -5.7564e+00 -5.8013e+00 +5.1114e+00 +5.9720e+00 +5.0614e+00 -5.0148e+00
6031 +2.834900440e-01 +2.834900440e-01 -1.700465100e+02 -1.703300000e+02 -4.8259e+00 -4.9153e+00 +5.4975e+00 +5.0217e+00 -5.7564e+00 -5.8013e+00 +5.1114e+00 +5.9720e+00 +5.0614e+00 -5.0148e+00
6205 +2.061205514e-01 +2.061205514e-01 -1.701238794e+02 -1.703300000e+02 -4.9032e+00 -4.9153e+00 +5.4975e+00 +5.3575e+00 -5.7564e+00 -5.2215e+00 +5.1114e+00 +5.5010e+00 +5.0614e+00 -5.0148e+00
6566 +1.093554397e-01 +1.093554397e-01 -1.702206446e+02 -1.703300000e+02 -5.1850e+00 -4.9153e+00 +5.4975e+00 +5.3575e+00 -5.7564e+00 -5.2215e+00 +5.1114e+00 +5.5010e+00 +5.0614e+00 -5.0148e+00
6739 +7.846258247e-02 +7.846258247e-02 -1.702515374e+02 -1.703300000e+02 -4.9215e+00 -5.7451e+00 +5.4975e+00 +5.3575e+00 -5.7564e+00 -5.8013e+00 +5.1114e+00 +5.9720e+00 +5.0560e+00 -5.0148e+00
6912 +0.000000000e+00 +0.000000000e+00 -1.703300000e+02 -1.703300000e+02 -5.1307e+00 -5.1918e+00 +5.4975e+00 +6.5852e+00 -5.7564e+00 -5.8013e+00 +5.1114e+00 +5.9720e+00 +5.0614e+00 -5.7038e+00
% function evaluation | noise-free fitness - Fopt (4.136000000000e+01) | best noise-free fitness - Fopt | measured fitness | best measured fitness | x1 | x2...
1 +1.604865767e+02 +1.604865767e+02 +2.018465767e+02 +4.136000000e+01 +1.1210e+00 +2.7994e+00 -4.1602e+00 -3.1565e+00 +1.4481e+00 +3.2129e+00 -3.4791e+00 -5.0623e-01 -3.2821e+00 -1.5117e+00
379 +6.912640674e+01 +6.912640674e+01 +1.104864067e+02 +4.136000000e+01 +4.7330e+00 -8.1608e-01 +4.9676e+00 +4.5946e+00 +4.6304e+00 +2.1152e+00 -3.4296e+00 +2.7452e+00 -4.4577e+00 +4.2554e+00
569 +4.777716895e+01 +4.777716895e+01 +8.913716895e+01 +4.136000000e+01 +4.7330e+00 +3.5778e+00 -4.4289e+00 +4.5946e+00 +4.6304e+00 +2.1152e+00 -3.4296e+00 +2.7452e+00 -4.4577e+00 +4.2554e+00
762 +3.458338791e+01 +3.458338791e+01 +7.594338791e+01 +4.136000000e+01 +4.7330e+00 +3.5778e+00 -4.4289e+00 +2.3820e+00 +1.8792e+00 +4.2168e+00 -4.9001e+00 +4.8209e+00 -4.2761e+00 +4.2754e+00
1132 +1.497508008e+01 +1.497508008e+01 +5.633508008e+01 +4.136000000e+01 +4.7330e+00 +3.5778e+00 -4.4289e+00 +4.5946e+00 +4.6304e+00 +4.2168e+00 -4.9001e+00 +4.8209e+00 -4.2761e+00 +4.9940e+00
1705 +8.820514778e+00 +8.820514778e+00 +5.018051478e+01 +4.136000000e+01 +4.9074e+00 +3.3043e+00 -4.4289e+00 +4.5946e+00 +4.6304e+00 +4.2168e+00 -4.9001e+00 +5.8196e+00 -4.9555e+00 +4.9940e+00
2072 +4.370663197e+00 +4.370663197e+00 +4.573066320e+01 +4.136000000e+01 +4.9074e+00 +3.5778e+00 -4.4289e+00 +5.3176e+00 +4.9155e+00 +4.8930e+00 -4.9001e+00 +5.8196e+00 -4.9555e+00 +4.9940e+00
2447 +3.499080614e+00 +3.499080614e+00 +4.485908061e+01 +4.136000000e+01 +4.7330e+00 +4.0288e+00 -4.4289e+00 +5.3176e+00 +4.9155e+00 +4.8930e+00 -5.3761e+00 +5.8196e+00 -4.9555e+00 +4.9940e+00
2826 +2.442204662e+00 +2.442204662e+00 +4.380220466e+01 +4.136000000e+01 +4.7330e+00 +4.8471e+00 -4.4289e+00 +5.3176e+00 +4.9155e+00 +4.8930e+00 -5.3761e+00 +5.8196e+00 -4.9555e+00 +4.9940e+00
3010 +1.477953233e+00 +1.477953233e+00 +4.283795323e+01 +4.136000000e+01 +4.9074e+00 +4.8471e+00 -4.4289e+00 +5.4919e+00 +4.9155e+00 +5.1851e+00 -5.7353e+00 +5.8196e+00 -5.3210e+00 +5.1726e+00
3202 +6.996892350e-01 +6.996892350e-01 +4.205968924e+01 +4.136000000e+01 +4.7330e+00 +4.8471e+00 -5.5557e+00 +5.4919e+00 +4.9155e+00 +5.1851e+00 -5.7353e+00 +5.8196e+00 -5.3643e+00 +5.1726e+00
3393 +2.901759078e-01 +2.901759078e-01 +4.165017591e+01 +4.136000000e+01 +4.9074e+00 +4.8471e+00 -5.5557e+00 +5.3176e+00 +5.2044e+00 +5.3911e+00 -5.7353e+00 +5.8196e+00 -5.3210e+00 +5.1726e+00
3764 +9.263584589e-02 +9.263584589e-02 +4.145263585e+01 +4.136000000e+01 +4.9074e+00 +5.3959e+00 -5.0870e+00 +5.3176e+00 +5.0547e+00 +5.7457e+00 -5.3761e+00 +5.8196e+00 -5.3210e+00 +5.1726e+00
3946 +1.421085472e-14 +1.421085472e-14 +4.136000000e+01 +4.136000000e+01 +6.0462e+00 +5.5299e+00 -5.5557e+00 +5.3176e+00 +5.2044e+00 +5.1851e+00 -5.5975e+00 +5.4621e+00 -5.3643e+00 +5.1726e+00
% function evaluation | noise-free fitness - Fopt (2.583700000000e+02) | best noise-free fitness - Fopt | measured fitness | best measured fitness | x1 | x2...
1 +3.043924253e+02 +3.043924253e+02 +5.627624253e+02 +2.583700000e+02 +2.1963e+00 -1.9019e+00 -2.2691e-01 -3.2268e+00 +5.6498e-02 +1.7554e+00 -2.8227e+00 -4.4308e+00 -3.6556e+00 +4.0904e+00
391 +7.084938392e+01 +7.084938392e+01 +3.292193839e+02 +2.583700000e+02 -3.3970e+00 -1.2127e+00 -3.1480e+00 +3.5972e+00 -1.7456e+00 -4.0511e+00 -4.7383e+00 +3.1034e+00 +2.8983e+00 -4.5927e+00
590 +5.519788707e+01 +5.519788707e+01 +3.135678871e+02 +2.583700000e+02 -3.3970e+00 -1.2127e+00 -3.1480e+00 +3.5972e+00 -1.7456e+00 -4.0511e+00 -4.7383e+00 +3.1034e+00 +4.9197e+00 -4.5927e+00
788 +3.899731044e+01 +3.899731044e+01 +2.973673104e+02 +2.583700000e+02 -3.3970e+00 +4.0900e+00 +1.0482e+00 +3.4647e+00 +4.9139e+00 -4.4803e+00 -4.1759e+00 +2.9656e+00 +4.9197e+00 -4.5927e+00
985 +2.287672481e+01 +2.287672481e+01 +2.812467248e+02 +2.583700000e+02 -3.3970e+00 +2.4053e+00 -4.2398e+00 +4.0913e+00 +4.5168e+00 -4.0511e+00 -4.7383e+00 +4.3273e+00 +4.9197e+00 -4.5927e+00
1766 +1.259244851e+01 +1.259244851e+01 +2.709624485e+02 +2.583700000e+02 -3.3970e+00 +4.1026e+00 -4.2398e+00 +3.5731e+00 +4.8145e+00 -4.9231e+00 -4.9912e+00 +4.3273e+00 +4.9197e+00 -5.3320e+00
2358 +9.498295080e+00 +9.498295080e+00 +2.678682951e+02 +2.583700000e+02 -3.3970e+00 +4.2963e+00 -4.8518e+00 +3.5972e+00 +4.9139e+00 -5.0583e+00 -5.7125e+00 +4.5236e+00 +4.9197e+00 -5.3320e+00
2749 +4.183748311e+00 +4.183748311e+00 +2.625537483e+02 +2.583700000e+02 -3.1512e+00 +4.2963e+00 -4.8518e+00 +5.3934e+00 +4.8145e+00 -5.0583e+00 -4.9912e+00 +5.2967e+00 +4.9197e+00 -5.3320e+00
2940 +3.907106389e+00 +3.907106389e+00 +2.622771064e+02 +2.583700000e+02 -3.1512e+00 +4.2963e+00 -4.8518e+00 +5.3934e+00 +4.9139e+00 -5.0583e+00 -4.9912e+00 +5.2967e+00 +4.9197e+00 -5.3320e+00
3727 +2.472148665e+00 +2.472148665e+00 +2.608421487e+02 +2.583700000e+02 -3.9646e+00 +4.2963e+00 -4.8518e+00 +5.3934e+00 +4.9139e+00 -5.0583e+00 -4.9912e+00 +5.2967e+00 +5.6280e+00 -5.3320e+00
4112 +1.522268890e+00 +1.522268890e+00 +2.598922689e+02 +2.583700000e+02 -3.9646e+00 +5.1605e+00 -4.8518e+00 +5.3934e+00 +4.9139e+00 -5.0583e+00 -5.7125e+00 +5.2967e+00 +5.6280e+00 -5.3320e+00
4309 +8.496938468e-01 +8.496938468e-01 +2.592196938e+02 +2.583700000e+02 -4.6781e+00 +5.1605e+00 -4.8518e+00 +5.3934e+00 +4.9139e+00 -5.0583e+00 -4.9912e+00 +5.2967e+00 +6.2958e+00 -5.3320e+00
4507 +5.655048231e-01 +5.655048231e-01 +2.589355048e+02 +2.583700000e+02 -4.7022e+00 +5.1605e+00 -4.9832e+00 +5.3934e+00 +4.9139e+00 -5.0583e+00 -5.7125e+00 +5.2967e+00 +6.2958e+00 -5.3320e+00
4901 +3.258551620e-01 +3.258551620e-01 +2.586958552e+02 +2.583700000e+02 -4.7022e+00 +5.1605e+00 -4.9832e+00 +5.3934e+00 +6.5654e+00 -5.0583e+00 -6.3093e+00 +5.2967e+00 +6.2958e+00 -5.3320e+00
5298 +2.801845266e-02 +2.801845266e-02 +2.583980185e+02 +2.583700000e+02 -5.1430e+00 +5.1605e+00 -4.9832e+00 +5.3934e+00 +6.5654e+00 -5.0583e+00 -6.2736e+00 +5.1497e+00 +6.2958e+00 -5.3320e+00
5491 +0.000000000e+00 +0.000000000e+00 +2.583700000e+02 +2.583700000e+02 -5.1430e+00 +5.1605e+00 -5.4721e+00 +5.3934e+00 +6.5654e+00 -5.0583e+00 -6.3093e+00 +5.2967e+00 +7.3298e+00 -5.3320e+00
% function evaluation | noise-free fitness - Fopt (-7.520000000000e+00) | best noise-free fitness - Fopt | measured fitness | best measured fitness | x1 | x2...
1 +1.416381791e+02 +1.416381791e+02 +1.341181791e+02 -7.520000000e+00 -4.1400e-01 +9.8713e-01 +2.2349e+00 -3.8219e+00 +4.5162e+00 -3.7792e+00 -9.0197e-01 -2.6132e-01 +2.5062e+00 +4.5762e+00
390 +8.478959527e+01 +8.478959527e+01 +7.726959527e+01 -7.520000000e+00 -1.2263e-01 -3.7091e+00 +3.1248e+00 -1.4798e+00 +4.4154e+00 -3.8134e+00 +4.8599e+00 -2.8969e+00 -3.8962e-01 +4.7139e+00
570 +4.616717597e+01 +4.616717597e+01 +3.864717597e+01 -7.520000000e+00 +3.4594e+00 -3.5094e+00 +4.6121e+00 -3.6637e+00 +4.6670e+00 -2.7669e+00 +4.7779e+00 -2.8761e+00 -4.4496e+00 +4.6867e+00
939 +2.946764920e+01 +2.946764920e+01 +2.194764920e+01 -7.520000000e+00 +3.4594e+00 -3.5094e+00 +4.6121e+00 -3.6637e+00 +4.6324e+00 -4.9608e+00 +4.8599e+00 -4.2990e+00 -4.4496e+00 +4.6867e+00
1131 +2.396185456e+01 +2.396185456e+01 +1.644185456e+01 -7.520000000e+00 -7.1615e-01 +3.4219e+00 +4.6020e+00 -3.6637e+00 +4.8029e+00 -4.9608e+00 +4.8599e+00 -4.2990e+00 -4.4496e+00 +4.7139e+00
1501 +1.497656713e+01 +1.497656713e+01 +7.456567126e+00 -7.520000000e+00 +4.4648e+00 +3.4219e+00 +4.6121e+00 -3.6637e+00 +4.6324e+00 -4.9608e+00 +4.8599e+00 -4.2990e+00 -5.0533e+00 +4.7139e+00
1863 +9.992558189e+00 +9.992558189e+00 +2.472558189e+00 -7.520000000e+00 +4.4648e+00 +3.4219e+00 +4.8025e+00 -3.6637e+00 +4.6670e+00 -4.9608e+00 +4.8599e+00 -4.5841e+00 -5.1344e+00 +5.2645e+00
2226 +6.167394570e+00 +6.167394570e+00 -1.352605430e+00 -7.520000000e+00 +4.4648e+00 +4.5277e+00 +4.8025e+00 -3.6637e+00 +4.6324e+00 -4.9608e+00 +4.8599e+00 -5.3259e+00 -5.1344e+00 +5.2645e+00
2600 +3.238810553e+00 +3.238810553e+00 -4.281189447e+00 -7.520000000e+00 +4.4648e+00 +4.5277e+00 +4.8025e+00 -4.2919e+00 +5.9770e+00 -4.9608e+00 +4.9790e+00 -5.4650e+00 -5.1344e+00 +5.2645e+00
2965 +2.093563710e+00 +2.093563710e+00 -5.426436290e+00 -7.520000000e+00 +5.1638e+00 +5.2284e+00 +4.8025e+00 -4.2919e+00 +5.9770e+00 -4.9608e+00 +4.9790e+00 -5.4650e+00 -5.1344e+00 +5.2645e+00
3143 +1.163176585e+00 +1.163176585e+00 -6.356823415e+00 -7.520000000e+00 +4.4648e+00 +5.2284e+00 +4.8025e+00 -4.9721e+00 +5.9770e+00 -4.9608e+00 +4.9790e+00 -5.3259e+00 -5.1344e+00 +5.2645e+00
3325 +6.279857510e-01 +6.279857510e-01 -6.892014249e+00 -7.520000000e+00 +5.1638e+00 +5.2284e+00 +4.8025e+00 -4.9721e+00 +5.9770e+00 -4.9608e+00 +4.9790e+00 -5.4650e+00 -5.1344e+00 +5.2645e+00
3707 +2.384474449e-01 +2.384474449e-01 -7.281552555e+00 -7.520000000e+00 +5.1638e+00 +5.1826e+00 +5.7988e+00 -5.3546e+00 +5.9770e+00 -4.9608e+00 +4.9790e+00 -5.4650e+00 -5.1344e+00 +5.2645e+00
3887 +9.770325430e-02 +9.770325430e-02 -7.422296746e+00 -7.520000000e+00 +5.1638e+00 +5.1826e+00 +5.7988e+00 -5.3546e+00 +5.9770e+00 -5.0802e+00 +4.9790e+00 -5.4984e+00 -5.1344e+00 +5.2645e+00
4063 -1.065814104e-14 -1.065814104e-14 -7.520000000e+00 -7.520000000e+00 +5.1638e+00 +5.3539e+00 +5.7289e+00 -5.4418e+00 +5.9770e+00 -5.0802e+00 +5.1481e+00 -5.5136e+00 -5.5772e+00 +5.2645e+00
% function evaluation | noise-free fitness - Fopt (2.477800000000e+02) | best noise-free fitness - Fopt | measured fitness | best measured fitness | x1 | x2...
1 +2.640469891e+02 +2.640469891e+02 +5.118269891e+02 +2.477800000e+02 -1.1735e-01 +3.9152e+00 +2.6662e+00 +2.6546e+00 -2.6817e+00 -4.9863e+00 -3.8752e+00 +1.7682e+00 +2.8390e-01 +2.2358e+00
388 +6.423387904e+01 +6.423387904e+01 +3.120138790e+02 +2.477800000e+02 +1.3014e+00 -2.7236e+00 +1.6903e+00 -1.7150e-01 -4.3747e-01 +4.6955e+00 +4.7961e+00 -4.7071e+00 -4.1638e+00 -4.0933e+00
572 +3.502145256e+01 +3.502145256e+01 +2.828014526e+02 +2.477800000e+02 -1.3460e+00 -1.8970e+00 +3.7535e+00 -3.5055e+00 -2.6453e+00 +4.8954e+00 +4.7961e+00 -4.7071e+00 -4.0477e+00 -4.9843e+00
1138 +2.079600480e+01 +2.079600480e+01 +2.685760048e+02 +2.477800000e+02 -1.3460e+00 +4.7544e+00 +3.7535e+00 -3.5055e+00 -4.6704e+00 +4.8954e+00 +4.7961e+00 -4.7071e+00 -4.0477e+00 -4.9843e+00
1689 +1.444755230e+01 +1.444755230e+01 +2.622275523e+02 +2.477800000e+02 -4.3124e+00 +4.7544e+00 +3.7535e+00 -3.5055e+00 -4.6704e+00 +4.8954e+00 +4.7961e+00 -4.7071e+00 -4.4845e+00 -4.9843e+00
2635 +8.991231034e+00 +8.991231034e+00 +2.567712310e+02 +2.477800000e+02 -4.4146e+00 +4.7544e+00 +3.7535e+00 -4.0953e+00 -4.6704e+00 +4.8954e+00 +4.7961e+00 -5.1233e+00 -4.7852e+00 -4.9843e+00
3182 +5.379703487e+00 +5.379703487e+00 +2.531597035e+02 +2.477800000e+02 -5.1247e+00 +4.7544e+00 +3.7535e+00 -4.3020e+00 -5.2335e+00 +4.8954e+00 +4.7961e+00 -5.1233e+00 -5.4168e+00 -4.9843e+00
3566 +3.041079933e+00 +3.041079933e+00 +2.508210799e+02 +2.477800000e+02 -5.1247e+00 +4.7544e+00 +4.2539e+00 -5.2261e+00 -5.1524e+00 +4.8954e+00 +4.7961e+00 -5.1233e+00 -5.4168e+00 -4.9843e+00
3759 +1.498854297e+00 +1.498854297e+00 +2.492788543e+02 +2.477800000e+02 -5.1247e+00 +4.7544e+00 +4.6110e+00 -5.2261e+00 -5.2335e+00 +4.8954e+00 +5.2791e+00 -5.1233e+00 -5.4168e+00 -4.9843e+00
3955 +8.508899584e-01 +8.508899584e-01 +2.486308900e+02 +2.477800000e+02 -5.1247e+00 +4.7544e+00 +4.9994e+00 -5.2665e+00 -5.1524e+00 +4.8954e+00 +5.2791e+00 -5.1233e+00 -5.4168e+00 -4.9843e+00
4339 +4.748667688e-01 +4.748667688e-01 +2.482548668e+02 +2.477800000e+02 -5.1247e+00 +4.7544e+00 +4.9994e+00 -5.1248e+00 -5.2335e+00 +5.0523e+00 +5.2791e+00 -5.1233e+00 -5.4168e+00 -4.9843e+00
4715 +3.172116055e-01 +3.172116055e-01 +2.480972116e+02 +2.477800000e+02 -5.1247e+00 +4.7544e+00 +5.9213e+00 -5.2665e+00 -5.2335e+00 +5.7184e+00 +5.2791e+00 -5.1233e+00 -5.4168e+00 -5.1445e+00
5100 +2.230132397e-01 +2.230132397e-01 +2.480030132e+02 +2.477800000e+02 -4.7770e+00 +5.6990e+00 +5.6464e+00 -5.1248e+00 -5.2335e+00 +5.7184e+00 +5.2791e+00 -5.1233e+00 -5.4168e+00 -5.1445e+00
5292 -2.842170943e-14 -2.842170943e-14 +2.477800000e+02 +2.477800000e+02 -5.1247e+00 +5.6990e+00 +5.6464e+00 -5.1248e+00 -5.2335e+00 +5.7184e+00 +5.2791e+00 -5.1233e+00 -5.4168e+00 -5.1139e+00
% function evaluation | noise-free fitness - Fopt (-1.722000000000e+01) | best noise-free fitness - Fopt | measured fitness | best measured fitness | x1 | x2...
1 +2.453851757e+02 +2.453851757e+02 +2.281651757e+02 -1.722000000e+01 -9.5778e-01 -3.7543e-02 +1.1220e+00 +2.7369e+00 -8.1599e-01 -2.1484e+00 +6.1861e-02 +1.4647e+00 -5.3799e-01 -4.7700e+00
392 +5.156370932e+01 +5.156370932e+01 +3.434370932e+01 -1.722000000e+01 -1.0763e-01 +1.2683e+00 +2.7199e+00 +4.7500e-01 +4.9704e+00 -3.4375e+00 -2.7183e+00 +4.0570e+00 +4.7717e+00 +4.7457e+00
791 +3.630640486e+01 +3.630640486e+01 +1.908640486e+01 -1.722000000e+01 -1.0763e-01 +1.2683e+00 +2.9748e+00 -2.6734e+00 +4.9704e+00 -4.5073e+00 -2.9695e+00 +4.5638e+00 +4.7717e+00 +4.7457e+00
1189 +2.426242228e+01 +2.426242228e+01 +7.042422283e+00 -1.722000000e+01 -4.3304e+00 +3.9760e+00 +3.2198e+00 -3.6661e+00 +4.9704e+00 -4.7931e+00 -3.1310e+00 +4.5638e+00 +4.7717e+00 +4.7457e+00
1784 +1.352458214e+01 +1.352458214e+01 -3.695417863e+00 -1.722000000e+01 -4.5625e+00 +3.9760e+00 +4.5197e+00 -2.6734e+00 +4.9704e+00 -4.8952e+00 -3.9826e+00 +5.3833e+00 +4.9006e+00 +5.2602e+00
1984 +9.130598898e+00 +9.130598898e+00 -8.089401102e+00 -1.722000000e+01 -4.5625e+00 +3.9760e+00 +4.5197e+00 -4.2358e+00 +4.9704e+00 -5.2586e+00 -4.1229e+00 +5.3833e+00 +4.9006e+00 +5.2602e+00
2182 +6.255880294e+00 +6.255880294e+00 -1.096411971e+01 -1.722000000e+01 -4.5625e+00 +3.9760e+00 +4.5197e+00 -4.2358e+00 +4.9704e+00 -4.8952e+00 -4.8234e+00 +5.3833e+00 +4.9006e+00 +5.2602e+00
2775 +3.171452351e+00 +3.171452351e+00 -1.404854765e+01 -1.722000000e+01 -5.3113e+00 +4.8240e+00 +4.5197e+00 -4.5987e+00 +4.9704e+00 -4.8952e+00 -4.8234e+00 +5.3833e+00 +5.0960e+00 +5.2602e+00
2975 +1.847688389e+00 +1.847688389e+00 -1.537231161e+01 -1.722000000e+01 -4.6742e+00 +4.8240e+00 +4.9639e+00 -4.9974e+00 +4.9704e+00 -4.8952e+00 -5.1090e+00 +5.2887e+00 +4.9006e+00 +5.2602e+00
3173 +7.521082145e-01 +7.521082145e-01 -1.646789179e+01 -1.722000000e+01 -5.3113e+00 +4.8240e+00 +4.9639e+00 -4.9974e+00 +4.9704e+00 -4.8952e+00 -5.1090e+00 +5.2887e+00 +5.0309e+00 +5.2602e+00
3372 +3.755754573e-01 +3.755754573e-01 -1.684442454e+01 -1.722000000e+01 -5.3113e+00 +4.8240e+00 +4.9639e+00 -4.9974e+00 +4.9704e+00 -5.2586e+00 -5.1090e+00 +5.2887e+00 +5.0435e+00 +5.2602e+00
3569 +1.424977400e-01 +1.424977400e-01 -1.707750226e+01 -1.722000000e+01 -5.3113e+00 +5.3015e+00 +4.9639e+00 -5.4116e+00 +4.9704e+00 -5.2586e+00 -5.1090e+00 +5.2887e+00 +5.0435e+00 +5.2602e+00
3966 +6.024170127e-02 +6.024170127e-02 -1.715975830e+01 -1.722000000e+01 -5.3113e+00 +5.3015e+00 +4.9639e+00 -5.4116e+00 +5.1780e+00 -5.2586e+00 -5.2780e+00 +5.2887e+00 +5.0435e+00 +5.2602e+00
4165 +0.000000000e+00 +0.000000000e+00 -1.722000000e+01 -1.722000000e+01 -5.3113e+00 +5.3015e+00 +5.5938e+00 -5.6846e+00 +5.5217e+00 -5.2586e+00 -5.1090e+00 +5.3451e+00 +5.0435e+00 +5.6815e+00
% function evaluation | noise-free fitness - Fopt (-6.010200000000e+02) | best noise-free fitness - Fopt | measured fitness | best measured fitness | x1 | x2...
1 +1.848188049e+02 +1.848188049e+02 -4.162011951e+02 -6.010200000e+02 -1.6504e-01 -4.1509e+00 -1.6169e+00 -4.5365e+00 +4.8874e+00 +4.8002e+00 -2.8858e+00 -3.7654e+00 +3.2902e+00 -1.8418e+00
351 +7.081190444e+01 +7.081190444e+01 -5.302080956e+02 -6.010200000e+02 -2.2000e+00 +1.3337e+00 +3.9418e+00 -4.4743e+00 +2.8542e+00 -2.0541e+00 +4.0039e+00 -1.8250e+00 +4.9238e+00 +4.7977e+00
523 +4.976766150e+01 +4.976766150e+01 -5.512523385e+02 -6.010200000e+02 +3.5933e+00 +4.9867e+00 -4.8144e+00 -4.4743e+00 +2.8542e+00 -2.0541e+00 +4.0039e+00 -4.5725e+00 +2.6985e+00 +4.4662e+00
699 +2.967432670e+01 +2.967432670e+01 -5.713456733e+02 -6.010200000e+02 +3.5933e+00 +4.9867e+00 -4.8144e+00 -4.4743e+00 +2.8542e+00 -2.0541e+00 +4.9061e+00 -4.5725e+00 +4.7528e+00 +4.4662e+00
878 +2.488190585e+01 +2.488190585e+01 -5.761380941e+02 -6.010200000e+02 +3.5933e+00 +4.9867e+00 -4.8144e+00 -4.4743e+00 +2.8542e+00 -3.3876e+00 +4.9061e+00 -4.5725e+00 +4.7528e+00 +4.4662e+00
1225 +1.145939821e+01 +1.145939821e+01 -5.895606018e+02 -6.010200000e+02 +3.5933e+00 +4.9867e+00 -4.8144e+00 -4.4743e+00 +4.6837e+00 -4.4153e+00 +4.9061e+00 -4.5725e+00 +4.9238e+00 +4.7977e+00
1564 +9.436189813e+00 +9.436189813e+00 -5.915838102e+02 -6.010200000e+02 +3.5933e+00 +4.9867e+00 -4.8144e+00 -4.4743e+00 +4.6837e+00 -4.4153e+00 +4.9061e+00 -4.5725e+00 +4.9238e+00 +5.0718e+00
1900 +5.993260094e+00 +5.993260094e+00 -5.950267399e+02 -6.010200000e+02 +3.5933e+00 +4.9867e+00 -4.8144e+00 -4.4743e+00 +5.3190e+00 -4.4153e+00 +4.9061e+00 -5.5239e+00 +4.9238e+00 +5.0718e+00
2072 +3.582445332e+00 +3.582445332e+00 -5.974375547e+02 -6.010200000e+02 +3.5933e+00 +4.9867e+00 -5.2358e+00 -4.4743e+00 +5.3190e+00 -5.4834e+00 +4.9061e+00 -5.5239e+00 +4.9238e+00 +5.0718e+00
2416 +2.441610212e+00 +2.441610212e+00 -5.985783898e+02 -6.010200000e+02 +3.5933e+00 +4.9867e+00 -5.2358e+00 -4.8520e+00 +4.9055e+00 -5.4834e+00 +4.9061e+00 -5.5239e+00 +5.1967e+00 +5.0718e+00
2930 +1.230497124e+00 +1.230497124e+00 -5.997895029e+02 -6.010200000e+02 +4.2365e+00 +4.9867e+00 -5.0473e+00 -4.9935e+00 +5.3190e+00 -5.4834e+00 +4.9061e+00 -5.5239e+00 +5.1967e+00 +5.0718e+00
3270 +7.806896450e-01 +7.806896450e-01 -6.002393104e+02 -6.010200000e+02 +4.2365e+00 +4.9867e+00 -5.0473e+00 -5.0705e+00 +5.3190e+00 -5.4834e+00 +6.1567e+00 -5.5239e+00 +5.1967e+00 +5.0718e+00
3613 +2.225329462e-01 +2.225329462e-01 -6.007974671e+02 -6.010200000e+02 +4.7946e+00 +4.9867e+00 -5.2358e+00 -5.0705e+00 +5.3190e+00 -5.4834e+00 +6.1567e+00 -5.5239e+00 +5.1967e+00 +5.0718e+00
3958 +3.032093739e-02 +3.032093739e-02 -6.009896791e+02 -6.010200000e+02 +4.9868e+00 +4.9867e+00 -5.2358e+00 -5.0705e+00 +5.4928e+00 -5.4834e+00 +6.1567e+00 -5.2226e+00 +5.1967e+00 +5.0718e+00
4116 +1.777709518e-02 +1.777709518e-02 -6.010022229e+02 -6.010200000e+02 +4.9994e+00 +4.9867e+00 -5.2358e+00 -5.0705e+00 +5.3190e+00 -5.7141e+00 +6.1567e+00 -5.2226e+00 +5.1967e+00 +5.0718e+00
4278 +6.084519445e-04 +6.084519445e-04 -6.010193915e+02 -6.010200000e+02 +4.9994e+00 +5.2593e+00 -5.2358e+00 -5.0705e+00 +5.3190e+00 -5.4834e+00 +6.1567e+00 -5.2226e+00 +5.1967e+00 +5.0718e+00
4449 +0.000000000e+00 +0.000000000e+00 -6.010200000e+02 -6.010200000e+02 +5.7373e+00 +5.2593e+00 -5.4292e+00 -5.0705e+00 +5.3190e+00 -5.4834e+00 +6.1567e+00 -5.2226e+00 +5.1967e+00 +5.0718e+00
% function evaluation | noise-free fitness - Fopt (-1.000000000000e+03) | best noise-free fitness - Fopt | measured fitness | best measured fitness | x1 | x2...
1 +2.310680229e+02 +2.310680229e+02 -7.689319771e+02 -1.000000000e+03 +1.0897e+00 +9.2680e-01 -1.5692e-01 -4.6578e+00 -3.0515e+00 -2.9711e+00 -4.9098e+00 -2.4836e+00 -1.5528e+00 +3.7665e+00
379 +5.288074006e+01 +5.288074006e+01 -9.471192599e+02 -1.000000000e+03 +3.1844e+00 -1.1942e+00 +3.1754e-01 -2.6496e-01 +3.8192e+00 +4.1841e+00 -4.6844e+00 +4.8750e+00 -4.6794e+00 -3.3836e+00
564 +3.734763195e+01 +3.734763195e+01 -9.626523680e+02 -1.000000000e+03 -1.0864e+00 -4.7117e+00 -5.8985e-01 -3.9594e+00 +3.8192e+00 +4.1841e+00 -3.8536e+00 +4.8750e+00 -4.6794e+00 -4.3480e+00
906 +2.434052311e+01 +2.434052311e+01 -9.756594769e+02 -1.000000000e+03 +4.4254e+00 +1.0837e+00 -4.0891e+00 -4.8895e+00 +4.8034e+00 +4.1841e+00 -4.9316e+00 +4.8750e+00 -4.6794e+00 -4.2877e+00
1444 +1.266427314e+01 +1.266427314e+01 -9.873357269e+02 -1.000000000e+03 +4.4254e+00 -4.7117e+00 -4.0891e+00 -4.8895e+00 +4.8034e+00 +4.1841e+00 -4.6844e+00 +4.8750e+00 -4.6794e+00 -4.8216e+00
1785 +6.082646067e+00 +6.082646067e+00 -9.939173539e+02 -1.000000000e+03 +4.4254e+00 -4.2342e+00 -4.0891e+00 -4.8895e+00 +4.8034e+00 +5.0422e+00 -4.6844e+00 +4.8750e+00 -5.0216e+00 -5.0521e+00
2326 +3.569233779e+00 +3.569233779e+00 -9.964307662e+02 -1.000000000e+03 +4.4254e+00 -4.7117e+00 -4.0891e+00 -4.8895e+00 +4.8034e+00 +5.0422e+00 -4.9316e+00 +5.3553e+00 -5.0776e+00 -5.2831e+00
2494 +2.367554267e+00 +2.367554267e+00 -9.976324457e+02 -1.000000000e+03 +4.1075e+00 -4.7117e+00 -5.4703e+00 -4.8895e+00 +4.8034e+00 +5.0422e+00 -4.9316e+00 +5.3553e+00 -5.3695e+00 -5.0521e+00
2835 +1.185012945e+00 +1.185012945e+00 -9.988149871e+02 -1.000000000e+03 +4.4254e+00 -4.7117e+00 -5.4703e+00 -4.8895e+00 +5.4169e+00 +5.0422e+00 -5.2722e+00 +5.3553e+00 -5.0776e+00 -5.2831e+00
3010 +7.393726697e-01 +7.393726697e-01 -9.992606273e+02 -1.000000000e+03 +5.1025e+00 -4.8578e+00 -5.4703e+00 -4.8895e+00 +5.0866e+00 +5.0422e+00 -4.9316e+00 +5.3553e+00 -5.0776e+00 -5.2831e+00
3193 +1.835953267e-01 +1.835953267e-01 -9.998164047e+02 -1.000000000e+03 +5.1025e+00 -4.8578e+00 -5.4703e+00 -5.8548e+00 +5.4169e+00 +5.0422e+00 -5.2722e+00 +5.3553e+00 -5.0776e+00 -5.2831e+00
3546 +0.000000000e+00 +0.000000000e+00 -1.000000000e+03 -1.000000000e+03 +5.1025e+00 -5.8090e+00 -5.4703e+00 -5.7797e+00 +5.4169e+00 +5.0422e+00 -5.2722e+00 +5.3553e+00 -5.8540e+00 -6.1003e+00
