% function evaluation | noise-free fitness - Fopt (-9.210000000000e+00) | best noise-free fitness - Fopt | measured fitness | best measured fitness | x1 | x2...
1 +3.789794512e+02 +3.789794512e+02 +3.697694512e+02 -9.210000000e+00 +1.8226e+00 -2.1118e+00 +3.7801e+00 -8.6381e-01 +2.1164e+00 +1.1737e+00 -4.7122e+00 +4.6748e+00 -2.4637e+00 +4.6849e+00 -4.0452e+00 -7.7941e-01 -2.0147e+00 +1.7030e+00 +4.8042e-01 +2.3361e+00 -8.6429e-01 +4.9658e+00 +2.2691e+00 +2.5835e+00
379 +1.745044604e+02 +1.745044604e+02 +1.652944604e+02 -9.210000000e+00 +1.0937e+00 -1.3586e+00 +6.0492e-01 +1.2815e+00 -1.4612e+00 +1.8373e-01 +4.9743e+00 +3.4624e+00 +4.7363e+00 +2.1870e+00 -3.8156e+00 -4.8900e+00 +3.2724e+00 +4.7219e+00 -4.3879e+00 -7.8986e-01 +4.5622e+00 +4.8109e+00 -1.8529e+00 +1.2645e+00
556 +1.293958731e+02 +1.293958731e+02 +1.201858731e+02 -9.210000000e+00 +4.2966e+00 -2.0194e+00 +6.0492e-01 +1.2815e+00 -1.4612e+00 +9.8813e-02 +8.3978e-01 +3.4624e+00 +4.7363e+00 +1.9504e+00 -3.8156e+00 -4.8900e+00 +3.2724e+00 +4.7219e+00 -4.3879e+00 -9.3568e-01 +4.5622e+00 +4.8109e+00 -4.9753e+00 +3.4745e+00
1105 +8.654655998e+01 +8.654655998e+01 +7.733655998e+01 -9.210000000e+00 +4.2966e+00 -2.0194e+00 +6.0492e-01 +4.0239e+00 -3.4867e+00 +4.5892e+00 +4.9743e+00 +3.4624e+00 +4.7363e+00 -4.2359e+00 -3.8156e+00 -5.2524e+00 +3.2724e+00 +4.7219e+00 -4.3879e+00 -9.3568e-01 +4.5622e+00 +4.8109e+00 -4.9753e+00 +3.4745e+00
2215 +6.041151781e+01 +6.041151781e+01 +5.120151781e+01 -9.210000000e+00 +4.2966e+00 -1.2067e+00 +6.0492e-01 +4.4141e+00 -3.4867e+00 +4.5892e+00 +4.9743e+00 +3.4624e+00 +4.7363e+00 -4.2743e+00 -3.8156e+00 -5.1794e+00 +3.6459e+00 +4.9786e+00 -4.3879e+00 -1.9826e+00 +4.5622e+00 +4.8109e+00 -4.9753e+00 +5.3113e+00
3310 +3.870616633e+01 +3.870616633e+01 +2.949616633e+01 -9.210000000e+00 +4.2966e+00 -1.2067e+00 +1.3816e+00 +4.9751e+00 -3.4867e+00 +5.0153e+00 +4.9743e+00 +3.4624e+00 +4.7363e+00 -4.3465e+00 -4.4638e+00 -5.7532e+00 +4.3430e+00 +4.9786e+00 -5.2090e+00 -2.9425e+00 +5.0393e+00 +5.2075e+00 -4.9753e+00 +5.3113e+00
4580 +2.002356116e+01 +2.002356116e+01 +1.081356116e+01 -9.210000000e+00 +5.2214e+00 -1.2067e+00 +1.3816e+00 +4.8808e+00 -3.9910e+00 +4.8816e+00 +4.9743e+00 +4.2240e+00 +5.2710e+00 -4.2743e+00 -5.1127e+00 -5.7532e+00 +5.0174e+00 +4.9786e+00 -5.2090e+00 -4.7146e+00 +4.9291e+00 +5.2075e+00 -5.7027e+00 +5.3113e+00
5133 +1.454757484e+01 +1.454757484e+01 +5.337574840e+00 -9.210000000e+00 +5.2214e+00 -1.2067e+00 +2.2843e+00 +4.8808e+00 -5.0013e+00 +5.0153e+00 +4.9743e+00 +4.3568e+00 +5.2710e+00 -5.3500e+00 -5.1127e+00 -5.7532e+00 +5.0174e+00 +4.9786e+00 -5.2090e+00 -4.7146e+00 +4.9291e+00 +5.2075e+00 -5.7027e+00 +5.3113e+00
6063 +9.899888880e+00 +9.899888880e+00 +6.898888798e-01 -9.210000000e+00 +5.2214e+00 -5.0253e-01 +2.4507e+00 +4.8808e+00 -5.2590e+00 +6.3628e+00 +4.9743e+00 +5.3666e+00 +5.2710e+00 -5.3500e+00 -5.1127e+00 -6.0623e+00 +5.0174e+00 +4.9786e+00 -4.9795e+00 -5.0399e+00 +5.0976e+00 +5.2075e+00 -5.7027e+00 +5.3113e+00
7556 +5.794643445e+00 +5.794643445e+00 -3.415356555e+00 -9.210000000e+00 +5.2214e+00 +1.8652e-02 +5.2055e+00 +4.8808e+00 -5.0013e+00 +5.4218e+00 +5.1920e+00 +5.3666e+00 +5.2710e+00 -5.3500e+00 -5.1127e+00 -5.7062e+00 +5.0174e+00 +5.8295e+00 -5.2090e+00 -5.0399e+00 +5.4195e+00 +5.7027e+00 -5.7027e+00 +5.3113e+00
8850 +3.816174483e+00 +3.816174483e+00 -5.393825517e+00 -9.210000000e+00 +5.2214e+00 +1.6194e+00 +5.6785e+00 +5.4666e+00 -5.0013e+00 +5.4218e+00 +5.1920e+00 +5.3666e+00 +5.2710e+00 -5.3500e+00 -5.4073e+00 -5.7062e+00 +5.0174e+00 +5.8295e+00 -5.2090e+00 -5.0399e+00 +5.4195e+00 +5.2075e+00 -5.1185e+00 +5.3113e+00
16101 +1.575911686e+00 +1.575911686e+00 -7.634088314e+00 -9.210000000e+00 +5.1270e+00 +4.3823e+00 +4.4266e+00 +5.1330e+00 -5.0558e+00 +5.5862e+00 +4.9779e+00 +4.9655e+00 +5.1572e+00 -5.2109e+00 -5.1164e+00 -5.1247e+00 +5.0848e+00 +5.1152e+00 -5.6607e+00 -5.3893e+00 +4.9969e+00 +5.0004e+00 -5.2681e+00 +5.6010e+00
16687 +9.377435529e-01 +9.377435529e-01 -8.272256447e+00 -9.210000000e+00 +5.1270e+00 +4.3823e+00 +4.8642e+00 +5.1330e+00 -5.0558e+00 +5.5862e+00 +4.9779e+00 +5.4616e+00 +5.1572e+00 -5.2109e+00 -5.1164e+00 -5.1247e+00 +5.0848e+00 +5.1152e+00 -5.6607e+00 -5.3893e+00 +4.9969e+00 +5.0004e+00 -5.2652e+00 +5.6010e+00
16885 +5.870193310e-01 +5.870193310e-01 -8.622980669e+00 -9.210000000e+00 +5.1270e+00 +4.6110e+00 +5.4658e+00 +5.1330e+00 -5.0558e+00 +5.5862e+00 +4.9779e+00 +4.9655e+00 +5.8287e+00 -5.2109e+00 -5.1164e+00 -5.1247e+00 +5.6970e+00 +5.1152e+00 -5.6607e+00 -5.3893e+00 +4.9969e+00 +5.0004e+00 -5.2681e+00 +5.6010e+00
17278 +4.573341995e-02 +4.573341995e-02 -9.164266580e+00 -9.210000000e+00 +5.1270e+00 +5.0304e+00 +5.7722e+00 +5.9892e+00 -5.0558e+00 +5.5862e+00 +4.9779e+00 +5.4616e+00 +5.1572e+00 -6.0989e+00 -5.1164e+00 -5.1247e+00 +6.2410e+00 +5.1152e+00 -5.6607e+00 -5.4856e+00 +5.4072e+00 +5.0004e+00 -5.2681e+00 +5.6010e+00
17473 +2.161657862e-02 +2.161657862e-02 -9.188383421e+00 -9.210000000e+00 +5.1270e+00 +5.6575e+00 +5.4658e+00 +5.1330e+00 -5.0558e+00 +5.5862e+00 +5.9975e+00 +5.2040e+00 +5.1572e+00 -5.2109e+00 -5.1164e+00 -5.1247e+00 +5.3972e+00 +5.1152e+00 -5.6607e+00 -6.0750e+00 +4.9969e+00 +5.0004e+00 -5.8783e+00 +5.6010e+00
17673 +7.815970093e-14 +7.815970093e-14 -9.210000000e+00 -9.210000000e+00 +5.1270e+00 +5.0304e+00 +5.7722e+00 +5.1330e+00 -5.0558e+00 +5.5862e+00 +5.9975e+00 +5.2040e+00 +5.1572e+00 -5.2109e+00 -5.1164e+00 -5.1247e+00 +6.2410e+00 +5.1152e+00 -5.6607e+00 -5.4856e+00 +5.4072e+00 +5.0004e+00 -5.2681e+00 +5.6010e+00
% function evaluation | noise-free fitness - Fopt (6.559900000000e+02) | best noise-free fitness - Fopt | measured fitness | best measured fitness | x1 | x2...
1 +3.965103707e+02 +3.965103707e+02 +1.052500371e+03 +6.559900000e+02 -3.5628e+00 -1.7618e+00 +4.6995e+00 +2.9242e+00 +2.9077e-01 -1.5683e+00 -5.0598e-01 +4.3179e+00 +1.8005e+00 -1.9163e+00 +3.6447e+00 +1.2307e+00 +3.9840e+00 +1.8301e+00 +4.2757e+00 -1.4821e+00 -2.6755e+00 +1.5652e-01 -3.6941e+00 -3.2341e+00
383 +1.531524382e+02 +1.531524382e+02 +8.091424382e+02 +6.559900000e+02 -2.3446e+00 +3.5438e+00 -2.2891e+00 -1.5734e+00 +2.9007e-01 -5.2108e+00 -3.5232e+00 +2.2710e+00 -2.6598e-01 -4.8649e+00 +3.1977e+00 +4.6480e+00 +2.0069e+00 -3.9347e+00 +3.4772e+00 +4.2076e+00 -3.8577e+00 -1.1974e+00 +3.5701e+00 +4.6641e+00
1139 +9.742557221e+01 +9.742557221e+01 +7.534155722e+02 +6.559900000e+02 -2.3446e+00 +3.5225e+00 -2.2891e+00 +3.2478e+00 -2.0757e+00 -5.2108e+00 -3.5232e+00 +2.2710e+00 -2.6598e-01 -4.8649e+00 +3.1977e+00 +4.6480e+00 +2.0069e+00 -3.9347e+00 +3.9540e+00 +3.6646e+00 -3.8577e+00 -4.9748e+00 +5.0167e+00 +5.5664e+00
1900 +6.124477699e+01 +6.124477699e+01 +7.172347770e+02 +6.559900000e+02 +4.3488e+00 +3.6460e+00 -2.2891e+00 +3.3212e+00 -2.0757e+00 -5.2108e+00 -3.5232e+00 +3.0135e+00 -1.2792e+00 -4.7623e+00 +4.9573e+00 +4.6480e+00 +4.2909e+00 -3.9347e+00 +3.9540e+00 +4.2076e+00 -4.8661e+00 -4.9748e+00 +5.0167e+00 +4.9376e+00
3208 +3.922490211e+01 +3.922490211e+01 +6.952149021e+02 +6.559900000e+02 +4.3488e+00 +3.5225e+00 -2.2891e+00 +3.2478e+00 -4.8580e+00 -5.2108e+00 -3.5232e+00 +3.0135e+00 -1.2792e+00 -4.7760e+00 +5.4030e+00 +4.6480e+00 +5.0590e+00 -4.9155e+00 +4.9307e+00 +4.8861e+00 -4.8661e+00 -4.9748e+00 +5.0167e+00 +4.9376e+00
4705 +2.416600819e+01 +2.416600819e+01 +6.801560082e+02 +6.559900000e+02 +5.0732e+00 +2.6869e+00 -3.0478e+00 +4.5348e+00 -4.8580e+00 -5.2108e+00 -3.8893e+00 +3.0135e+00 -4.1140e+00 -4.7760e+00 +5.4030e+00 +5.6379e+00 +5.0590e+00 -4.9155e+00 +5.1084e+00 +5.0287e+00 -4.8661e+00 -4.9748e+00 +5.2475e+00 +4.9376e+00
5832 +1.454313542e+01 +1.454313542e+01 +6.705331354e+02 +6.559900000e+02 +5.0732e+00 +2.6869e+00 -2.9098e+00 +5.1526e+00 -4.8580e+00 -6.5356e+00 -4.8462e+00 +4.0272e+00 -5.2135e+00 -4.9864e+00 +4.9573e+00 +5.6177e+00 +5.0590e+00 -5.3726e+00 +5.1084e+00 +5.0287e+00 -5.5585e+00 -4.9748e+00 +5.2475e+00 +5.2180e+00
6778 +9.853363628e+00 +9.853363628e+00 +6.658433636e+02 +6.559900000e+02 +5.0732e+00 +2.1017e+00 -4.8138e+00 +4.5348e+00 -4.8580e+00 -6.5356e+00 -4.8462e+00 +5.2215e+00 -5.1334e+00 -4.9864e+00 +4.9573e+00 +5.6950e+00 +5.0590e+00 -5.0314e+00 +5.1084e+00 +5.0287e+00 -5.5585e+00 -4.9748e+00 +5.2475e+00 +5.2180e+00
9014 +6.094750888e+00 +6.094750888e+00 +6.620847509e+02 +6.559900000e+02 +5.0732e+00 +3.6324e-01 -5.0984e+00 +5.8198e+00 -5.2130e+00 -6.5356e+00 -5.4532e+00 +5.2215e+00 -5.1334e+00 -4.9864e+00 +5.6878e+00 +5.6950e+00 +5.9736e+00 -5.2352e+00 +5.1084e+00 +5.0287e+00 -5.5585e+00 -5.0978e+00 +5.7507e+00 +5.5808e+00
17671 +3.746195550e+00 +3.746195550e+00 +6.597361955e+02 +6.559900000e+02 +4.7592e+00 -4.8815e+00 -3.1426e+00 +4.8275e+00 -5.0357e+00 -4.6816e+00 -5.1428e+00 +4.9260e+00 -5.3836e+00 -5.3897e+00 +5.0643e+00 +5.0488e+00 +5.7415e+00 -5.2732e+00 +5.6637e+00 +5.1151e+00 -5.0816e+00 -5.0705e+00 +5.0590e+00 +5.1415e+00
18215 +2.254975196e+00 +2.254975196e+00 +6.582449752e+02 +6.559900000e+02 +5.1020e+00 -4.8815e+00 -4.1238e+00 +4.8275e+00 -5.2218e+00 -4.6816e+00 -5.1428e+00 +4.9260e+00 -5.3836e+00 -5.3897e+00 +5.0643e+00 +5.0488e+00 +5.1284e+00 -5.2732e+00 +5.6637e+00 +5.8995e+00 -5.0816e+00 -5.0705e+00 +5.0590e+00 +5.1415e+00
26911 +1.015837907e+00 +1.015837907e+00 +6.570058379e+02 +6.559900000e+02 +4.9782e+00 -5.4044e+00 -4.2587e+00 +5.1143e+00 -4.9755e+00 -4.9947e+00 -5.2557e+00 +5.3931e+00 -5.3263e+00 -5.3828e+00 +5.0274e+00 +5.1420e+00 +5.0887e+00 -5.4312e+00 +6.2816e+00 +5.0120e+00 -5.1701e+00 -5.0596e+00 +5.8390e+00 +5.0698e+00
27103 +9.117225373e-01 +9.117225373e-01 +6.569017225e+02 +6.559900000e+02 +4.1377e+00 -5.4044e+00 -5.0231e+00 +5.1143e+00 -4.9755e+00 -4.9947e+00 -5.2557e+00 +5.3931e+00 -5.3263e+00 -5.3828e+00 +5.0274e+00 +5.2073e+00 +5.0887e+00 -5.4312e+00 +5.9444e+00 +5.0120e+00 -5.1701e+00 -5.0596e+00 +5.8390e+00 +5.0698e+00
27292 +7.121909881e-02 +7.121909881e-02 +6.560612191e+02 +6.559900000e+02 +4.9782e+00 -5.4044e+00 -5.0231e+00 +5.1143e+00 -4.9755e+00 -4.9947e+00 -5.2557e+00 +5.3931e+00 -5.3263e+00 -5.3828e+00 +5.0274e+00 +5.1420e+00 +5.0887e+00 -5.4312e+00 +6.2816e+00 +5.0120e+00 -5.1701e+00 -5.0596e+00 +5.8390e+00 +5.0698e+00
27481 +3.150048118e-02 +3.150048118e-02 +6.560215005e+02 +6.559900000e+02 +4.9782e+00 -5.4044e+00 -5.0231e+00 +5.1143e+00 -5.0325e+00 -4.9947e+00 -5.2557e+00 +5.3931e+00 -5.3263e+00 -5.3828e+00 +5.0274e+00 +5.1420e+00 +5.0887e+00 -5.4312e+00 +6.2816e+00 +5.0120e+00 -5.1701e+00 -5.0596e+00 +5.8390e+00 +5.0698e+00
27869 +2.177836727e-02 +2.177836727e-02 +6.560117784e+02 +6.559900000e+02 +4.9782e+00 -5.2873e+00 -5.3093e+00 +5.1143e+00 -5.0325e+00 -5.1572e+00 -5.8484e+00 +5.3931e+00 -5.3263e+00 -5.3828e+00 +5.0274e+00 +5.1420e+00 +5.0887e+00 -5.4312e+00 +6.2816e+00 +5.0120e+00 -5.1701e+00 -5.0596e+00 +5.8390e+00 +5.0698e+00
28065 +9.722113913e-03 +9.722113913e-03 +6.559997221e+02 +6.559900000e+02 +5.1828e+00 -5.4044e+00 -5.0231e+00 +5.1143e+00 -5.0325e+00 -4.9947e+00 -5.2557e+00 +5.3931e+00 -5.3263e+00 -5.3828e+00 +5.0274e+00 +5.1420e+00 +5.0887e+00 -5.4312e+00 +5.9444e+00 +5.0120e+00 -5.1701e+00 -5.0596e+00 +5.8390e+00 +5.0698e+00
28255 +0.000000000e+00 +0.000000000e+00 +6.559900000e+02 +6.559900000e+02 +5.1828e+00 -5.4044e+00 -5.0231e+00 +5.1143e+00 -5.0325e+00 -5.1572e+00 -5.2557e+00 +5.3931e+00 -5.3263e+00 -5.3828e+00 +5.0274e+00 +5.1420e+00 +5.0887e+00 -5.4312e+00 +5.9444e+00 +5.0120e+00 -5.1701e+00 -5.0596e+00 +5.8390e+00 +5.0698e+00
% function evaluation | noise-free fitness - Fopt (6.671000000000e+01) | best noise-free fitness - Fopt | measured fitness | best measured fitness | x1 | x2...
1 +4.394591064e+02 +4.394591064e+02 +5.061691064e+02 +6.671000000e+01 +3.3095e+00 +3.1263e+00 -2.5669e+00 +3.5247e+00 -1.6752e-01 -2.4138e+00 -1.8786e+00 -2.1500e+00 +1.5104e-01 -2.7420e+00 -1.5370e+00 -7.5288e-01 -8.9644e-01 -1.3196e+00 +1.6953e+00 +1.0331e+00 +4.2987e+00 -2.7858e+00 +1.6003e+00 +4.6218e+00
393 +1.794321758e+02 +1.794321758e+02 +2.461421758e+02 +6.671000000e+01 -1.4071e+00 -4.9120e+00 +2.9982e+00 +1.4722e+00 -1.9485e+00 +3.7885e+00 -4.6452e+00 -7.9718e-01 +4.9861e+00 -1.8852e+00 +3.1192e+00 +2.5225e+00 +2.2137e+00 +1.5392e+00 +4.6686e+00 +4.8279e+00 -2.3569e+00 -4.7997e+00 -2.9392e+00 -4.2095e+00
764 +1.317008460e+02 +1.317008460e+02 +1.984108460e+02 +6.671000000e+01 -1.4071e+00 -4.9120e+00 +2.9982e+00 +1.4722e+00 -1.9485e+00 +3.7885e+00 -4.6452e+00 -7.9718e-01 +4.9861e+00 -1.8852e+00 -3.8116e+00 -3.3376e+00 +2.3795e+00 +1.8516e+00 +4.6686e+00 +4.8279e+00 -2.3569e+00 -4.7997e+00 -2.9392e+00 -4.2095e+00
1139 +9.106833106e+01 +9.106833106e+01 +1.577783311e+02 +6.671000000e+01 -2.4041e+00 -3.7779e+00 -4.1887e+00 +2.5608e+00 -1.1656e+00 +3.7885e+00 -4.6452e+00 -7.9718e-01 +4.2885e+00 -3.2977e+00 -3.8116e+00 -3.3376e+00 +2.1119e+00 +4.0515e+00 +4.6686e+00 +4.8279e+00 -3.2002e+00 -4.7296e+00 -3.9437e+00 -4.7497e+00
1705 +5.908849606e+01 +5.908849606e+01 +1.257984961e+02 +6.671000000e+01 -2.4041e+00 -3.7779e+00 -4.1887e+00 +2.5608e+00 -1.1656e+00 +3.7885e+00 -4.6452e+00 -4.7521e+00 +4.2885e+00 -3.2977e+00 -3.8116e+00 -3.3376e+00 +4.7441e+00 +4.0515e+00 +4.6686e+00 +4.7482e+00 -3.8789e+00 -4.7997e+00 -4.6993e+00 -4.7497e+00
2826 +3.697944386e+01 +3.697944386e+01 +1.036894439e+02 +6.671000000e+01 -2.6370e+00 -3.7779e+00 -5.1203e+00 +3.1847e+00 -1.1656e+00 +5.1583e+00 -4.9555e+00 -4.7521e+00 +4.2885e+00 -3.2736e+00 -5.1142e+00 -3.8129e+00 +4.7441e+00 +4.4345e+00 +4.6686e+00 +4.6780e+00 -4.5656e+00 -4.7997e+00 -5.4665e+00 -5.1711e+00
3581 +2.425632367e+01 +2.425632367e+01 +9.096632367e+01 +6.671000000e+01 -4.2046e+00 -3.7779e+00 -5.1203e+00 +3.1847e+00 -1.1656e+00 +5.1583e+00 -4.9555e+00 -5.6837e+00 +5.0724e+00 -4.1687e+00 -4.9110e+00 -3.8627e+00 +4.7441e+00 +4.6937e+00 +4.6686e+00 +5.2997e+00 -5.2708e+00 -4.7997e+00 -5.4665e+00 -4.9890e+00
4349 +1.404243909e+01 +1.404243909e+01 +8.075243909e+01 +6.671000000e+01 -4.2046e+00 -3.7779e+00 -6.5153e+00 +4.0112e+00 -1.7844e+00 +5.1583e+00 -4.9555e+00 -5.6837e+00 +4.9456e+00 -4.3600e+00 -4.5527e+00 -4.8942e+00 +5.9357e+00 +5.4064e+00 +5.0352e+00 +5.7983e+00 -5.2900e+00 -4.8497e+00 -5.4665e+00 -5.1418e+00
4912 +9.810871490e+00 +9.810871490e+00 +7.652087149e+01 +6.671000000e+01 -4.8904e+00 -3.7779e+00 -6.5153e+00 +4.0112e+00 -2.3371e+00 +5.1583e+00 -4.9555e+00 -4.7521e+00 +5.0724e+00 -5.1530e+00 -4.5527e+00 -4.8942e+00 +5.9357e+00 +5.4064e+00 +5.0352e+00 +5.7983e+00 -5.2900e+00 -5.0035e+00 -5.4665e+00 -5.1418e+00
5673 +4.974220199e+00 +4.974220199e+00 +7.168422020e+01 +6.671000000e+01 -4.8904e+00 -4.4542e+00 -6.5153e+00 +4.2077e+00 -3.7374e+00 +5.1583e+00 -4.9555e+00 -5.6837e+00 +5.0724e+00 -4.8101e+00 -5.1142e+00 -4.8942e+00 +5.9357e+00 +5.4896e+00 +5.0352e+00 +5.7983e+00 -5.2900e+00 -5.0035e+00 -5.4665e+00 -5.1418e+00
6040 +2.304073910e+00 +2.304073910e+00 +6.901407391e+01 +6.671000000e+01 -4.2046e+00 -4.7595e+00 -6.5153e+00 +4.6445e+00 -4.8568e+00 +5.1583e+00 -4.9555e+00 -5.6837e+00 +5.0724e+00 -5.1530e+00 -5.1142e+00 -4.8942e+00 +5.9357e+00 +5.4064e+00 +5.0352e+00 +5.7983e+00 -5.2900e+00 -5.0035e+00 -5.4665e+00 -5.1418e+00
6418 +1.124873609e+00 +1.124873609e+00 +6.783487361e+01 +6.671000000e+01 -4.8904e+00 -4.7595e+00 -6.5153e+00 +4.6445e+00 -4.8568e+00 +5.1583e+00 -5.0452e+00 -5.6837e+00 +5.0724e+00 -5.1530e+00 -5.1142e+00 -5.0680e+00 +5.9357e+00 +5.4064e+00 +5.0352e+00 +5.7983e+00 -5.2900e+00 -5.0035e+00 -5.4665e+00 -5.1418e+00
6610 +9.202636992e-01 +9.202636992e-01 +6.763026370e+01 +6.671000000e+01 -4.8904e+00 -4.6500e+00 -6.5153e+00 +4.9367e+00 -4.8568e+00 +5.1583e+00 -4.9555e+00 -5.6837e+00 +5.0724e+00 -5.1530e+00 -5.1142e+00 -5.2276e+00 +5.9357e+00 +5.9604e+00 +5.7080e+00 +5.7983e+00 -5.4446e+00 -5.0035e+00 -5.4665e+00 -5.1418e+00
6795 +5.951028850e-01 +5.951028850e-01 +6.730510289e+01 +6.671000000e+01 -4.8904e+00 -4.7758e+00 -6.5153e+00 +5.3550e+00 -4.8568e+00 +5.1583e+00 -5.0452e+00 -5.6837e+00 +5.0724e+00 -5.1530e+00 -5.1142e+00 -5.0680e+00 +5.9357e+00 +5.4064e+00 +5.0352e+00 +5.7983e+00 -5.2900e+00 -5.0035e+00 -5.4665e+00 -5.1418e+00
7175 +1.096209791e-01 +1.096209791e-01 +6.681962098e+01 +6.671000000e+01 -4.8904e+00 -6.0403e+00 -6.5153e+00 +5.1020e+00 -5.6305e+00 +5.1583e+00 -5.4304e+00 -6.1321e+00 +5.0555e+00 -5.1530e+00 -5.1142e+00 -5.0680e+00 +5.9357e+00 +5.4064e+00 +5.0352e+00 +5.7983e+00 -5.2900e+00 -5.0035e+00 -5.4665e+00 -5.1418e+00
7555 +4.263256415e-14 +4.263256415e-14 +6.671000000e+01 +6.671000000e+01 -5.0818e+00 -6.0403e+00 -5.9585e+00 +5.1020e+00 -5.6918e+00 +5.1583e+00 -5.0452e+00 -6.1321e+00 +5.0555e+00 -5.1530e+00 -5.1142e+00 -5.0680e+00 +5.9357e+00 +5.4064e+00 +5.5091e+00 +5.7983e+00 -5.6134e+00 -5.0035e+00 -5.4665e+00 -5.1418e+00
% function evaluation | noise-free fitness - Fopt (9.416700000000e+02) | best noise-free fitness - Fopt | measured fitness | best measured fitness | x1 | x2...
1 +3.988997042e+02 +3.988997042e+02 +1.340569704e+03 +9.416700000e+02 +2.1772e+00 +1.4288e+00 -3.0228e+00 -3.5272e+00 +4.6824e+00 -4.7294e+00 +7.5075e-01 -9.3628e-04 +2.4190e+00 -6.8654e-01 -1.9656e+00 -1.5571e+00 -4.2033e+00 +2.6236e+00 -2.1418e+00 +3.6983e+00 -9.4584e-02 +3.6960e+00 -2.4416e+00 -6.7732e-01
390 +2.257521235e+02 +2.257521235e+02 +1.167422124e+03 +9.416700000e+02 +2.5702e+00 +3.0290e+00 -4.2276e+00 +3.0364e+00 +4.5100e+00 -4.0877e+00 -7.8942e-01 +2.4266e+00 +5.3925e-01 -4.9690e+00 +2.8552e+00 +3.2528e+00 -3.8187e+00 -2.8769e+00 +4.8568e+00 -4.3650e+00 -1.3892e+00 +4.9813e+00 +3.7268e+00 +3.4626e+00
763 +1.342775691e+02 +1.342775691e+02 +1.075947569e+03 +9.416700000e+02 +2.5702e+00 -4.2631e+00 +1.5405e+00 -2.1408e+00 -3.1757e+00 -3.7101e+00 +7.2861e-01 -4.8195e+00 +4.2923e+00 -4.1939e+00 +2.9601e+00 +4.4362e+00 -1.0971e+00 -4.5056e+00 +3.3431e+00 +4.9517e+00 -1.3892e+00 +4.9813e+00 +3.7268e+00 +3.4626e+00
1147 +9.803163009e+01 +9.803163009e+01 +1.039701630e+03 +9.416700000e+02 -4.2814e+00 -3.5699e+00 +2.1292e+00 +3.0364e+00 +4.5100e+00 -4.0877e+00 -4.0722e+00 -2.3462e+00 +2.9815e+00 -4.9690e+00 +3.1277e+00 +3.2528e+00 -3.8187e+00 -2.8769e+00 +4.8568e+00 +4.3616e+00 -4.0342e+00 +4.9813e+00 +3.7268e+00 +4.2519e+00
1895 +5.890301856e+01 +5.890301856e+01 +1.000573019e+03 +9.416700000e+02 -4.2814e+00 -3.5699e+00 +4.8006e+00 -1.2675e-01 -3.1757e+00 -3.7101e+00 -3.7704e+00 -4.8195e+00 +4.2923e+00 -4.9690e+00 +2.8552e+00 +4.8981e+00 -3.8187e+00 -4.5056e+00 +4.8568e+00 +4.3616e+00 -4.0342e+00 +4.9813e+00 +3.7268e+00 +4.9202e+00
2667 +3.864332883e+01 +3.864332883e+01 +9.803133288e+02 +9.416700000e+02 -4.2814e+00 -3.5699e+00 +4.5103e+00 +3.0364e+00 -3.0683e+00 -4.0877e+00 -4.0722e+00 -4.8195e+00 +4.2923e+00 -4.8398e+00 +3.1277e+00 +4.8981e+00 -3.5647e+00 -5.1132e+00 +6.0104e+00 +4.3616e+00 -4.9704e+00 +4.9813e+00 +4.3831e+00 +4.9202e+00
3614 +2.426079222e+01 +2.426079222e+01 +9.659307922e+02 +9.416700000e+02 -4.2814e+00 -3.0821e+00 +4.8006e+00 +3.0364e+00 -3.0683e+00 -4.0877e+00 -4.0722e+00 -5.6677e+00 +4.2923e+00 -4.9690e+00 +4.2765e+00 +4.8981e+00 -3.5647e+00 -5.1132e+00 +6.0104e+00 +4.9517e+00 -4.9704e+00 +4.9813e+00 +5.6183e+00 +5.5634e+00
4763 +1.441563907e+01 +1.441563907e+01 +9.560856391e+02 +9.416700000e+02 -4.2814e+00 -3.5699e+00 +4.8006e+00 +3.3017e+00 -4.1957e+00 -4.0877e+00 -5.0912e+00 -4.8195e+00 +5.1444e+00 -4.9690e+00 +4.7180e+00 +5.2948e+00 -4.0670e+00 -5.1132e+00 +5.9747e+00 +4.9517e+00 -4.9704e+00 +4.9813e+00 +4.9659e+00 +5.5634e+00
5154 +8.889180237e+00 +8.889180237e+00 +9.505591802e+02 +9.416700000e+02 -4.2814e+00 -3.5699e+00 +4.8006e+00 +3.3017e+00 -4.1957e+00 -4.9235e+00 -5.0912e+00 -4.8195e+00 +5.1444e+00 -4.9690e+00 +4.7180e+00 +5.2948e+00 -5.2740e+00 -5.1132e+00 +5.9747e+00 +4.9517e+00 -4.9704e+00 +4.9813e+00 +4.9659e+00 +5.5634e+00
6106 +5.868595788e+00 +5.868595788e+00 +9.475385958e+02 +9.416700000e+02 -4.5478e+00 -4.2464e+00 +4.8006e+00 +3.9248e+00 -4.1957e+00 -4.9235e+00 -5.0912e+00 -4.8195e+00 +5.1444e+00 -4.9690e+00 +5.6563e+00 +5.2948e+00 -5.2740e+00 -5.1132e+00 +5.9747e+00 +4.9517e+00 -4.9704e+00 +5.6186e+00 +4.9659e+00 +5.5634e+00
6674 +3.524122112e+00 +3.524122112e+00 +9.451941221e+02 +9.416700000e+02 -4.5478e+00 -4.7929e+00 +4.8006e+00 +3.9248e+00 -5.0118e+00 -4.9235e+00 -5.0912e+00 -5.2970e+00 +5.1444e+00 -4.9690e+00 +5.0029e+00 +5.2948e+00 -5.2740e+00 -5.1132e+00 +5.9667e+00 +4.9517e+00 -4.9704e+00 +5.6186e+00 +4.9659e+00 +5.5634e+00
6864 +1.902755680e+00 +1.902755680e+00 +9.435727557e+02 +9.416700000e+02 -4.7694e+00 -4.7929e+00 +4.8006e+00 +5.0606e+00 -5.0118e+00 -4.9235e+00 -5.0912e+00 -5.2970e+00 +5.1444e+00 -4.9690e+00 +5.0029e+00 +5.2948e+00 -5.2740e+00 -5.1132e+00 +5.9667e+00 +4.9517e+00 -4.9704e+00 +4.9813e+00 +4.9659e+00 +5.5634e+00
7055 +1.156753055e+00 +1.156753055e+00 +9.428267531e+02 +9.416700000e+02 -4.7694e+00 -4.7929e+00 +4.8006e+00 +5.0606e+00 -5.0118e+00 -4.9235e+00 -5.0912e+00 -5.2970e+00 +5.1444e+00 -4.9690e+00 +5.0029e+00 +5.2948e+00 -5.2740e+00 -5.1132e+00 +5.4869e+00 +5.2990e+00 -4.9704e+00 +5.6186e+00 +5.5220e+00 +5.5634e+00
7444 +9.026013361e-01 +9.026013361e-01 +9.425726013e+02 +9.416700000e+02 -4.7694e+00 -4.7929e+00 +5.2468e+00 +5.0606e+00 -5.0118e+00 -4.9235e+00 -5.0912e+00 -5.2970e+00 +5.1444e+00 -4.9690e+00 +5.0029e+00 +5.2948e+00 -5.2740e+00 -5.1132e+00 +5.4869e+00 +5.2990e+00 -4.9704e+00 +5.6186e+00 +5.5220e+00 +5.5634e+00
7636 +6.046214025e-01 +6.046214025e-01 +9.422746214e+02 +9.416700000e+02 -4.7694e+00 -4.7929e+00 +5.0973e+00 +5.0606e+00 -5.0118e+00 -4.9235e+00 -5.0912e+00 -5.2970e+00 +5.1444e+00 -5.6347e+00 +5.3374e+00 +5.2948e+00 -5.2740e+00 -5.1132e+00 +5.9667e+00 +5.2990e+00 -5.2184e+00 +5.6186e+00 +5.3442e+00 +5.5634e+00
7826 +3.708203167e-01 +3.708203167e-01 +9.420408203e+02 +9.416700000e+02 -4.7694e+00 -5.2510e+00 +5.0973e+00 +5.0606e+00 -5.0118e+00 -4.9235e+00 -5.0912e+00 -5.2970e+00 +5.1444e+00 -5.6347e+00 +5.3374e+00 +5.2948e+00 -5.2740e+00 -5.1132e+00 +5.9667e+00 +5.2990e+00 -5.2184e+00 +5.6186e+00 +5.3442e+00 +5.5634e+00
8016 +1.402285523e-01 +1.402285523e-01 +9.418102286e+02 +9.416700000e+02 -5.4214e+00 -5.2510e+00 +5.0973e+00 +5.0606e+00 -5.0118e+00 -4.9235e+00 -5.0912e+00 -5.2970e+00 +5.2621e+00 -5.6494e+00 +5.0029e+00 +5.7976e+00 -5.2740e+00 -5.1132e+00 +5.9667e+00 +5.1184e+00 -5.0591e+00 +5.6186e+00 +5.5202e+00 +5.5634e+00
8209 +1.136868377e-13 +1.136868377e-13 +9.416700000e+02 +9.416700000e+02 -5.4214e+00 -5.1235e+00 +5.3587e+00 +5.0606e+00 -5.0118e+00 -5.8354e+00 -5.0912e+00 -5.2970e+00 +5.1444e+00 -5.6347e+00 +5.3374e+00 +5.7976e+00 -5.2740e+00 -5.1132e+00 +5.9667e+00 +5.2990e+00 -5.2184e+00 +5.3533e+00 +5.5382e+00 +5.5634e+00
% function evaluation | noise-free fitness - Fopt (-3.745000000000e+01) | best noise-free fitness - Fopt | measured fitness | best measured fitness | x1 | x2...
1 +4.138802418e+02 +4.138802418e+02 +3.764302418e+02 -3.745000000e+01 +7.1004e-01 +2.1292e+00 +3.1149e+00 -2.3643e+00 -2.2359e+00 +2.3394e-01 -4.5968e-01 -5.7473e-01 +1.1639e-01 +4.0236e+00 -1.1122e+00 -3.9861e+00 +4.3377e+00 +3.2780e+00 +4.5982e+00 -3.4867e+00 -2.0280e+00 +1.5600e+00 +3.1192e+00 +4.6138e+00
382 +1.622121834e+02 +1.622121834e+02 +1.247621834e+02 -3.745000000e+01 -2.3122e+00 +3.5871e+00 +4.5884e+00 -3.1219e+00 -2.3143e+00 +3.5645e+00 +9.4537e-01 -4.8322e+00 -2.1709e+00 +4.0696e+00 +4.9489e+00 -8.4756e-01 +2.0367e+00 -4.6459e+00 +4.5856e+00 +3.6797e+00 -4.3179e+00 +1.8192e+00 +4.6282e+00 -3.4948e+00
556 +1.156643285e+02 +1.156643285e+02 +7.821432853e+01 -3.745000000e+01 -2.3122e+00 +3.5871e+00 +4.5884e+00 -3.1219e+00 -2.3143e+00 +3.5645e+00 +9.4537e-01 -4.8322e+00 -2.1709e+00 +4.0696e+00 +4.7752e+00 +4.7032e+00 -4.0546e+00 -4.6459e+00 +4.5856e+00 +3.6797e+00 -4.3179e+00 +1.8192e+00 +4.6282e+00 -3.4948e+00
740 +8.882375462e+01 +8.882375462e+01 +5.137375462e+01 -3.745000000e+01 +3.6514e+00 +2.3986e-01 +2.3412e+00 -1.5116e+00 -2.3143e+00 +3.5645e+00 +9.4537e-01 -4.8322e+00 -2.1709e+00 +4.0696e+00 +4.7752e+00 +4.7032e+00 -4.0546e+00 -4.6459e+00 +4.5856e+00 +3.6797e+00 -4.3179e+00 +4.8279e+00 +3.6676e+00 -4.9682e+00
1277 +6.102102144e+01 +6.102102144e+01 +2.357102144e+01 -3.745000000e+01 +3.6514e+00 +3.5871e+00 +4.5884e+00 -3.1219e+00 -2.3143e+00 +3.5645e+00 +9.4537e-01 -4.8609e+00 +1.6506e+00 +4.0696e+00 +4.9489e+00 +4.7032e+00 -4.0546e+00 -4.6459e+00 +4.5856e+00 +3.6797e+00 -4.3179e+00 +4.8279e+00 +4.5839e+00 -4.9682e+00
2537 +3.542279429e+01 +3.542279429e+01 -2.027205711e+00 -3.745000000e+01 +3.8561e+00 +3.5871e+00 +4.5884e+00 -3.1219e+00 -2.3143e+00 +4.6575e+00 +3.6231e+00 -4.8609e+00 +1.6506e+00 +4.0696e+00 +4.9489e+00 +4.7032e+00 -4.9087e+00 -4.6459e+00 +4.5856e+00 +5.0125e+00 -4.6597e+00 +4.8279e+00 +5.0291e+00 -4.9682e+00
3640 +2.414451743e+01 +2.414451743e+01 -1.330548257e+01 -3.745000000e+01 +3.8561e+00 +3.5871e+00 +5.0583e+00 -3.1219e+00 -2.3553e+00 +4.6575e+00 +4.5820e+00 -4.8609e+00 +2.6311e+00 +4.5130e+00 +5.8945e+00 +4.7032e+00 -4.9087e+00 -4.6459e+00 +5.4046e+00 +5.3237e+00 -5.0396e+00 +4.8279e+00 +5.0291e+00 -4.9682e+00
4690 +1.532487583e+01 +1.532487583e+01 -2.212512417e+01 -3.745000000e+01 +3.8561e+00 +3.5871e+00 +4.5884e+00 -3.7062e+00 -2.7362e+00 +5.4136e+00 +4.5820e+00 -4.8609e+00 +3.3272e+00 +5.3116e+00 +4.9489e+00 +4.9886e+00 -4.9087e+00 -5.0116e+00 +5.0528e+00 +5.0125e+00 -6.4518e+00 +5.0304e+00 +5.0291e+00 -4.9682e+00
5586 +7.939240087e+00 +7.939240087e+00 -2.951075991e+01 -3.745000000e+01 +3.8561e+00 +3.5871e+00 +4.5705e+00 -4.5637e+00 -4.0708e+00 +6.2596e+00 +4.5820e+00 -4.8609e+00 +4.6989e+00 +5.4955e+00 +4.9489e+00 +4.9886e+00 -5.0228e+00 -5.0116e+00 +5.0528e+00 +5.0125e+00 -6.4518e+00 +5.2266e+00 +5.0291e+00 -4.9682e+00
6300 +5.009084225e+00 +5.009084225e+00 -3.244091578e+01 -3.745000000e+01 +3.8561e+00 +3.5871e+00 +4.5705e+00 -5.1138e+00 -5.2298e+00 +6.2596e+00 +4.5820e+00 -4.8609e+00 +5.8820e+00 +5.4955e+00 +4.9489e+00 +4.9886e+00 -5.0228e+00 -5.0116e+00 +5.0528e+00 +5.0125e+00 -6.4518e+00 +5.2266e+00 +5.0291e+00 -4.9682e+00
7204 +3.136723955e+00 +3.136723955e+00 -3.431327605e+01 -3.745000000e+01 +4.3471e+00 +4.5285e+00 +4.5705e+00 -5.1138e+00 -5.2298e+00 +6.2596e+00 +4.5820e+00 -5.0195e+00 +5.8820e+00 +5.4955e+00 +4.9489e+00 +4.9886e+00 -4.9986e+00 -5.0116e+00 +5.0528e+00 +5.0125e+00 -6.4518e+00 +5.2266e+00 +5.0291e+00 -4.9682e+00
7570 +2.340882699e+00 +2.340882699e+00 -3.510911730e+01 -3.745000000e+01 +4.8562e+00 +4.5285e+00 +4.5705e+00 -5.1138e+00 -5.2298e+00 +6.2596e+00 +4.8746e+00 -4.8609e+00 +5.8820e+00 +5.4955e+00 +4.9489e+00 +4.9886e+00 -5.0228e+00 -5.0116e+00 +5.0528e+00 +5.0125e+00 -6.4518e+00 +5.2266e+00 +5.0291e+00 -4.9682e+00
7744 +1.557523781e+00 +1.557523781e+00 -3.589247622e+01 -3.745000000e+01 +5.2981e+00 +4.5285e+00 +4.7836e+00 -5.1138e+00 -5.2298e+00 +6.2596e+00 +4.8746e+00 -5.0195e+00 +5.8820e+00 +5.4955e+00 +4.9489e+00 +5.1975e+00 -5.0228e+00 -5.0116e+00 +5.0528e+00 +5.0125e+00 -6.4518e+00 +5.2499e+00 +5.0291e+00 -4.9682e+00
8482 +8.512434446e-01 +8.512434446e-01 -3.659875656e+01 -3.745000000e+01 +5.2981e+00 +4.5285e+00 +4.7836e+00 -5.1138e+00 -5.2298e+00 +6.2596e+00 +5.2311e+00 -5.0195e+00 +5.8820e+00 +5.4955e+00 +5.3414e+00 +4.9886e+00 -5.0228e+00 -5.0116e+00 +5.0528e+00 +5.0125e+00 -6.4518e+00 +5.2266e+00 +5.0291e+00 -5.0878e+00
8671 +5.384779209e-01 +5.384779209e-01 -3.691152208e+01 -3.745000000e+01 +5.2981e+00 +4.5285e+00 +5.4583e+00 -5.1138e+00 -5.2298e+00 +6.2596e+00 +5.2311e+00 -5.0195e+00 +5.8820e+00 +5.4955e+00 +5.1454e+00 +5.1975e+00 -4.9986e+00 -5.0116e+00 +5.0528e+00 +5.0125e+00 -6.4518e+00 +5.2266e+00 +5.0291e+00 -5.6250e+00
8850 +5.418829195e-02 +5.418829195e-02 -3.739581171e+01 -3.745000000e+01 +5.2981e+00 +4.9958e+00 +5.2508e+00 -5.1138e+00 -5.2298e+00 +6.2596e+00 +5.2311e+00 -5.0195e+00 +5.8820e+00 +5.4955e+00 +6.3216e+00 +4.9886e+00 -4.9986e+00 -5.0116e+00 +5.0528e+00 +5.0125e+00 -6.4518e+00 +5.2266e+00 +5.0291e+00 -5.0878e+00
9037 +1.095152293e-02 +1.095152293e-02 -3.743904848e+01 -3.745000000e+01 +5.2981e+00 +4.9958e+00 +5.2508e+00 -5.1138e+00 -5.2298e+00 +6.2596e+00 +5.2311e+00 -5.0195e+00 +5.8820e+00 +5.4955e+00 +5.1454e+00 +5.1975e+00 -4.9986e+00 -5.0116e+00 +5.0528e+00 +5.0125e+00 -6.4518e+00 +5.2266e+00 +5.0291e+00 -5.0878e+00
9223 +4.748312836e-03 +4.748312836e-03 -3.744525169e+01 -3.745000000e+01 +5.2981e+00 +4.9958e+00 +5.2508e+00 -5.1138e+00 -5.2298e+00 +6.2596e+00 +5.2311e+00 -5.0195e+00 +5.8820e+00 +5.4955e+00 +5.1454e+00 +5.1975e+00 -5.0228e+00 -5.0116e+00 +5.0528e+00 +5.0125e+00 -6.4518e+00 +5.2266e+00 +5.0291e+00 -5.0878e+00
15939 +7.105427358e-14 +7.105427358e-14 -3.745000000e+01 -3.745000000e+01 +5.2813e+00 +5.2622e+00 +5.3007e+00 -5.7639e+00 -5.1574e+00 +5.0349e+00 +5.1547e+00 -5.0730e+00 +5.0245e+00 +5.0224e+00 +6.2082e+00 +5.3913e+00 -5.0350e+00 -5.2497e+00 +5.0321e+00 +5.1961e+00 -6.3295e+00 +5.9086e+00 +5.4227e+00 -5.2180e+00
% function evaluation | noise-free fitness - Fopt (-4.450500000000e+02) | best noise-free fitness - Fopt | measured fitness | best measured fitness | x1 | x2...
1 +4.345556100e+02 +4.345556100e+02 -1.049438998e+01 -4.450500000e+02 +4.5965e+00 -1.1125e+00 +3.4523e+00 -6.3274e-01 -3.5686e+00 -1.6326e+00 +1.5011e-01 -1.0096e+00 +4.5154e+00 +1.7896e+00 -8.9620e-01 -1.6369e+00 -2.2730e+00 +1.6494e+00 -4.9097e+00 -2.6910e+00 +3.8198e+00 -2.0018e+00 -7.2927e-03 +6.7923e-01
189 +1.729849181e+02 +1.729849181e+02 -2.720650819e+02 -4.450500000e+02 -1.6056e+00 +2.8201e+00 -1.6473e+00 +1.7074e+00 -9.2620e-01 +3.0989e+00 -4.3895e+00 -4.3234e+00 -2.5733e+00 +4.6289e+00 -3.1061e+00 +2.0693e+00 -1.3353e+00 +4.8178e+00 +4.7903e+00 +3.5124e+00 -3.6781e+00 -2.0890e+00 +3.2741e+00 +4.5345e+00
771 +1.333325065e+02 +1.333325065e+02 -3.117174935e+02 -4.450500000e+02 +6.8422e-01 +1.6337e-02 +2.2643e+00 -2.5079e+00 -9.2620e-01 +3.0989e+00 -4.3895e+00 -4.3234e+00 -2.5733e+00 +2.4981e+00 -3.1061e+00 +2.0693e+00 -1.3353e+00 +4.8178e+00 +4.7903e+00 +3.5124e+00 -3.6781e+00 -4.9858e+00 +4.9161e+00 +4.8467e+00
1159 +9.872686792e+01 +9.872686792e+01 -3.463231321e+02 -4.450500000e+02 -1.6056e+00 +4.4912e-01 +2.2643e+00 -2.5079e+00 -2.1764e+00 +3.0989e+00 -4.3895e+00 -4.3234e+00 -2.5733e+00 +4.6289e+00 +3.8214e+00 +2.1167e+00 -1.3353e+00 +4.8178e+00 +4.7903e+00 +3.5124e+00 -3.6781e+00 -4.9858e+00 +4.9161e+00 +4.8467e+00
2504 +6.081847612e+01 +6.081847612e+01 -3.842315239e+02 -4.450500000e+02 -2.8049e+00 +2.8201e+00 +3.9860e+00 -2.5079e+00 -4.1254e+00 -3.1145e+00 -4.3895e+00 -4.3234e+00 -3.1588e+00 +4.6289e+00 +3.8214e+00 +2.1167e+00 -1.3353e+00 +4.8178e+00 +4.7903e+00 +4.5191e+00 -4.9544e+00 -4.9858e+00 +4.9161e+00 +4.9136e+00
4045 +3.902883354e+01 +3.902883354e+01 -4.060211665e+02 -4.450500000e+02 -2.8049e+00 +2.8201e+00 +3.9860e+00 -2.5079e+00 -4.6440e+00 -4.1444e+00 -4.3895e+00 -5.2172e+00 -3.3231e+00 +4.6289e+00 +4.7963e+00 +2.6767e+00 -3.1621e+00 +4.8178e+00 +4.7903e+00 +5.0975e+00 -4.9544e+00 -4.9858e+00 +4.9161e+00 +6.1542e+00
5214 +2.318615405e+01 +2.318615405e+01 -4.218638460e+02 -4.450500000e+02 -2.8049e+00 +2.8201e+00 +3.9860e+00 -2.5079e+00 -4.6440e+00 -4.1444e+00 -4.3895e+00 -5.2172e+00 -4.1455e+00 +5.6424e+00 +4.7211e+00 +4.2242e+00 -4.5066e+00 +5.0138e+00 +4.7903e+00 +5.0975e+00 -5.0496e+00 -4.9858e+00 +4.9161e+00 +6.1531e+00
6185 +1.387900939e+01 +1.387900939e+01 -4.311709906e+02 -4.450500000e+02 -4.5719e+00 +2.8201e+00 +3.9860e+00 -2.5079e+00 -4.6440e+00 -4.6891e+00 -4.3895e+00 -5.2172e+00 -4.9587e+00 +5.4220e+00 +4.7963e+00 +4.2625e+00 -5.1483e+00 +5.0138e+00 +5.0897e+00 +5.0975e+00 -5.7552e+00 -4.9858e+00 +5.1648e+00 +6.1542e+00
6948 +9.946865349e+00 +9.946865349e+00 -4.351031347e+02 -4.450500000e+02 -4.5719e+00 +4.5310e+00 +4.6457e+00 -2.5079e+00 -4.6440e+00 -4.6891e+00 -4.3895e+00 -5.2172e+00 -5.1003e+00 +5.4220e+00 +4.7211e+00 +4.6062e+00 -5.1483e+00 +5.0138e+00 +5.0897e+00 +5.0975e+00 -5.7552e+00 -4.9858e+00 +5.1648e+00 +6.1542e+00
8100 +5.691428149e+00 +5.691428149e+00 -4.393585719e+02 -4.450500000e+02 -5.5427e+00 +4.7657e+00 +4.6457e+00 -3.1289e+00 -5.0923e+00 -4.6891e+00 -5.3866e+00 -5.2172e+00 -4.9587e+00 +5.4220e+00 +5.0559e+00 +4.6062e+00 -5.1483e+00 +5.0138e+00 +5.0897e+00 +5.0975e+00 -5.7552e+00 -4.9858e+00 +5.1648e+00 +6.1542e+00
8673 +3.176471974e+00 +3.176471974e+00 -4.418735280e+02 -4.450500000e+02 -5.5427e+00 +4.7657e+00 +5.4406e+00 -3.1289e+00 -5.0923e+00 -5.4408e+00 -5.3866e+00 -5.2172e+00 -4.9587e+00 +5.4220e+00 +5.0559e+00 +5.2295e+00 -5.1483e+00 +5.0138e+00 +5.0897e+00 +5.0975e+00 -5.7552e+00 -4.9858e+00 +5.1648e+00 +6.1542e+00
9250 +2.477706633e+00 +2.477706633e+00 -4.425722934e+02 -4.450500000e+02 -5.3269e+00 +4.9129e+00 +5.4406e+00 -3.4991e+00 -5.0923e+00 -5.4408e+00 -5.4958e+00 -5.2172e+00 -4.9587e+00 +5.4220e+00 +5.0559e+00 +5.2295e+00 -5.1483e+00 +5.0138e+00 +5.0897e+00 +5.0975e+00 -5.7552e+00 -4.9858e+00 +5.1648e+00 +6.1542e+00
9833 +1.262690522e+00 +1.262690522e+00 -4.437873095e+02 -4.450500000e+02 -5.5427e+00 +4.9773e+00 +5.4406e+00 -4.2157e+00 -5.0923e+00 -5.4408e+00 -5.4958e+00 -5.2172e+00 -4.9587e+00 +5.4220e+00 +5.5806e+00 +5.2295e+00 -5.1483e+00 +5.0138e+00 +5.0897e+00 +5.0975e+00 -5.7552e+00 -5.2612e+00 +5.1348e+00 +6.1542e+00
18237 +7.416756888e-01 +7.416756888e-01 -4.443083243e+02 -4.450500000e+02 -4.7963e+00 +4.7763e+00 +5.3653e+00 -5.0342e+00 -5.8358e+00 -4.9469e+00 -5.3383e+00 -5.3938e+00 -4.9767e+00 +5.6912e+00 +5.2329e+00 +5.1384e+00 -5.0979e+00 +5.1971e+00 +4.9768e+00 +5.2185e+00 -5.2839e+00 -5.4785e+00 +5.3379e+00 +5.0163e+00
18431 +3.918302682e-01 +3.918302682e-01 -4.446581697e+02 -4.450500000e+02 -4.7963e+00 +5.1666e+00 +5.3653e+00 -5.1898e+00 -5.8358e+00 -5.4230e+00 -5.3383e+00 -6.0159e+00 -4.9767e+00 +5.6912e+00 +5.2329e+00 +5.1384e+00 -5.0979e+00 +5.1971e+00 +4.9768e+00 +5.2185e+00 -5.2839e+00 -5.4785e+00 +5.3379e+00 +5.0163e+00
18624 +2.036930368e-01 +2.036930368e-01 -4.448463070e+02 -4.450500000e+02 -4.7963e+00 +5.1770e+00 +6.3580e+00 -5.0342e+00 -5.3625e+00 -5.1828e+00 -5.3383e+00 -5.0810e+00 -5.3983e+00 +5.6912e+00 +5.2329e+00 +5.1384e+00 -5.1032e+00 +5.0002e+00 +5.8272e+00 +5.2185e+00 -5.2839e+00 -5.4785e+00 +5.3379e+00 +5.0163e+00
18824 +6.138721265e-02 +6.138721265e-02 -4.449886128e+02 -4.450500000e+02 -5.5044e+00 +5.1770e+00 +6.3580e+00 -5.0342e+00 -5.3625e+00 -5.1828e+00 -5.3383e+00 -5.8316e+00 -4.9767e+00 +5.6912e+00 +5.2329e+00 +5.1384e+00 -5.1032e+00 +5.0002e+00 +5.8272e+00 +5.2185e+00 -5.2839e+00 -5.4785e+00 +5.3379e+00 +5.0163e+00
19016 +5.684341886e-14 +5.684341886e-14 -4.450500000e+02 -4.450500000e+02 -5.5663e+00 +5.1666e+00 +5.3653e+00 -5.1898e+00 -5.8358e+00 -5.1828e+00 -5.3383e+00 -5.0810e+00 -5.3983e+00 +5.6912e+00 +5.2329e+00 +5.1384e+00 -5.0979e+00 +5.1971e+00 +5.9689e+00 +5.5444e+00 -5.2839e+00 -5.4785e+00 +5.3379e+00 +5.0163e+00
% function evaluation | noise-free fitness - Fopt (9.513200000000e+02) | best noise-free fitness - Fopt | measured fitness | best measured fitness | x1 | x2...
1 +5.547672030e+02 +5.547672030e+02 +1.506087203e+03 +9.513200000e+02 +3.2860e+00 +2.9885e+00 +2.9349e-01 +2.5481e+00 -1.0820e+00 +9.0978e-02 -3.2876e+00 +3.5436e+00 -2.9053e+00 +2.5761e+00 +4.5984e-01 -4.2863e+00 +2.2787e+00 -4.5582e+00 -1.0375e+00 -3.0434e+00 +3.4962e+00 +1.6679e+00 -2.6125e+00 +4.2812e+00
381 +2.102278537e+02 +2.102278537e+02 +1.161547854e+03 +9.513200000e+02 +3.6114e+00 -8.8981e-02 +4.7210e+00 +1.0163e+00 -8.1101e-02 +1.9863e-01 -4.0042e+00 -2.1457e+00 +6.8107e-01 -3.6776e+00 -1.5534e+00 +3.8688e+00 -4.8921e+00 +4.4261e-01 -2.0941e+00 -1.3536e+00 -2.9877e+00 -4.4822e+00 +4.8096e+00 -2.8537e+00
749 +1.540514514e+02 +1.540514514e+02 +1.105371451e+03 +9.513200000e+02 -2.9737e+00 -1.4246e+00 +4.3370e+00 +4.1819e+00 +3.9729e-01 +3.1460e+00 -3.5268e+00 +4.6964e+00 -4.3529e+00 -7.4675e-01 -2.2645e+00 +3.4726e+00 -4.4216e+00 +1.2835e+00 -4.1810e+00 +4.9107e+00 -4.4417e+00 -7.7672e-01 +2.9784e+00 -3.9932e+00
1291 +9.046942208e+01 +9.046942208e+01 +1.041789422e+03 +9.513200000e+02 +3.6114e+00 -8.8981e-02 +4.7210e+00 +2.6928e+00 +4.7400e+00 +9.7947e-02 -3.7582e+00 +4.6964e+00 -4.3529e+00 -3.2862e+00 -4.8617e+00 +2.1302e+00 -4.8032e+00 +4.1519e+00 -4.1810e+00 +4.9107e+00 -4.4417e+00 -4.4822e+00 +4.8096e+00 -2.8151e+00
1662 +6.303524041e+01 +6.303524041e+01 +1.014355240e+03 +9.513200000e+02 -1.7222e+00 -2.4840e+00 +4.7210e+00 +2.6928e+00 +4.7400e+00 +1.9863e-01 -3.5268e+00 +5.5683e+00 -4.3529e+00 -3.2862e+00 -4.8617e+00 +2.1302e+00 -4.8032e+00 +4.1519e+00 -4.1810e+00 +4.9107e+00 -4.4417e+00 -4.4822e+00 +4.8096e+00 -4.7503e+00
2208 +3.962342363e+01 +3.962342363e+01 +9.909434236e+02 +9.513200000e+02 -1.7222e+00 -2.4840e+00 +4.7210e+00 +2.6928e+00 +4.7400e+00 -4.0778e+00 -3.5268e+00 +4.6964e+00 -4.3529e+00 -3.6044e+00 -5.1024e+00 +3.8688e+00 -4.8032e+00 +4.1519e+00 -4.6441e+00 +4.9107e+00 -4.4417e+00 -5.0730e+00 +5.0055e+00 -4.7503e+00
3137 +2.342054570e+01 +2.342054570e+01 +9.747405457e+02 +9.513200000e+02 -1.1181e+00 -2.4840e+00 +4.7210e+00 +2.6928e+00 +4.7400e+00 -4.0778e+00 -4.2020e+00 +4.6964e+00 -4.3529e+00 -3.9809e+00 -4.7776e+00 +4.9410e+00 -5.3299e+00 +5.0397e+00 -4.6441e+00 +4.9107e+00 -5.2036e+00 -5.0730e+00 +5.0055e+00 -4.9651e+00
3870 +1.507213369e+01 +1.507213369e+01 +9.663921337e+02 +9.513200000e+02 -2.0245e+00 -2.4840e+00 +4.7210e+00 +2.6928e+00 +4.7400e+00 -4.0778e+00 -4.2020e+00 +5.1052e+00 -4.8022e+00 -5.0731e+00 -4.7776e+00 +6.6560e+00 -5.3299e+00 +5.0397e+00 -5.6025e+00 +4.9107e+00 -5.1389e+00 -5.4415e+00 +5.0055e+00 -5.5721e+00
4622 +9.337416432e+00 +9.337416432e+00 +9.606574164e+02 +9.513200000e+02 -3.7589e+00 -2.6819e+00 +5.1144e+00 +4.3787e+00 +4.7400e+00 -4.6214e+00 -4.2020e+00 +5.1052e+00 -4.8022e+00 -5.0731e+00 -4.7776e+00 +6.6560e+00 -5.3299e+00 +5.3977e+00 -5.6025e+00 +4.9107e+00 -5.1389e+00 -5.6380e+00 +5.0055e+00 -5.3249e+00
5180 +5.955611186e+00 +5.955611186e+00 +9.572756112e+02 +9.513200000e+02 -4.8170e+00 -2.6819e+00 +5.0395e+00 +4.3787e+00 +4.7400e+00 -4.6214e+00 -4.7022e+00 +5.1052e+00 -4.8022e+00 -5.0731e+00 -5.0343e+00 +6.7998e+00 -5.8881e+00 +5.0397e+00 -5.1513e+00 +4.9987e+00 -5.1389e+00 -5.7460e+00 +5.0055e+00 -5.2482e+00
5543 +3.230208730e+00 +3.230208730e+00 +9.545502087e+02 +9.513200000e+02 -4.8170e+00 -2.6819e+00 +5.0395e+00 +5.4116e+00 +4.7400e+00 -5.1180e+00 -5.2476e+00 +5.1052e+00 -5.3035e+00 -5.0731e+00 -5.0343e+00 +6.7998e+00 -5.3299e+00 +5.0397e+00 -5.6025e+00 +4.9987e+00 -5.1389e+00 -5.7460e+00 +5.0055e+00 -5.2482e+00
6085 +1.739813303e+00 +1.739813303e+00 +9.530598133e+02 +9.513200000e+02 -4.8170e+00 -3.6281e+00 +5.0395e+00 +5.4116e+00 +5.1425e+00 -5.1180e+00 -5.2476e+00 +5.1052e+00 -5.3035e+00 -5.0731e+00 -5.5051e+00 +6.7998e+00 -5.3299e+00 +5.0397e+00 -5.6025e+00 +4.9987e+00 -5.1389e+00 -5.6766e+00 +5.0355e+00 -5.2482e+00
6275 +8.598251599e-01 +8.598251599e-01 +9.521798252e+02 +9.513200000e+02 -4.8170e+00 -4.4077e+00 +5.0395e+00 +5.4116e+00 +5.3074e+00 -5.1180e+00 -5.2476e+00 +5.0927e+00 -5.3035e+00 -5.0731e+00 -5.0343e+00 +6.7998e+00 -5.3299e+00 +5.0397e+00 -5.6025e+00 +4.9987e+00 -5.1389e+00 -5.7460e+00 +5.0055e+00 -5.2482e+00
6827 +1.912137990e-01 +1.912137990e-01 +9.515112138e+02 +9.513200000e+02 -4.8170e+00 -5.5316e+00 +5.0395e+00 +5.4116e+00 +5.3074e+00 -5.1180e+00 -5.2476e+00 +5.0927e+00 -5.3035e+00 -5.0731e+00 -5.5051e+00 +6.7998e+00 -5.3299e+00 +5.0397e+00 -5.6025e+00 +4.9987e+00 -5.1389e+00 -5.8645e+00 +5.0055e+00 -5.2482e+00
7009 +1.134101683e-01 +1.134101683e-01 +9.514334102e+02 +9.513200000e+02 -4.8948e+00 -5.2996e+00 +5.0395e+00 +5.4116e+00 +5.1425e+00 -5.1180e+00 -5.4983e+00 +5.1052e+00 -5.3035e+00 -5.0731e+00 -5.0343e+00 +6.7998e+00 -5.3299e+00 +5.0397e+00 -5.6025e+00 +4.9987e+00 -5.1389e+00 -5.7460e+00 +5.0355e+00 -5.2482e+00
7197 +8.240986396e-03 +8.240986396e-03 +9.513282410e+02 +9.513200000e+02 -5.1321e+00 -5.2115e+00 +5.1144e+00 +5.4116e+00 +5.3074e+00 -5.1180e+00 -5.2476e+00 +5.0927e+00 -5.3035e+00 -5.0731e+00 -5.0343e+00 +6.7998e+00 -5.8881e+00 +5.0397e+00 -5.6025e+00 +4.9987e+00 -5.1389e+00 -5.7460e+00 +5.0355e+00 -5.2482e+00
7377 +1.136868377e-13 +1.136868377e-13 +9.513200000e+02 +9.513200000e+02 -5.1321e+00 -5.5316e+00 +5.5199e+00 +5.4116e+00 +5.3074e+00 -5.1180e+00 -5.2476e+00 +5.0927e+00 -5.3035e+00 -5.0731e+00 -5.5051e+00 +6.5785e+00 -5.3299e+00 +5.0397e+00 -5.6025e+00 +5.7591e+00 -5.1389e+00 -5.7460e+00 +5.0055e+00 -5.2482e+00
% function evaluation | noise-free fitness - Fopt (-1.703300000000e+02) | best noise-free fitness - Fopt | measured fitness | best measured fitness | x1 | x2...
1 +3.392666424e+02 +3.392666424e+02 +1.689366424e+02 -1.703300000e+02 +3.1578e+00 -4.3483e+00 -1.2734e+00 +2.8149e+00 -4.7743e+00 -1.7713e-01 +1.0409e+00 -1.5015e+00 -4.1127e+00 +2.7581e+00 +1.5855e+00 +4.6365e+00 +4.4307e+00 -9.9033e-01 +1.3724e+00 -4.0420e+00 +2.7285e+00 +2.3486e+00 -3.7802e+00 -1.5523e+00
380 +2.018147275e+02 +2.018147275e+02 +3.148472747e+01 -1.703300000e+02 -4.3727e+00 -4.5870e+00 +4.6762e+00 -3.5395e+00 -9.6227e-01 -1.2156e+00 -7.8302e-01 +4.3971e+00 +3.7443e+00 +3.9294e+00 -3.4755e+00 +3.2309e+00 -4.1670e+00 +3.6621e+00 +1.0269e+00 -9.5374e-02 +2.6985e+00 +3.7073e+00 -4.7504e+00 -4.5359e+00
752 +1.382241644e+02 +1.382241644e+02 -3.210583563e+01 -1.703300000e+02 -4.3727e+00 -4.5870e+00 +4.6762e+00 -3.5395e+00 -9.6227e-01 -1.2156e+00 -2.7474e+00 +3.6995e+00 +4.7693e+00 -3.4861e+00 -3.4755e+00 +3.2309e+00 -4.1670e+00 +3.6621e+00 +3.7587e+00 +4.7123e+00 +2.6985e+00 +3.7073e+00 -4.7504e+00 -4.5359e+00
1120 +9.107337747e+01 +9.107337747e+01 -7.925662253e+01 -1.703300000e+02 -4.3727e+00 -4.5870e+00 +3.8139e+00 +2.4451e+00 -1.8838e+00 -1.2165e+00 +3.7875e+00 +4.1094e+00 +4.7693e+00 -3.4861e+00 +1.2798e+00 +2.5920e+00 -3.6986e+00 +2.4429e+00 +4.6223e+00 +4.7123e+00 +4.6111e+00 +3.7073e+00 -4.7504e+00 -4.5359e+00
2010 +6.132758484e+01 +6.132758484e+01 -1.090024152e+02 -1.703300000e+02 -4.3727e+00 -4.5870e+00 +4.0476e+00 +2.4451e+00 -4.5687e+00 -1.2165e+00 +3.7875e+00 +4.3169e+00 +4.7693e+00 -4.9559e+00 +4.9411e-01 +3.2309e+00 -4.1670e+00 +3.6621e+00 +4.6223e+00 +5.1122e+00 +4.6111e+00 +4.4890e+00 -4.7504e+00 -5.4537e+00
2914 +3.649071602e+01 +3.649071602e+01 -1.338392840e+02 -1.703300000e+02 -4.3727e+00 -4.5870e+00 +4.6762e+00 +2.4451e+00 -4.5687e+00 -4.4612e+00 +3.7875e+00 +4.9320e+00 +4.7693e+00 -4.9559e+00 +2.0827e+00 +3.2309e+00 -4.1670e+00 +4.9267e+00 +5.1401e+00 +4.7123e+00 +5.0898e+00 +4.4890e+00 -5.0323e+00 -5.0406e+00
3646 +2.511457051e+01 +2.511457051e+01 -1.452154295e+02 -1.703300000e+02 -5.4820e+00 -4.5870e+00 +5.2847e+00 +2.4451e+00 -4.5687e+00 -5.4409e+00 +3.7875e+00 +4.9320e+00 +4.7693e+00 -4.9559e+00 +2.0827e+00 +3.2309e+00 -5.2844e+00 +4.9267e+00 +5.0429e+00 +5.8562e+00 +5.0898e+00 +5.0408e+00 -5.0323e+00 -5.5694e+00
4374 +1.329770727e+01 +1.329770727e+01 -1.570322927e+02 -1.703300000e+02 -5.0008e+00 -4.5870e+00 +4.6762e+00 +4.6088e+00 -4.5687e+00 -4.4837e+00 +4.4878e+00 +4.9320e+00 +4.7693e+00 -4.9559e+00 +2.6496e+00 +5.1434e+00 -5.2844e+00 +4.9267e+00 +5.5137e+00 +5.1122e+00 +5.0898e+00 +5.0408e+00 -5.0323e+00 -5.0406e+00
5318 +8.369348365e+00 +8.369348365e+00 -1.619606516e+02 -1.703300000e+02 -5.0008e+00 -4.5870e+00 +5.0782e+00 +4.8710e+00 -4.5687e+00 -4.4837e+00 +4.4878e+00 +4.9320e+00 +5.2143e+00 -4.9559e+00 +3.7003e+00 +5.1434e+00 -5.2844e+00 +4.9267e+00 +5.5137e+00 +5.1122e+00 +5.0898e+00 +5.0408e+00 -5.0323e+00 -5.0406e+00
5686 +4.741656224e+00 +4.741656224e+00 -1.655883438e+02 -1.703300000e+02 -5.0008e+00 -4.5870e+00 +5.0782e+00 +4.8795e+00 -5.6296e+00 -4.4837e+00 +4.4878e+00 +4.9320e+00 +5.2143e+00 -4.9559e+00 +4.5680e+00 +5.1434e+00 -5.2844e+00 +4.9267e+00 +5.5137e+00 +5.1122e+00 +5.0898e+00 +5.0408e+00 -5.0323e+00 -5.0406e+00
5871 +3.751121255e+00 +3.751121255e+00 -1.665788787e+02 -1.703300000e+02 -5.0008e+00 -4.5870e+00 +5.0782e+00 +4.8710e+00 -5.6296e+00 -4.4837e+00 +4.9724e+00 +4.9320e+00 +5.2143e+00 -4.9559e+00 +4.5680e+00 +5.1434e+00 -5.2844e+00 +4.9267e+00 +5.5137e+00 +5.1122e+00 +5.0898e+00 +5.0264e+00 -5.0323e+00 -5.9258e+00
6420 +1.736067296e+00 +1.736067296e+00 -1.685939327e+02 -1.703300000e+02 -6.1182e+00 -4.5870e+00 +5.0782e+00 +4.8710e+00 -5.6296e+00 -4.7911e+00 +4.9724e+00 +4.9320e+00 +5.2143e+00 -4.9559e+00 +5.1952e+00 +5.1434e+00 -5.2844e+00 +4.9267e+00 +5.5137e+00 +5.1122e+00 +5.0898e+00 +5.0408e+00 -5.0323e+00 -5.0406e+00
6604 +1.031061515e+00 +1.031061515e+00 -1.692989385e+02 -1.703300000e+02 -5.0008e+00 -4.9541e+00 +5.0782e+00 +4.8710e+00 -5.6296e+00 -4.7911e+00 +4.9724e+00 +4.9320e+00 +5.2143e+00 -4.9559e+00 +5.1952e+00 +5.1434e+00 -5.2844e+00 +4.9868e+00 +5.5137e+00 +5.1122e+00 +5.0898e+00 +5.0408e+00 -5.0323e+00 -5.0406e+00
6787 +7.014002923e-01 +7.014002923e-01 -1.696285997e+02 -1.703300000e+02 -5.0008e+00 -5.1249e+00 +5.1447e+00 +5.0033e+00 -5.6296e+00 -5.2911e+00 +4.9724e+00 +4.9320e+00 +5.2143e+00 -4.9559e+00 +5.1952e+00 +5.1434e+00 -5.2844e+00 +4.9267e+00 +5.5137e+00 +5.1122e+00 +5.0898e+00 +5.0408e+00 -5.0323e+00 -5.0406e+00
6969 +4.107670818e-01 +4.107670818e-01 -1.699192329e+02 -1.703300000e+02 -5.0008e+00 -5.1249e+00 +5.1447e+00 +5.0033e+00 -5.6296e+00 -5.2911e+00 +4.9724e+00 +4.9320e+00 +5.2143e+00 -4.9559e+00 +5.1952e+00 +5.1434e+00 -5.2844e+00 +4.9868e+00 +5.5137e+00 +5.1122e+00 +5.0898e+00 +5.0408e+00 -5.0323e+00 -5.0406e+00
7148 +2.518735758e-01 +2.518735758e-01 -1.700781264e+02 -1.703300000e+02 -5.0008e+00 -5.1249e+00 +5.1447e+00 +5.0033e+00 -5.6296e+00 -5.1881e+00 +4.9724e+00 +5.4505e+00 +5.2143e+00 -4.9559e+00 +5.1952e+00 +6.0079e+00 -5.2844e+00 +4.9868e+00 +5.5137e+00 +5.3567e+00 +5.0898e+00 +5.0408e+00 -5.0323e+00 -5.0406e+00
7338 +1.883122798e-01 +1.883122798e-01 -1.701416877e+02 -1.703300000e+02 -5.0008e+00 -5.1249e+00 +5.1447e+00 +5.0033e+00 -5.6296e+00 -5.2911e+00 +4.9724e+00 +5.0060e+00 +5.2143e+00 -4.9559e+00 +5.0887e+00 +5.1434e+00 -5.2844e+00 +5.6413e+00 +5.5239e+00 +5.1122e+00 +5.0898e+00 +5.0264e+00 -5.0323e+00 -5.0406e+00
7530 +1.206005415e-01 +1.206005415e-01 -1.702093995e+02 -1.703300000e+02 -5.0008e+00 -5.1249e+00 +5.1447e+00 +5.0033e+00 -5.6296e+00 -5.2911e+00 +4.9724e+00 +5.0060e+00 +5.2143e+00 -5.5296e+00 +5.1952e+00 +5.1434e+00 -5.2844e+00 +4.9868e+00 +5.2854e+00 +5.1122e+00 +5.0898e+00 +5.0408e+00 -5.0323e+00 -5.0406e+00
7712 +5.703924543e-02 +5.703924543e-02 -1.702729608e+02 -1.703300000e+02 -5.0008e+00 -5.1249e+00 +5.1447e+00 +5.0033e+00 -5.6296e+00 -5.2911e+00 +4.9724e+00 +5.0060e+00 +5.2143e+00 -5.9468e+00 +5.1952e+00 +5.1434e+00 -5.2844e+00 +5.4896e+00 +5.5137e+00 +5.1122e+00 +5.0898e+00 +5.0408e+00 -5.1403e+00 -5.0406e+00
7893 +5.684341886e-14 +5.684341886e-14 -1.703300000e+02 -1.703300000e+02 -5.0008e+00 -5.1249e+00 +5.1447e+00 +5.0033e+00 -5.6296e+00 -5.2911e+00 +5.6113e+00 +5.0060e+00 +5.2143e+00 -5.2690e+00 +5.1952e+00 +5.1434e+00 -5.2844e+00 +5.6413e+00 +5.8474e+00 +5.1122e+00 +5.0898e+00 +5.0264e+00 -5.0323e+00 -5.0406e+00
% function evaluation | noise-free fitness - Fopt (4.136000000000e+01) | best noise-free fitness - Fopt | measured fitness | best measured fitness | x1 | x2...
1 +3.447911372e+02 +3.447911372e+02 +3.861511372e+02 +4.136000000e+01 -4.9109e+00 +2.4562e+00 -4.8201e+00 +3.4059e+00 +2.8758e+00 -1.7742e+00 +3.0464e+00 -2.7663e+00 -4.1843e+00 +3.2023e+00 +3.9871e+00 -3.8123e+00 +1.9187e+00 -4.2717e+00 -1.3587e+00 +4.1153e+00 +1.1725e+00 -2.6488e+00 -2.2756e+00 -6.4806e-01
398 +2.221703440e+02 +2.221703440e+02 +2.635303440e+02 +4.136000000e+01 -1.8936e+00 -1.4578e+00 -4.8996e+00 +5.5325e-02 +4.5689e+00 +1.8725e+00 -1.2542e+00 +3.8007e+00 +1.7094e+00 -2.6226e+00 -7.5210e-01 -4.1942e+00 +2.1288e+00 -9.3909e-01 -4.1753e+00 +5.2535e-01 +4.8435e+00 +4.5548e+00 +3.6142e+00 -4.7774e-01
792 +1.401550712e+02 +1.401550712e+02 +1.815150712e+02 +4.136000000e+01 +4.3665e+00 -3.7134e+00 +1.7006e+00 +4.7460e+00 +3.3211e+00 +3.5535e+00 -4.4800e+00 +3.0047e+00 -1.9938e+00 -1.6802e+00 -3.6944e+00 -4.8119e+00 +3.7138e+00 -2.9937e+00 -3.2482e+00 +6.9532e-01 +4.8435e+00 +4.5548e+00 +3.6142e+00 -4.1369e+00
1581 +8.289572639e+01 +8.289572639e+01 +1.242557264e+02 +4.136000000e+01 +4.3665e+00 -1.3740e+00 -4.9127e+00 +4.7460e+00 +3.3211e+00 +3.5535e+00 -4.4800e+00 +3.0047e+00 -4.0649e+00 +3.2913e+00 -3.6944e+00 -4.8119e+00 +3.7138e+00 -2.9937e+00 -3.2482e+00 +4.9064e+00 +4.8435e+00 +4.5548e+00 +3.6142e+00 -4.1369e+00
2165 +5.499746864e+01 +5.499746864e+01 +9.635746864e+01 +4.136000000e+01 +4.3665e+00 +4.4759e+00 -2.1699e+00 +4.7460e+00 +3.3423e+00 +3.5535e+00 -4.4800e+00 +3.0047e+00 -4.0649e+00 +4.1357e+00 -3.6944e+00 -4.8119e+00 +3.8585e+00 -3.2226e+00 -4.7311e+00 +5.7732e+00 +4.8435e+00 +4.7908e+00 +3.9632e+00 -4.8275e+00
3143 +3.910724953e+01 +3.910724953e+01 +8.046724953e+01 +4.136000000e+01 +4.3665e+00 +4.9461e+00 -2.2578e+00 +4.7460e+00 +3.3211e+00 +4.5498e+00 -4.4800e+00 +3.0047e+00 -4.0649e+00 +4.1357e+00 -4.4625e+00 -4.8119e+00 +4.6266e+00 -3.2226e+00 -4.7311e+00 +5.7732e+00 +4.8435e+00 +4.7908e+00 +4.8196e+00 -4.8275e+00
3928 +2.134074735e+01 +2.134074735e+01 +6.270074735e+01 +4.136000000e+01 +4.3665e+00 +4.9461e+00 -4.8996e+00 +4.7460e+00 +3.3211e+00 +4.5498e+00 -4.4800e+00 +3.5390e+00 -4.0649e+00 +5.4710e+00 -4.4625e+00 -4.8119e+00 +4.6266e+00 -4.8594e+00 -4.7311e+00 +5.5867e+00 +5.3971e+00 +4.7908e+00 +4.8196e+00 -4.9856e+00
4910 +1.466480947e+01 +1.466480947e+01 +5.602480947e+01 +4.136000000e+01 +4.3665e+00 +4.9461e+00 -5.1581e+00 +4.7460e+00 +3.3211e+00 +5.0356e+00 -4.4800e+00 +4.1303e+00 -4.0649e+00 +5.4710e+00 -4.7767e+00 -5.4613e+00 +4.6266e+00 -5.0071e+00 -5.2557e+00 +5.5867e+00 +5.3971e+00 +4.8451e+00 +4.8196e+00 -4.9856e+00
5497 +9.236735090e+00 +9.236735090e+00 +5.059673509e+01 +4.136000000e+01 +4.3665e+00 +5.1436e+00 -5.1581e+00 +4.7460e+00 +3.9008e+00 +5.0356e+00 -4.4800e+00 +4.5179e+00 -4.0649e+00 +5.4710e+00 -6.0319e+00 -5.4613e+00 +5.2447e+00 -5.0071e+00 -5.2877e+00 +5.5867e+00 +5.3971e+00 +4.7908e+00 +5.0570e+00 -4.9856e+00
6082 +6.034905054e+00 +6.034905054e+00 +4.739490505e+01 +4.136000000e+01 +4.9737e+00 +4.9461e+00 -5.1581e+00 +4.8780e+00 +3.9008e+00 +5.0356e+00 -4.4800e+00 +4.5179e+00 -4.3774e+00 +6.1565e+00 -6.0319e+00 -5.4613e+00 +5.2447e+00 -5.0071e+00 -5.2877e+00 +5.5867e+00 +6.1963e+00 +5.2470e+00 +5.0570e+00 -4.9856e+00
7059 +2.745095010e+00 +2.745095010e+00 +4.410509501e+01 +4.136000000e+01 +4.9737e+00 +4.9461e+00 -5.1581e+00 +4.9178e+00 +4.2458e+00 +5.0356e+00 -4.5485e+00 +4.8985e+00 -5.0689e+00 +6.1565e+00 -6.0319e+00 -5.4613e+00 +5.2447e+00 -5.0071e+00 -5.2877e+00 +5.5867e+00 +6.1963e+00 +5.2470e+00 +5.0570e+00 -4.9856e+00
7257 +1.997229206e+00 +1.997229206e+00 +4.335722921e+01 +4.136000000e+01 +4.9737e+00 +5.1436e+00 -5.1581e+00 +4.7460e+00 +4.2458e+00 +5.0356e+00 -5.1625e+00 +4.8985e+00 -5.0689e+00 +6.1565e+00 -6.0319e+00 -5.4613e+00 +5.2447e+00 -5.0071e+00 -5.2877e+00 +5.5867e+00 +6.1963e+00 +5.2470e+00 +5.0570e+00 -4.9856e+00
7651 +1.581820628e+00 +1.581820628e+00 +4.294182063e+01 +4.136000000e+01 +4.9737e+00 +5.1436e+00 -5.1581e+00 +4.9178e+00 +4.3022e+00 +5.0356e+00 -5.5144e+00 +4.9313e+00 -5.0689e+00 +6.1565e+00 -6.0319e+00 -5.4613e+00 +5.2447e+00 -5.0071e+00 -5.2877e+00 +5.5867e+00 +6.1963e+00 +5.2470e+00 +5.0570e+00 -4.9856e+00
9018 +3.339650345e-01 +3.339650345e-01 +4.169396503e+01 +4.136000000e+01 +5.1946e+00 +5.1436e+00 -5.1581e+00 +4.9178e+00 +4.8671e+00 +5.0356e+00 -5.5144e+00 +5.7169e+00 -5.0689e+00 +6.1565e+00 -6.0319e+00 -5.4613e+00 +5.2447e+00 -5.2939e+00 -5.2877e+00 +5.5867e+00 +6.3723e+00 +5.0647e+00 +5.0570e+00 -5.8368e+00
9418 +2.157229261e-01 +2.157229261e-01 +4.157572293e+01 +4.136000000e+01 +5.1946e+00 +5.1436e+00 -5.2517e+00 +5.6445e+00 +4.8671e+00 +5.0356e+00 -5.5144e+00 +5.7169e+00 -5.0689e+00 +6.1565e+00 -6.0319e+00 -5.4613e+00 +5.2447e+00 -5.2939e+00 -5.2877e+00 +5.5867e+00 +6.1963e+00 +5.0647e+00 +5.0570e+00 -5.8368e+00
9608 +7.105427358e-14 +7.105427358e-14 +4.136000000e+01 +4.136000000e+01 +5.1946e+00 +5.1436e+00 -5.2517e+00 +5.6445e+00 +5.2173e+00 +5.0356e+00 -5.5144e+00 +5.7169e+00 -5.0689e+00 +6.1565e+00 -6.0319e+00 -5.4613e+00 +5.2447e+00 -5.0071e+00 -5.2877e+00 +5.5867e+00 +6.1963e+00 +5.2470e+00 +5.0570e+00 -5.8368e+00
% function evaluation | noise-free fitness - Fopt (2.583700000000e+02) | best noise-free fitness - Fopt | measured fitness | best measured fitness | x1 | x2...
1 +3.692606864e+02 +3.692606864e+02 +6.276306864e+02 +2.583700000e+02 +2.3689e+00 -5.3416e-02 +7.2061e-03 -2.9338e+00 +2.0921e+00 -3.8742e+00 +3.1733e+00 +2.1447e+00 +1.6917e+00 -3.0858e+00 +2.3875e+00 -3.1627e+00 +4.1693e+00 -7.0275e-01 -4.9365e+00 +1.1543e-01 +4.8929e+00 +4.6215e+00 -2.6188e+00 +4.6190e+00
385 +2.137438071e+02 +2.137438071e+02 +4.721138071e+02 +2.583700000e+02 -2.9858e+00 +2.6604e+00 -3.6561e+00 +2.3664e-01 +2.4870e-01 -4.0633e+00 -6.0378e-01 +3.5679e+00 +1.8606e+00 +7.6901e-01 +1.2076e+00 +3.0396e+00 +1.0422e+00 +3.2307e+00 +2.4678e+00 -1.4259e+00 +2.5616e+00 -9.8936e-02 -4.3667e+00 -4.8986e+00
757 +1.320717036e+02 +1.320717036e+02 +3.904417036e+02 +2.583700000e+02 -9.3242e-01 +2.6604e+00 -3.6561e+00 +2.3664e-01 +2.4870e-01 -4.0633e+00 -6.0378e-01 +3.5679e+00 +4.6005e+00 -4.8358e+00 -2.8037e+00 +3.7784e+00 +4.3718e+00 +4.4608e+00 +9.7891e-01 -4.9655e+00 +2.0719e+00 +4.9583e+00 -3.1027e+00 -3.3565e+00
1128 +9.439961019e+01 +9.439961019e+01 +3.527696102e+02 +2.583700000e+02 -2.9858e+00 +2.6604e+00 -3.6561e+00 +2.3664e-01 +2.4870e-01 -4.0633e+00 -6.0378e-01 +3.5679e+00 +4.6005e+00 -4.8358e+00 -2.8037e+00 +3.7784e+00 +4.3718e+00 +4.4608e+00 +9.7891e-01 -4.9655e+00 +4.9773e+00 +4.9583e+00 -3.1027e+00 -4.8986e+00
1849 +6.288678978e+01 +6.288678978e+01 +3.212567898e+02 +2.583700000e+02 -2.9858e+00 +2.6604e+00 -3.6561e+00 +2.0008e+00 +2.4870e-01 -4.0633e+00 -9.6875e-01 +3.3314e+00 +4.6005e+00 -4.8358e+00 -2.8037e+00 +3.7784e+00 +4.3718e+00 +4.4608e+00 +3.7902e+00 -4.9655e+00 +4.9773e+00 +4.9583e+00 -4.6193e+00 -4.8986e+00
3519 +3.955239698e+01 +3.955239698e+01 +2.979223970e+02 +2.583700000e+02 -3.3939e+00 +2.6604e+00 -4.1060e+00 +3.0949e+00 +2.4870e-01 -4.0633e+00 -3.1931e+00 +3.5679e+00 +4.6848e+00 -4.8358e+00 -4.0066e+00 +4.8312e+00 +5.0391e+00 +4.4608e+00 +4.2030e+00 -4.9655e+00 +4.9989e+00 +4.9583e+00 -4.7617e+00 -5.2063e+00
5716 +2.415213596e+01 +2.415213596e+01 +2.825221360e+02 +2.583700000e+02 -2.9858e+00 +3.0132e+00 -4.1060e+00 +3.0949e+00 +2.4870e-01 -4.4443e+00 -3.6554e+00 +4.4760e+00 +5.2413e+00 -4.8358e+00 -4.5145e+00 +5.1948e+00 +5.0391e+00 +5.5488e+00 +4.9056e+00 -5.1978e+00 +4.9989e+00 +4.9583e+00 -4.9655e+00 -5.2063e+00
7373 +1.544479975e+01 +1.544479975e+01 +2.738147997e+02 +2.583700000e+02 -4.9058e+00 +3.0132e+00 -5.2404e+00 +3.7514e+00 +6.0020e-01 -4.4263e+00 -4.1609e+00 +4.7636e+00 +5.2413e+00 -4.8358e+00 -5.1843e+00 +5.1948e+00 +5.0391e+00 +5.5488e+00 +4.9993e+00 -5.1978e+00 +4.9989e+00 +4.9583e+00 -5.4334e+00 -5.2063e+00
9410 +9.880661359e+00 +9.880661359e+00 +2.682506614e+02 +2.583700000e+02 -4.9058e+00 +3.0132e+00 -5.2404e+00 +4.1901e+00 +1.3590e+00 -5.6591e+00 -4.9346e+00 +5.8694e+00 +5.2413e+00 -5.4617e+00 -5.1843e+00 +5.1948e+00 +5.0391e+00 +5.5488e+00 +4.9993e+00 -5.8125e+00 +5.6055e+00 +4.9583e+00 -5.4334e+00 -5.2063e+00
17964 +5.933905195e+00 +5.933905195e+00 +2.643039052e+02 +2.583700000e+02 -2.8585e+00 +5.4789e+00 -4.8814e+00 +5.2394e+00 +5.1832e+00 -5.3734e+00 -3.2501e+00 +5.8928e+00 +5.0567e+00 -5.3478e+00 -5.3048e+00 +5.2923e+00 +5.7191e+00 +5.4778e+00 +4.9962e+00 -5.0146e+00 +5.1462e+00 +5.5824e+00 -5.7837e+00 -5.1372e+00
18354 +2.390386041e+00 +2.390386041e+00 +2.607603860e+02 +2.583700000e+02 -3.7524e+00 +5.6589e+00 -4.8814e+00 +5.4058e+00 +5.1832e+00 -5.2551e+00 -4.5806e+00 +5.8928e+00 +5.0567e+00 -5.9796e+00 -5.3048e+00 +6.5943e+00 +4.9759e+00 +5.4778e+00 +4.9962e+00 -5.0137e+00 +5.1462e+00 +5.5824e+00 -5.7171e+00 -5.1372e+00
18936 +1.318973296e+00 +1.318973296e+00 +2.596889733e+02 +2.583700000e+02 -4.7204e+00 +5.6589e+00 -4.8814e+00 +5.4058e+00 +5.1832e+00 -5.2551e+00 -4.5806e+00 +5.8928e+00 +5.0567e+00 -5.9796e+00 -5.3048e+00 +5.4966e+00 +5.7191e+00 +5.4778e+00 +4.9962e+00 -5.0146e+00 +5.1462e+00 +5.5824e+00 -5.7171e+00 -5.1372e+00
19130 +9.295188006e-01 +9.295188006e-01 +2.592995188e+02 +2.583700000e+02 -4.1943e+00 +5.6589e+00 -5.4533e+00 +5.4058e+00 +5.1832e+00 -5.2551e+00 -5.1256e+00 +5.8928e+00 +5.0567e+00 -5.9796e+00 -5.3048e+00 +6.5943e+00 +4.9759e+00 +5.4778e+00 +4.9962e+00 -5.0137e+00 +5.1462e+00 +5.5824e+00 -5.7171e+00 -5.1372e+00
19327 +2.796007664e-01 +2.796007664e-01 +2.586496008e+02 +2.583700000e+02 -4.7204e+00 +5.6589e+00 -5.4533e+00 +5.4058e+00 +5.1832e+00 -5.2551e+00 -5.1256e+00 +5.8928e+00 +5.0567e+00 -5.9796e+00 -5.3048e+00 +6.5943e+00 +5.1829e+00 +5.4778e+00 +5.3935e+00 -5.0137e+00 +5.1462e+00 +5.5824e+00 -5.7171e+00 -5.1372e+00
28659 +8.623612072e-02 +8.623612072e-02 +2.584562361e+02 +2.583700000e+02 -5.0022e+00 +5.0260e+00 -5.4412e+00 +5.1978e+00 +5.4790e+00 -4.9772e+00 -4.9785e+00 +5.5317e+00 +5.5900e+00 -5.5447e+00 -5.0529e+00 +6.0839e+00 +5.0270e+00 +5.1546e+00 +5.7462e+00 -5.3893e+00 +5.0353e+00 +5.5915e+00 -5.3738e+00 -5.6667e+00
37104 +4.216126625e-02 +4.216126625e-02 +2.584121613e+02 +2.583700000e+02 -5.7663e+00 +5.2410e+00 -5.3589e+00 +5.0310e+00 +5.5142e+00 -5.3985e+00 -5.8480e+00 +6.3982e+00 +5.7300e+00 -5.1275e+00 -5.4619e+00 +4.9889e+00 +5.0423e+00 +5.5414e+00 +6.1635e+00 -5.0989e+00 +5.6654e+00 +5.4671e+00 -5.1004e+00 -5.4219e+00
37290 +1.136868377e-13 +1.136868377e-13 +2.583700000e+02 +2.583700000e+02 -5.7663e+00 +5.2410e+00 -5.3589e+00 +5.0111e+00 +5.5142e+00 -5.3985e+00 -5.8480e+00 +6.3982e+00 +5.7300e+00 -5.1275e+00 -5.4619e+00 +5.1780e+00 +5.0423e+00 +5.1124e+00 +5.3099e+00 -5.0989e+00 +5.2257e+00 +5.4611e+00 -5.2283e+00 -5.4219e+00
% function evaluation | noise-free fitness - Fopt (-7.520000000000e+00) | best noise-free fitness - Fopt | measured fitness | best measured fitness | x1 | x2...
1 +3.697683537e+02 +3.697683537e+02 +3.622483537e+02 -7.520000000e+00 -1.3341e+00 +2.7598e+00 -2.8343e+00 +4.1083e+00 +2.0801e+00 +2.1234e+00 -1.8747e+00 -2.0909e+00 -3.3797e+00 -7.8119e-01 +1.2984e+00 -3.5462e+00 +2.5132e+00 -4.0370e+00 -1.4497e+00 +1.5141e+00 +2.1123e+00 +4.6615e+00 +4.5460e+00 -4.2841e+00
384 +1.816628709e+02 +1.816628709e+02 +1.741428709e+02 -7.520000000e+00 -3.0867e+00 +1.6619e+00 -3.9936e+00 +4.2002e+00 -7.7493e-01 +1.6624e+00 +4.3848e+00 -4.6316e+00 -4.7162e+00 +2.9031e+00 +4.5404e+00 -2.4306e+00 +3.2298e+00 -1.9563e+00 +3.2196e+00 +3.6365e+00 +4.9554e+00 -4.6685e+00 -2.3548e+00 -1.3631e+00
726 +1.330311330e+02 +1.330311330e+02 +1.255111330e+02 -7.520000000e+00 +1.3723e+00 +1.1569e+00 -3.7512e+00 -2.6801e+00 +3.3206e+00 -1.1858e+00 +4.4679e+00 -4.0908e+00 -1.6916e+00 +2.7107e+00 +4.9968e+00 -2.4306e+00 +3.2298e+00 -1.9563e+00 +3.2196e+00 +3.6365e+00 +4.9554e+00 -4.6685e+00 -3.5578e+00 -3.3746e+00
905 +9.487506752e+01 +9.487506752e+01 +8.735506752e+01 -7.520000000e+00 +3.5477e+00 +4.9541e+00 +2.7091e+00 -3.7322e+00 +1.2507e+00 -4.7992e+00 +3.8636e+00 -2.6787e+00 -4.7162e+00 +2.9031e+00 +4.5404e+00 -2.4306e+00 +3.2298e+00 -1.9563e+00 +3.2196e+00 +3.6365e+00 +4.9554e+00 -4.6685e+00 -3.5578e+00 -4.9967e+00
1992 +6.217407293e+01 +6.217407293e+01 +5.465407293e+01 -7.520000000e+00 +3.5477e+00 +4.9541e+00 +2.8697e+00 -3.7322e+00 +2.0118e+00 -4.7992e+00 +3.8636e+00 -4.6316e+00 -4.7162e+00 +3.7290e+00 +4.9968e+00 -2.4306e+00 +4.1417e+00 -4.1931e+00 +3.2196e+00 +4.9343e+00 +4.9554e+00 -4.6685e+00 -3.5578e+00 -4.9967e+00
3428 +3.520855153e+01 +3.520855153e+01 +2.768855153e+01 -7.520000000e+00 +3.5477e+00 +4.9541e+00 +2.8697e+00 -3.7322e+00 +2.7305e+00 -4.7992e+00 +4.5276e+00 -5.5021e+00 -4.7162e+00 +3.7290e+00 +4.9968e+00 -3.5207e+00 +4.8877e+00 -4.1931e+00 +4.0582e+00 +4.9343e+00 +6.0814e+00 -5.0673e+00 -4.5454e+00 -4.9967e+00
4159 +2.490442895e+01 +2.490442895e+01 +1.738442895e+01 -7.520000000e+00 +3.5477e+00 +4.8820e+00 +2.8697e+00 -3.7322e+00 +2.7305e+00 -4.7992e+00 +4.5276e+00 -5.5021e+00 -4.7162e+00 +4.0578e+00 +4.9968e+00 -3.5207e+00 +4.8877e+00 -4.4661e+00 +4.8025e+00 +4.9343e+00 +6.0814e+00 -5.0673e+00 -5.8312e+00 -4.9967e+00
4883 +1.518797254e+01 +1.518797254e+01 +7.667972544e+00 -7.520000000e+00 +3.5477e+00 +4.9541e+00 +3.3416e+00 -5.2522e+00 +2.7305e+00 -4.7992e+00 +5.0897e+00 -5.5021e+00 -4.7162e+00 +4.9228e+00 +4.9968e+00 -3.5207e+00 +4.8877e+00 -5.2466e+00 +5.4601e+00 +4.9343e+00 +6.0814e+00 -5.0673e+00 -5.8312e+00 -4.9967e+00
5774 +8.382004504e+00 +8.382004504e+00 +8.620045041e-01 -7.520000000e+00 +3.5477e+00 +4.9541e+00 +3.9674e+00 -5.2522e+00 +3.0956e+00 -4.7992e+00 +5.0897e+00 -5.7994e+00 -4.7162e+00 +4.9228e+00 +4.9968e+00 -4.8420e+00 +4.8877e+00 -5.2466e+00 +5.4601e+00 +5.3111e+00 +6.0814e+00 -5.0673e+00 -5.8312e+00 -4.9967e+00
6323 +5.867502843e+00 +5.867502843e+00 -1.652497157e+00 -7.520000000e+00 +3.5477e+00 +5.6187e+00 +4.0794e+00 -5.2522e+00 +4.5178e+00 -4.7992e+00 +5.0897e+00 -5.5021e+00 -4.7162e+00 +4.9228e+00 +5.8840e+00 -4.8420e+00 +4.8877e+00 -5.2466e+00 +5.4601e+00 +5.0597e+00 +6.0814e+00 -5.0673e+00 -5.8312e+00 -4.9967e+00
6870 +3.762465037e+00 +3.762465037e+00 -3.757534963e+00 -7.520000000e+00 +3.5477e+00 +4.9541e+00 +4.4913e+00 -5.2522e+00 +5.2003e+00 -5.0731e+00 +5.0897e+00 -5.5021e+00 -4.7162e+00 +4.9228e+00 +5.8840e+00 -4.8420e+00 +5.1584e+00 -5.2466e+00 +5.4601e+00 +5.8525e+00 +6.0814e+00 -5.1029e+00 -5.8312e+00 -4.9967e+00
7225 +1.612638480e+00 +1.612638480e+00 -5.907361520e+00 -7.520000000e+00 +4.1309e+00 +4.9541e+00 +4.4913e+00 -5.2522e+00 +5.2003e+00 -5.0731e+00 +5.0897e+00 -5.5021e+00 -5.4483e+00 +5.0076e+00 +4.9968e+00 -5.1249e+00 +5.1584e+00 -5.0969e+00 +5.4601e+00 +5.0597e+00 +6.0814e+00 -5.0673e+00 -5.8312e+00 -4.9967e+00
7409 +1.555103435e+00 +1.555103435e+00 -5.964896565e+00 -7.520000000e+00 +4.1885e+00 +4.9541e+00 +4.4913e+00 -5.2522e+00 +5.2003e+00 -5.0731e+00 +5.0897e+00 -5.5021e+00 -5.4483e+00 +5.0076e+00 +4.9968e+00 -5.1249e+00 +5.1584e+00 -5.0969e+00 +5.4601e+00 +5.0597e+00 +6.0814e+00 -5.0673e+00 -5.8312e+00 -4.9967e+00
7591 +7.797766386e-01 +7.797766386e-01 -6.740223361e+00 -7.520000000e+00 +4.9531e+00 +4.9541e+00 +4.4913e+00 -5.2522e+00 +5.2003e+00 -5.0731e+00 +5.0897e+00 -5.5021e+00 -5.4483e+00 +5.0076e+00 +5.2167e+00 -5.1249e+00 +5.1584e+00 -5.0969e+00 +5.4601e+00 +5.0597e+00 +6.0814e+00 -5.0673e+00 -5.8312e+00 -4.9967e+00
8132 +9.533599593e-02 +9.533599593e-02 -7.424664004e+00 -7.520000000e+00 +5.4614e+00 +4.9541e+00 +5.4206e+00 -5.2522e+00 +5.2003e+00 -5.0731e+00 +5.0897e+00 -5.6249e+00 -5.4483e+00 +5.0076e+00 +4.9968e+00 -5.1249e+00 +5.1584e+00 -5.7884e+00 +5.4601e+00 +5.0597e+00 +6.0814e+00 -5.1029e+00 -5.8312e+00 -4.9967e+00
8315 +6.243064790e-02 +6.243064790e-02 -7.457569352e+00 -7.520000000e+00 +5.4614e+00 +4.9541e+00 +5.4206e+00 -5.2522e+00 +5.2003e+00 -5.0731e+00 +5.0897e+00 -5.6249e+00 -5.4483e+00 +5.0076e+00 +4.9968e+00 -5.1249e+00 +5.1584e+00 -5.2466e+00 +5.4601e+00 +5.1223e+00 +6.0814e+00 -5.1029e+00 -5.5175e+00 -5.4405e+00
8853 +7.460698725e-14 +7.460698725e-14 -7.520000000e+00 -7.520000000e+00 +5.1377e+00 +5.1351e+00 +5.4206e+00 -5.2522e+00 +5.2003e+00 -5.0731e+00 +5.0897e+00 -5.5021e+00 -5.4483e+00 +5.0076e+00 +5.2167e+00 -5.1249e+00 +5.1584e+00 -5.2466e+00 +5.4601e+00 +5.1223e+00 +6.0814e+00 -5.1029e+00 -5.8312e+00 -5.4405e+00
% function evaluation | noise-free fitness - Fopt (2.477800000000e+02) | best noise-free fitness - Fopt | measured fitness | best measured fitness | x1 | x2...
1 +3.355127873e+02 +3.355127873e+02 +5.832927873e+02 +2.477800000e+02 +1.6533e+00 +5.2409e-01 -3.7441e+00 -2.1885e+00 +7.1856e-01 -3.6731e+00 -4.4653e+00 +2.0057e+00 -1.1559e+00 +2.8282e+00 +4.8037e+00 +3.5835e+00 +8.2460e-01 -1.4438e+00 +1.5322e+00 -7.0418e-01 -3.7326e+00 +4.6428e+00 +4.3029e+00 +4.9960e+00
400 +2.124115514e+02 +2.124115514e+02 +4.601915514e+02 +2.477800000e+02 -4.2976e+00 -2.5906e+00 +6.6422e-01 -3.5528e+00 -4.2486e+00 +1.2353e+00 +1.8206e+00 -1.3106e+00 -3.7379e+00 -4.5320e+00 -2.7408e+00 +1.1498e-01 -2.4307e-01 +4.7697e+00 -2.7356e+00 -1.1721e+00 +3.0616e+00 +2.0080e+00 +2.3846e+00 +4.7522e+00
1000 +1.359240899e+02 +1.359240899e+02 +3.837040899e+02 +2.477800000e+02 -4.2976e+00 +3.8327e+00 +3.7414e+00 -3.5528e+00 -4.2486e+00 +1.2353e+00 +1.8206e+00 -1.3106e+00 -3.7379e+00 -4.3495e+00 +4.4245e+00 -3.0087e+00 +4.4704e+00 +4.1222e+00 -2.7356e+00 -1.1721e+00 +3.7128e+00 +3.0733e+00 +2.3846e+00 +4.7522e+00
1600 +9.345459962e+01 +9.345459962e+01 +3.412345996e+02 +2.477800000e+02 -4.2976e+00 +3.8327e+00 +2.4514e-01 -4.0647e+00 -2.5062e+00 +4.6858e+00 +3.3012e+00 -1.3106e+00 -3.7379e+00 -4.5320e+00 +4.9822e+00 -3.6781e+00 +4.5369e+00 +5.1312e+00 -2.8466e+00 -3.6019e+00 +3.7128e+00 +4.9309e+00 +2.3846e+00 +4.7522e+00
2400 +6.255205509e+01 +6.255205509e+01 +3.103320551e+02 +2.477800000e+02 -4.2976e+00 +3.8327e+00 +3.8030e+00 -2.5133e+00 -4.2486e+00 +4.6858e+00 +3.3012e+00 -3.5086e+00 -5.3168e+00 -4.5320e+00 +4.9822e+00 -3.6781e+00 +4.8422e+00 +5.1312e+00 -4.3966e+00 -3.6019e+00 +3.6094e+00 +4.9309e+00 +3.3176e+00 +4.7522e+00
3200 +3.574177345e+01 +3.574177345e+01 +2.835217735e+02 +2.477800000e+02 -4.2976e+00 +4.5259e+00 +4.0788e+00 -2.5133e+00 -4.2486e+00 +4.6858e+00 +4.6268e+00 -3.5086e+00 -5.3168e+00 -4.5320e+00 +4.9822e+00 -3.6781e+00 +4.8422e+00 +5.1312e+00 -4.3966e+00 -4.7521e+00 +4.7848e+00 +4.9309e+00 +3.9785e+00 +4.9346e+00
3998 +2.240361444e+01 +2.240361444e+01 +2.701836144e+02 +2.477800000e+02 -4.2976e+00 +4.2589e+00 +4.0788e+00 -2.5569e+00 -4.2486e+00 +4.6858e+00 +4.6268e+00 -4.5975e+00 -5.3168e+00 -5.2052e+00 +4.9822e+00 -4.0288e+00 +4.8422e+00 +5.1312e+00 -4.3966e+00 -4.7521e+00 +4.7848e+00 +4.9309e+00 +4.9166e+00 +4.9346e+00
4596 +1.351838177e+01 +1.351838177e+01 +2.612983818e+02 +2.477800000e+02 -4.9987e+00 +3.8327e+00 +4.0788e+00 -3.5528e+00 -4.2486e+00 +4.9367e+00 +4.6841e+00 -4.5975e+00 -5.3168e+00 -5.2052e+00 +4.9822e+00 -4.7430e+00 +4.8422e+00 +5.1312e+00 -5.0644e+00 -4.7521e+00 +4.7848e+00 +4.9309e+00 +4.9166e+00 +5.8616e+00
5190 +9.253487238e+00 +9.253487238e+00 +2.570334872e+02 +2.477800000e+02 -4.9987e+00 +4.5259e+00 +4.0788e+00 -3.5528e+00 -4.2486e+00 +4.6858e+00 +4.6268e+00 -5.1435e+00 -5.3168e+00 -5.2052e+00 +4.9822e+00 -4.9932e+00 +5.1502e+00 +5.7050e+00 -5.0644e+00 -4.7521e+00 +5.6444e+00 +4.9309e+00 +4.9166e+00 +5.8616e+00
5790 +5.204704791e+00 +5.204704791e+00 +2.529847048e+02 +2.477800000e+02 -4.9987e+00 +5.0305e+00 +4.0788e+00 -4.4335e+00 -4.2486e+00 +5.8076e+00 +4.6841e+00 -5.1577e+00 -5.3168e+00 -5.2052e+00 +4.9822e+00 -5.8511e+00 +5.1502e+00 +5.1312e+00 -5.0644e+00 -5.3394e+00 +5.6444e+00 +4.9309e+00 +4.9166e+00 +6.5595e+00
6190 +3.019046180e+00 +3.019046180e+00 +2.507990462e+02 +2.477800000e+02 -4.9987e+00 +5.3913e+00 +4.4516e+00 -4.4335e+00 -4.9641e+00 +5.1381e+00 +4.6268e+00 -5.0205e+00 -5.3168e+00 -5.2052e+00 +4.9685e+00 -4.9932e+00 +5.1502e+00 +5.1312e+00 -5.0644e+00 -5.3394e+00 +5.8207e+00 +4.9309e+00 +5.0723e+00 +6.5595e+00
6590 +1.410499078e+00 +1.410499078e+00 +2.491904991e+02 +2.477800000e+02 -4.9987e+00 +5.9728e+00 +5.6858e+00 -4.9101e+00 -4.2486e+00 +5.6628e+00 +5.0361e+00 -5.1435e+00 -5.3168e+00 -5.2257e+00 +4.9822e+00 -5.1620e+00 +5.0196e+00 +5.1312e+00 -5.0644e+00 -5.3394e+00 +5.8207e+00 +5.2451e+00 +5.0723e+00 +6.3024e+00
6790 +3.065023836e-01 +3.065023836e-01 +2.480865024e+02 +2.477800000e+02 -4.9987e+00 +5.9728e+00 +5.6858e+00 -4.9101e+00 -5.2579e+00 +4.9367e+00 +5.0807e+00 -5.0205e+00 -5.3168e+00 -5.2257e+00 +4.9822e+00 -5.1620e+00 +5.0196e+00 +5.1312e+00 -5.0644e+00 -5.3394e+00 +5.8207e+00 +5.2451e+00 +5.0723e+00 +5.6997e+00
6988 +2.266935873e-01 +2.266935873e-01 +2.480066936e+02 +2.477800000e+02 -4.9987e+00 +5.0305e+00 +5.6858e+00 -4.9419e+00 -5.2579e+00 +4.9367e+00 +5.0807e+00 -5.0205e+00 -5.3168e+00 -5.2052e+00 +5.0821e+00 -4.9932e+00 +5.1502e+00 +5.1312e+00 -5.0644e+00 -5.8950e+00 +5.8207e+00 +5.2451e+00 +5.0723e+00 +6.3024e+00
7188 +1.306150389e-01 +1.306150389e-01 +2.479106150e+02 +2.477800000e+02 -4.9987e+00 +5.9728e+00 +5.6858e+00 -4.9101e+00 -5.2579e+00 +5.3302e+00 +5.0807e+00 -5.0205e+00 -5.3168e+00 -5.2052e+00 +5.0821e+00 -5.1620e+00 +5.0196e+00 +5.1312e+00 -5.0644e+00 -5.3394e+00 +5.9995e+00 +5.5610e+00 +5.0723e+00 +5.6997e+00
7588 +1.331442837e-03 +1.331442837e-03 +2.477813314e+02 +2.477800000e+02 -4.9987e+00 +5.9728e+00 +5.6858e+00 -5.1797e+00 -5.2579e+00 +5.6628e+00 +5.0807e+00 -5.0205e+00 -5.3168e+00 -5.2257e+00 +5.0821e+00 -5.1620e+00 +5.0196e+00 +5.1312e+00 -5.0644e+00 -5.3394e+00 +5.8207e+00 +5.2451e+00 +5.0723e+00 +6.6501e+00
7986 +8.526512829e-14 +8.526512829e-14 +2.477800000e+02 +2.477800000e+02 -5.0572e+00 +5.9728e+00 +5.6858e+00 -5.1797e+00 -5.2579e+00 +5.6628e+00 +5.0807e+00 -5.1435e+00 -5.3168e+00 -5.2052e+00 +5.2791e+00 -5.1620e+00 +5.0196e+00 +5.1312e+00 -5.7360e+00 -5.3394e+00 +5.6030e+00 +5.2451e+00 +5.3040e+00 +7.0987e+00
% function evaluation | noise-free fitness - Fopt (-1.722000000000e+01) | best noise-free fitness - Fopt | measured fitness | best measured fitness | x1 | x2...
1 +4.570197083e+02 +4.570197083e+02 +4.397997083e+02 -1.722000000e+01 +2.5623e-01 -1.6926e+00 -2.7669e+00 +2.3112e+00 +2.1601e-01 +2.6035e-01 +4.8519e+00 -1.8661e+00 -4.2141e-02 -2.2915e+00 +1.3047e+00 -3.9989e-01 +2.8450e+00 -4.3199e+00 +4.1410e+00 +2.5669e+00 +4.7638e+00 +2.0156e+00 -4.1075e+00 -5.1419e-01
382 +2.045848440e+02 +2.045848440e+02 +1.873648440e+02 -1.722000000e+01 +2.0357e+00 -4.0949e+00 +1.0532e+00 +3.2677e+00 +2.8000e+00 -2.0846e+00 -4.9712e+00 +3.5945e+00 -4.3606e+00 +3.0765e+00 +3.3822e+00 -3.1834e+00 +4.0165e+00 +2.8472e+00 -3.3583e+00 -2.9620e+00 -3.5415e+00 -3.8570e+00 -4.7248e+00 +2.8781e+00
910 +1.192958526e+02 +1.192958526e+02 +1.020758526e+02 -1.722000000e+01 -4.0343e+00 +4.9928e+00 +1.9946e+00 +2.0276e+00 -4.7541e-01 -4.3878e+00 -4.8660e+00 +4.6103e+00 +1.1878e+00 +3.6347e+00 +4.0672e+00 -3.1834e+00 +4.0165e+00 +2.8472e+00 -3.3583e+00 +4.7135e+00 -2.3245e+00 -3.8570e+00 -4.8167e+00 +3.5486e+00
1429 +9.827854232e+01 +9.827854232e+01 +8.105854232e+01 -1.722000000e+01 -2.7817e+00 +3.2503e+00 +3.4369e-01 -1.4804e-01 +4.7005e+00 -3.0030e+00 -4.8660e+00 +4.6103e+00 +1.1878e+00 +3.6347e+00 +4.0672e+00 -3.1834e+00 +4.0165e+00 +2.8472e+00 -3.3583e+00 +4.7135e+00 -3.5415e+00 -4.5245e+00 -4.7248e+00 +3.9946e+00
2639 +5.894528852e+01 +5.894528852e+01 +4.172528852e+01 -1.722000000e+01 -2.7817e+00 +4.9928e+00 +1.9946e+00 -1.4804e-01 +4.7005e+00 -4.3878e+00 -4.8082e+00 +4.7192e+00 +1.1878e+00 +3.1763e+00 +4.5202e+00 -3.7024e+00 +4.3789e+00 +4.7069e+00 -3.3583e+00 +5.1743e+00 -4.3932e+00 -5.2494e+00 -5.8608e+00 +4.6015e+00
3514 +3.957240869e+01 +3.957240869e+01 +2.235240869e+01 -1.722000000e+01 -4.0343e+00 +4.9928e+00 +5.1373e+00 -1.4804e-01 +4.7005e+00 -4.3878e+00 -4.8660e+00 +4.6103e+00 +1.7511e+00 +5.0524e+00 +4.5202e+00 -3.7024e+00 +4.3789e+00 +4.7069e+00 -3.3583e+00 +5.1743e+00 -4.9005e+00 -5.2494e+00 -5.8608e+00 +5.4934e+00
4598 +2.487773999e+01 +2.487773999e+01 +7.657739986e+00 -1.722000000e+01 -4.3863e+00 +4.9928e+00 +5.1373e+00 -1.4804e-01 +4.7005e+00 -4.3878e+00 -4.8082e+00 +4.7192e+00 +1.7511e+00 +5.0524e+00 +5.0772e+00 -3.5874e+00 +5.1688e+00 +5.1452e+00 -5.2649e+00 +5.1743e+00 -4.9005e+00 -5.2494e+00 -6.5438e+00 +5.9633e+00
5665 +1.362057886e+01 +1.362057886e+01 -3.599421144e+00 -1.722000000e+01 -4.3863e+00 +4.9928e+00 +5.1373e+00 -1.0951e+00 +5.1545e+00 -4.3878e+00 -4.8660e+00 +4.6103e+00 +3.3698e+00 +5.0524e+00 +5.5484e+00 -4.7959e+00 +5.1688e+00 +5.1452e+00 -5.3105e+00 +5.1743e+00 -5.5633e+00 -5.2494e+00 -6.5438e+00 +5.2367e+00
6710 +7.784491465e+00 +7.784491465e+00 -9.435508535e+00 -1.722000000e+01 -4.8405e+00 +4.9928e+00 +5.1373e+00 -1.0951e+00 +5.2121e+00 -4.9571e+00 -4.8082e+00 +5.2669e+00 +4.5115e+00 +5.0524e+00 +5.6360e+00 -4.9377e+00 +5.1688e+00 +5.1452e+00 -5.3105e+00 +5.9267e+00 -5.5633e+00 -5.2494e+00 -5.8608e+00 +5.4934e+00
6886 +5.818983509e+00 +5.818983509e+00 -1.140101649e+01 -1.722000000e+01 -4.7353e+00 +5.5427e+00 +5.1373e+00 -2.1977e+00 +5.1545e+00 -4.3878e+00 -4.8660e+00 +5.2669e+00 +4.9530e+00 +5.0524e+00 +5.2662e+00 -5.7975e+00 +5.1688e+00 +5.1452e+00 -5.3105e+00 +5.1743e+00 -5.5633e+00 -5.2494e+00 -5.8608e+00 +5.4934e+00
7434 +3.906575444e+00 +3.906575444e+00 -1.331342456e+01 -1.722000000e+01 -5.0323e+00 +5.5427e+00 +5.1373e+00 -2.4250e+00 +5.2121e+00 -4.9571e+00 -5.0708e+00 +5.2669e+00 +4.9530e+00 +5.0524e+00 +5.2662e+00 -5.7975e+00 +5.1688e+00 +5.1452e+00 -5.3105e+00 +5.1743e+00 -5.0912e+00 -5.2494e+00 -5.8608e+00 +5.4934e+00
8471 +2.196163512e+00 +2.196163512e+00 -1.502383649e+01 -1.722000000e+01 -5.0062e+00 +5.5427e+00 +5.1373e+00 -3.4732e+00 +5.2121e+00 -5.2374e+00 -5.0708e+00 +5.2669e+00 +5.6552e+00 +5.0524e+00 +5.2662e+00 -5.7975e+00 +5.2824e+00 +5.0452e+00 -5.5299e+00 +5.1743e+00 -5.5633e+00 -5.4012e+00 -5.8608e+00 +5.4934e+00
8826 +1.394674389e+00 +1.394674389e+00 -1.582532561e+01 -1.722000000e+01 -5.0062e+00 +5.5427e+00 +5.1373e+00 -4.0304e+00 +5.2121e+00 -5.2374e+00 -5.0708e+00 +5.2669e+00 +5.6552e+00 +5.0524e+00 +5.2662e+00 -5.7975e+00 +5.1688e+00 +5.1452e+00 -5.3105e+00 +5.1743e+00 -5.5633e+00 -5.4012e+00 -5.8608e+00 +5.4934e+00
9008 +9.348127552e-01 +9.348127552e-01 -1.628518724e+01 -1.722000000e+01 -5.0062e+00 +5.5427e+00 +5.1373e+00 -4.3501e+00 +5.2121e+00 -5.2374e+00 -5.0708e+00 +5.2669e+00 +5.6552e+00 +5.0524e+00 +5.2662e+00 -5.7975e+00 +5.2824e+00 +5.0452e+00 -5.3105e+00 +5.1743e+00 -5.5633e+00 -5.4012e+00 -5.8608e+00 +5.4934e+00
17819 +1.481169969e-01 +1.481169969e-01 -1.707188300e+01 -1.722000000e+01 -4.9697e+00 +5.1708e+00 +5.1232e+00 -5.1644e+00 +5.1889e+00 -5.0895e+00 -4.9940e+00 +5.3176e+00 +5.9042e+00 +4.9701e+00 +5.5864e+00 -6.1536e+00 +4.9962e+00 +5.3878e+00 -5.5501e+00 +5.7554e+00 -5.6064e+00 -5.3440e+00 -5.0626e+00 +5.0273e+00
17998 +5.902073565e-02 +5.902073565e-02 -1.716097926e+01 -1.722000000e+01 -4.9697e+00 +5.1708e+00 +5.1232e+00 -5.1644e+00 +5.1889e+00 -5.0895e+00 -4.9940e+00 +5.3176e+00 +5.9042e+00 +5.1751e+00 +5.5864e+00 -6.1536e+00 +4.9962e+00 +5.3878e+00 -6.1515e+00 +5.7554e+00 -5.6064e+00 -5.6183e+00 -5.0626e+00 +5.0273e+00
26417 +8.526512829e-14 +8.526512829e-14 -1.722000000e+01 -1.722000000e+01 -5.0335e+00 +5.2058e+00 +5.3213e+00 -5.1885e+00 +5.7573e+00 -5.8221e+00 -5.3486e+00 +6.4221e+00 +6.2375e+00 +5.4852e+00 +5.5606e+00 -5.6442e+00 +5.3296e+00 +5.1864e+00 -5.1717e+00 +5.0047e+00 -5.0957e+00 -5.1135e+00 -5.1223e+00 +5.8682e+00
% function evaluation | noise-free fitness - Fopt (-6.010200000000e+02) | best noise-free fitness - Fopt | measured fitness | best measured fitness | x1 | x2...
1 +4.623641267e+02 +4.623641267e+02 -1.386558733e+02 -6.010200000e+02 +3.5798e+00 -7.5262e-01 -3.1081e+00 +3.4851e+00 -6.7572e-01 -2.3471e+00 -1.7830e+00 +1.2979e+00 -2.6455e+00 +1.7928e+00 +7.4658e-01 -4.6882e+00 -8.2352e-01 +6.5096e-01 -4.3122e+00 -1.6501e+00 +2.2057e+00 -1.7819e+00 -3.6325e+00 -1.8184e+00
389 +1.525239577e+02 +1.525239577e+02 -4.484960423e+02 -6.010200000e+02 -1.8778e-01 +1.2764e+00 -3.2348e+00 -3.1705e+00 +2.3776e+00 +3.5125e+00 +2.1915e+00 -2.0136e+00 +8.5640e-01 -2.3477e-01 -4.7873e+00 +2.6588e+00 -3.7653e+00 +3.0388e+00 -1.3092e+00 -2.5234e+00 -4.4308e+00 +3.8661e+00 +4.9325e+00 +4.4101e+00
1319 +9.292090609e+01 +9.292090609e+01 -5.080990939e+02 -6.010200000e+02 -1.8778e-01 +1.2764e+00 -3.2348e+00 -3.1705e+00 +2.3776e+00 -2.8176e+00 +2.0439e+00 -2.0136e+00 +1.6639e+00 -2.3477e-01 -4.2876e+00 +4.4927e+00 -3.7653e+00 +4.9407e+00 -4.6027e+00 -4.7546e+00 -4.4308e+00 +3.8661e+00 +4.9325e+00 +4.4101e+00
2061 +6.006474107e+01 +6.006474107e+01 -5.409552589e+02 -6.010200000e+02 -1.5135e+00 +1.2764e+00 -3.2348e+00 -3.1705e+00 +2.3776e+00 -2.8176e+00 +2.4249e+00 -5.0263e+00 +3.7252e+00 +7.2005e-01 -4.7873e+00 +4.4927e+00 -4.4364e+00 +4.9407e+00 -4.6027e+00 -4.7546e+00 -5.3938e+00 +4.4352e+00 +4.9325e+00 +4.9267e+00
3188 +3.969317023e+01 +3.969317023e+01 -5.613268298e+02 -6.010200000e+02 +9.5456e-01 +6.7208e-01 -3.7286e+00 -3.8020e+00 +2.3776e+00 -3.1554e+00 +2.5472e+00 -5.0263e+00 +4.7437e+00 +1.9666e+00 -4.8123e+00 +5.2266e+00 -4.4364e+00 +4.9407e+00 -5.2082e+00 -4.7546e+00 -5.3938e+00 +5.7983e+00 +5.5807e+00 +4.9842e+00
4690 +2.323463820e+01 +2.323463820e+01 -5.777853618e+02 -6.010200000e+02 +1.7519e+00 +2.1518e+00 -5.1113e+00 -4.1577e+00 +2.3776e+00 -3.6193e+00 +4.7102e+00 -5.0263e+00 +4.7437e+00 +2.7789e+00 -6.1908e+00 +5.2266e+00 -5.0558e+00 +4.9407e+00 -5.2082e+00 -5.1675e+00 -5.3938e+00 +5.7983e+00 +4.9325e+00 +5.3586e+00
5631 +1.579700351e+01 +1.579700351e+01 -5.852229965e+02 -6.010200000e+02 +2.9308e+00 +2.0119e+00 -4.9343e+00 -4.1577e+00 +3.3150e+00 -4.1145e+00 +4.7102e+00 -5.0263e+00 +4.7437e+00 +3.9458e+00 -5.6659e+00 +5.2266e+00 -5.1301e+00 +4.9407e+00 -5.2082e+00 -5.1675e+00 -5.3938e+00 +5.7983e+00 +5.4672e+00 +5.3704e+00
6379 +9.744995639e+00 +9.744995639e+00 -5.912750044e+02 -6.010200000e+02 +4.1033e+00 +3.5288e+00 -5.1113e+00 -4.1577e+00 +4.2808e+00 -4.3988e+00 +4.8639e+00 -5.0263e+00 +5.1641e+00 +3.9458e+00 -5.6659e+00 +5.2266e+00 -5.0558e+00 +4.9407e+00 -5.2082e+00 -5.1675e+00 -5.3938e+00 +5.7983e+00 +5.5807e+00 +5.3586e+00
6923 +5.587732443e+00 +5.587732443e+00 -5.954322676e+02 -6.010200000e+02 +4.1033e+00 +3.5288e+00 -5.1113e+00 -5.0331e+00 +4.5620e+00 -4.3988e+00 +5.1090e+00 -5.0263e+00 +5.4294e+00 +4.6874e+00 -5.6659e+00 +5.2266e+00 -5.0558e+00 +4.9407e+00 -5.2082e+00 -5.1675e+00 -5.3938e+00 +5.7983e+00 +5.5807e+00 +5.3586e+00
7481 +3.436450915e+00 +3.436450915e+00 -5.975835491e+02 -6.010200000e+02 +5.1217e+00 +3.5288e+00 -5.1113e+00 -4.7731e+00 +4.2808e+00 -5.2745e+00 +4.8639e+00 -5.0263e+00 +5.1641e+00 +5.3741e+00 -5.6659e+00 +5.2266e+00 -5.0558e+00 +5.2333e+00 -5.2082e+00 -5.1675e+00 -5.3938e+00 +5.7983e+00 +5.5807e+00 +5.3586e+00
7860 +1.742493942e+00 +1.742493942e+00 -5.992775061e+02 -6.010200000e+02 +5.1217e+00 +3.5288e+00 -5.1113e+00 -5.0331e+00 +4.9496e+00 -5.2745e+00 +5.1090e+00 -5.0263e+00 +5.1641e+00 +5.3741e+00 -5.6659e+00 +5.2266e+00 -5.0558e+00 +5.2333e+00 -5.2082e+00 -5.1675e+00 -5.3938e+00 +5.7983e+00 +5.5807e+00 +5.3586e+00
8047 +9.927319308e-01 +9.927319308e-01 -6.000272681e+02 -6.010200000e+02 +5.1217e+00 +4.1930e+00 -5.1113e+00 -5.0331e+00 +4.9496e+00 -5.2745e+00 +5.1090e+00 -5.0263e+00 +5.1641e+00 +5.3741e+00 -5.5307e+00 +5.2266e+00 -5.0558e+00 +5.2333e+00 -5.2082e+00 -5.1675e+00 -5.3938e+00 +5.7983e+00 +5.5807e+00 +5.3586e+00
8798 +3.740207799e-01 +3.740207799e-01 -6.006459792e+02 -6.010200000e+02 +5.0412e+00 +4.7411e+00 -5.1113e+00 -5.0331e+00 +4.9496e+00 -5.7169e+00 +5.1090e+00 -5.0263e+00 +5.1641e+00 +5.3741e+00 -5.6659e+00 +5.2266e+00 -5.0558e+00 +5.2333e+00 -5.2082e+00 -5.1675e+00 -5.3938e+00 +5.7983e+00 +5.5807e+00 +5.3586e+00
8983 +0.000000000e+00 +0.000000000e+00 -6.010200000e+02 -6.010200000e+02 +5.1217e+00 +5.1537e+00 -5.1113e+00 -5.0771e+00 +5.0700e+00 -5.7169e+00 +5.1090e+00 -5.0263e+00 +5.1641e+00 +5.3741e+00 -5.6659e+00 +5.2266e+00 -5.0558e+00 +5.2333e+00 -5.2082e+00 -5.1675e+00 -5.3938e+00 +5.7983e+00 +5.5807e+00 +5.3586e+00
% function evaluation | noise-free fitness - Fopt (-1.000000000000e+03) | best noise-free fitness - Fopt | measured fitness | best measured fitness | x1 | x2...
1 +3.449519311e+02 +3.449519311e+02 -6.550480689e+02 -1.000000000e+03 +3.4670e+00 -2.1715e+00 -3.7944e+00 +3.7040e+00 -2.0532e-01 -5.6539e-01 -2.9669e+00 -4.6385e+00 -2.9936e+00 -4.9794e+00 +1.1257e+00 +1.8170e+00 +4.5441e+00 -2.6363e+00 -3.0666e+00 +4.5898e+00 -2.3786e+00 -3.8753e+00 -3.1376e+00 +2.7914e+00
390 +1.905400560e+02 +1.905400560e+02 -8.094599440e+02 -1.000000000e+03 +4.8657e+00 -3.2125e+00 -4.4489e+00 -4.1478e+00 -3.8188e+00 +2.5125e+00 -3.4318e+00 +4.9620e+00 -2.5983e+00 -4.7137e+00 -1.3347e+00 -1.6056e+00 +2.7046e+00 -4.7741e+00 +4.1045e+00 +4.0195e+00 +4.9795e+00 -4.7526e+00 +3.9263e+00 -5.3186e-01
584 +1.530070349e+02 +1.530070349e+02 -8.469929651e+02 -1.000000000e+03 +4.8657e+00 +1.8259e+00 -2.0906e+00 -4.1478e+00 -3.8188e+00 +2.5125e+00 -3.4318e+00 +4.9620e+00 -1.3861e+00 -4.7137e+00 -1.3347e+00 -1.8287e-01 +2.7046e+00 -4.7741e+00 -4.4244e+00 +3.2878e+00 +4.9294e+00 -4.5294e+00 +3.8775e+00 -2.0645e+00
966 +9.167558246e+01 +9.167558246e+01 -9.083244175e+02 -1.000000000e+03 +4.8657e+00 -3.2125e+00 -4.4489e+00 -4.1478e+00 -3.8188e+00 +2.5125e+00 -3.4318e+00 +4.9620e+00 -2.5983e+00 -3.5969e+00 +3.9480e+00 -2.9272e+00 +4.8499e+00 -4.7997e+00 -3.4522e+00 +4.0195e+00 +4.9795e+00 -4.7526e+00 +3.9263e+00 -3.4211e+00
1734 +6.176592193e+01 +6.176592193e+01 -9.382340781e+02 -1.000000000e+03 +4.8657e+00 -3.2125e+00 -4.4489e+00 -4.1478e+00 +4.9388e-01 +2.5125e+00 -3.4318e+00 +4.9620e+00 -2.5983e+00 -3.5969e+00 +4.7370e+00 -2.9272e+00 +4.8499e+00 -4.7997e+00 -3.4522e+00 +4.0195e+00 +4.9795e+00 -4.8450e+00 +4.6461e+00 -4.7365e+00
2853 +3.883714506e+01 +3.883714506e+01 -9.611628549e+02 -1.000000000e+03 +4.8657e+00 -3.9142e+00 -5.0868e+00 -4.1478e+00 +2.3071e+00 +2.5125e+00 -3.4318e+00 +4.9620e+00 -2.5983e+00 -3.5969e+00 +4.7370e+00 -4.4608e+00 +5.0321e+00 -4.7997e+00 -4.4244e+00 +4.4053e+00 +4.9795e+00 -5.2762e+00 +5.1239e+00 -4.7365e+00
4012 +2.511852473e+01 +2.511852473e+01 -9.748814753e+02 -1.000000000e+03 +4.8657e+00 -4.7312e+00 -5.0868e+00 -4.1478e+00 +2.8927e+00 +2.5125e+00 -4.1815e+00 +4.9620e+00 -2.9188e+00 -4.2304e+00 +5.8045e+00 -4.4608e+00 +5.0321e+00 -4.7997e+00 -4.7051e+00 +4.8134e+00 +4.9795e+00 -5.0752e+00 +5.0309e+00 -5.4249e+00
5345 +1.504642326e+01 +1.504642326e+01 -9.849535767e+02 -1.000000000e+03 +4.8657e+00 -4.7392e+00 -5.0868e+00 -4.1478e+00 +3.1506e+00 +2.5125e+00 -4.1815e+00 +5.6070e+00 -4.0600e+00 -5.1252e+00 +5.8045e+00 -4.8353e+00 +5.0321e+00 -5.2743e+00 -4.8368e+00 +5.2040e+00 +4.9795e+00 -5.0752e+00 +5.0309e+00 -5.4249e+00
6293 +9.203317091e+00 +9.203317091e+00 -9.907966829e+02 -1.000000000e+03 +4.8657e+00 -4.7312e+00 -5.0868e+00 -5.3374e+00 +3.5222e+00 +2.5125e+00 -4.9279e+00 +5.1501e+00 -5.2928e+00 -5.1252e+00 +5.8045e+00 -4.8353e+00 +5.0321e+00 -5.2743e+00 -4.8368e+00 +5.2040e+00 +4.9795e+00 -5.0752e+00 +5.0309e+00 -5.4249e+00
7437 +4.726842561e+00 +4.726842561e+00 -9.952731574e+02 -1.000000000e+03 +5.1271e+00 -4.7312e+00 -5.0868e+00 -5.3374e+00 +4.6130e+00 +3.0887e+00 -4.9279e+00 +5.1501e+00 -5.8490e+00 -5.1252e+00 +5.8045e+00 -5.4043e+00 +5.0321e+00 -5.2743e+00 -5.0213e+00 +5.2040e+00 +4.9795e+00 -5.0752e+00 +5.0309e+00 -5.4249e+00
8205 +3.354706250e+00 +3.354706250e+00 -9.966452938e+02 -1.000000000e+03 +5.1271e+00 -5.2357e+00 -5.0868e+00 -5.3374e+00 +4.6130e+00 +3.6717e+00 -4.9279e+00 +5.1501e+00 -5.9631e+00 -5.1252e+00 +6.5784e+00 -5.2433e+00 +5.0321e+00 -5.2743e+00 -5.2294e+00 +5.3292e+00 +4.9795e+00 -5.0752e+00 +5.0309e+00 -5.4963e+00
8980 +2.136980569e+00 +2.136980569e+00 -9.978630194e+02 -1.000000000e+03 +5.0368e+00 -5.2357e+00 -5.0868e+00 -5.3374e+00 +5.2445e+00 +3.9932e+00 -4.9279e+00 +5.1501e+00 -5.9631e+00 -5.1252e+00 +6.5784e+00 -5.4043e+00 +5.0321e+00 -5.2743e+00 -5.0213e+00 +5.2040e+00 +4.9795e+00 -5.0752e+00 +5.0309e+00 -6.0508e+00
9170 +1.429552744e+00 +1.429552744e+00 -9.985704473e+02 -1.000000000e+03 +5.1271e+00 -5.2357e+00 -5.0868e+00 -5.3374e+00 +5.0967e+00 +4.3015e+00 -4.9279e+00 +5.1501e+00 -5.9631e+00 -5.1252e+00 +6.5784e+00 -5.4043e+00 +5.0321e+00 -5.2743e+00 -5.0213e+00 +5.2040e+00 +5.8076e+00 -5.0752e+00 +5.0309e+00 -5.4963e+00
9562 +7.635560005e-01 +7.635560005e-01 -9.992364440e+02 -1.000000000e+03 +5.1271e+00 -5.2357e+00 -5.0868e+00 -5.3374e+00 +5.0967e+00 +4.7425e+00 -4.9279e+00 +5.1501e+00 -5.9631e+00 -5.1252e+00 +6.5784e+00 -5.4043e+00 +5.0321e+00 -5.2743e+00 -5.0213e+00 +5.3292e+00 +4.9795e+00 -5.0752e+00 +5.0309e+00 -6.0508e+00
9753 +3.038312163e-01 +3.038312163e-01 -9.996961688e+02 -1.000000000e+03 +5.1271e+00 -5.2357e+00 -5.0868e+00 -5.3374e+00 +5.0967e+00 +4.9120e+00 -5.0479e+00 +5.1501e+00 -5.9631e+00 -5.1252e+00 +6.5784e+00 -5.4043e+00 +5.0321e+00 -5.2743e+00 -5.0213e+00 +5.3292e+00 +4.9795e+00 -5.0752e+00 +5.0309e+00 -5.4963e+00
17832 +2.052927306e-01 +2.052927306e-01 -9.997947073e+02 -1.000000000e+03 +5.7376e+00 -5.2714e+00 -5.3885e+00 -5.0662e+00 +5.4307e+00 +5.5549e+00 -5.0140e+00 +5.8718e+00 -5.0346e+00 -6.0403e+00 +5.6377e+00 -4.9533e+00 +4.9934e+00 -5.1900e+00 -5.0578e+00 +5.6736e+00 +5.0045e+00 -5.1462e+00 +5.5012e+00 -5.1517e+00
18210 +2.836337342e-02 +2.836337342e-02 -9.999716366e+02 -1.000000000e+03 +5.7376e+00 -5.2714e+00 -5.3885e+00 -5.0662e+00 +5.4307e+00 +5.5549e+00 -5.0140e+00 +5.1213e+00 -5.0346e+00 -5.2274e+00 +5.7259e+00 -5.5463e+00 +4.9934e+00 -5.2937e+00 -5.0578e+00 +5.6736e+00 +5.6092e+00 -5.1462e+00 +5.5012e+00 -5.1517e+00
18385 +0.000000000e+00 +0.000000000e+00 -1.000000000e+03 -1.000000000e+03 +5.7376e+00 -5.0704e+00 -5.3885e+00 -5.0662e+00 +5.4307e+00 +5.5549e+00 -5.0140e+00 +5.1213e+00 -5.0346e+00 -5.2274e+00 +5.7259e+00 -5.5463e+00 +5.1313e+00 -5.1900e+00 -5.0578e+00 +5.6736e+00 +5.6092e+00 -5.1462e+00 +5.5012e+00 -5.1517e+00
