% function evaluation | noise-free fitness - Fopt (-4.620900000000e+02) | best noise-free fitness - Fopt | measured fitness | best measured fitness | x1 | x2...
1 +6.799969735e+02 +6.799969735e+02 +2.179069735e+02 -4.620900000e+02 +3.0563e+00 +2.5469e+00 -2.3159e+00 -1.9767e+00 +2.8374e+00 +1.1588e+00 -2.2068e+00 -3.2678e+00 -1.1349e-01 +3.0764e+00
379 +1.768484157e+02 +1.768484157e+02 -2.852415843e+02 -4.620900000e+02 -8.9946e-01 -2.2477e+00 +1.5666e+00 +3.8347e+00 +4.1810e+00 +7.4421e-01 +3.0574e+00 +1.7615e+00 -3.4742e-01 -1.1579e+00
557 +1.211808176e+02 +1.211808176e+02 -3.409091824e+02 -4.620900000e+02 -2.9943e+00 +5.2592e-01 +2.9464e+00 +1.8663e+00 +1.9282e+00 +2.3288e+00 +3.0574e+00 +3.0129e+00 +3.3001e+00 -8.3711e-01
728 +9.669441001e+01 +9.669441001e+01 -3.653955900e+02 -4.620900000e+02 +6.0885e-01 +5.2592e-01 +2.9464e+00 +1.8663e+00 +1.9282e+00 +2.3288e+00 +3.0574e+00 +3.0129e+00 +3.3001e+00 +6.6768e-01
1072 +4.899792866e+01 +4.899792866e+01 -4.130920713e+02 -4.620900000e+02 -2.2345e+00 +5.2592e-01 +2.9464e+00 +1.8663e+00 +1.1454e+00 +7.4421e-01 +3.0574e+00 +1.7615e+00 +7.5112e-01 +7.9698e-02
1580 +3.839720932e+01 +3.839720932e+01 -4.236927907e+02 -4.620900000e+02 -2.2345e+00 +5.2592e-01 +2.9464e+00 +1.8593e+00 +1.1454e+00 +1.6003e+00 +3.0574e+00 +2.2217e+00 +7.5112e-01 +7.9698e-02
2271 +2.033757490e+01 +2.033757490e+01 -4.417524251e+02 -4.620900000e+02 -2.2345e+00 +7.2227e-01 +3.0206e+00 +1.4012e+00 +1.1454e+00 +1.6003e+00 +3.0574e+00 +2.2217e+00 +2.2039e+00 +7.9698e-02
2975 +1.421459834e+01 +1.421459834e+01 -4.478754017e+02 -4.620900000e+02 -2.3044e+00 +7.2227e-01 +3.0206e+00 +1.4012e+00 +2.2701e+00 +1.6003e+00 +3.0574e+00 +2.2217e+00 +2.2039e+00 +7.9698e-02
4002 +9.429530949e+00 +9.429530949e+00 -4.526604691e+02 -4.620900000e+02 -2.3044e+00 +1.4169e+00 +2.1984e+00 +1.4012e+00 +2.2701e+00 +1.6003e+00 +3.0574e+00 +2.2217e+00 +2.2039e+00 +7.8717e-02
5750 +6.156706120e+00 +6.156706120e+00 -4.559332939e+02 -4.620900000e+02 -2.3044e+00 +1.4169e+00 +2.1984e+00 +7.2774e-01 +2.2812e+00 +2.1526e+00 +3.0357e+00 +2.2217e+00 +2.2039e+00 +4.6466e-02
7353 +3.961530176e+00 +3.961530176e+00 -4.581284698e+02 -4.620900000e+02 -2.3427e+00 +1.4169e+00 +2.2185e+00 +7.2774e-01 +2.2992e+00 +2.1526e+00 +3.0357e+00 +2.5902e+00 +1.8286e+00 +4.6466e-02
8934 +2.018334821e+00 +2.018334821e+00 -4.600716652e+02 -4.620900000e+02 -2.3427e+00 +2.2477e+00 +2.2185e+00 +7.2774e-01 +2.2992e+00 +2.1748e+00 +2.5573e+00 +2.5902e+00 +1.8286e+00 +4.6466e-02
37969 +1.349026067e+00 +1.349026067e+00 -4.607409739e+02 -4.620900000e+02 -2.3427e+00 +2.3124e+00 +2.2185e+00 +7.2787e-01 +2.2992e+00 +2.1748e+00 +2.5573e+00 +2.5902e+00 +1.8286e+00 +4.6466e-02
40752 +1.847728660e-01 +1.847728660e-01 -4.619052271e+02 -4.620900000e+02 -2.3390e+00 +2.3124e+00 +2.2185e+00 +7.2787e-01 +2.2992e+00 +2.1748e+00 +2.5465e+00 +2.5902e+00 +1.8035e+00 +6.4201e-02
41120 +1.469343870e-01 +1.469343870e-01 -4.619430656e+02 -4.620900000e+02 -2.3390e+00 +2.3022e+00 +2.2185e+00 +7.2787e-01 +2.2992e+00 +2.1748e+00 +2.5465e+00 +2.5902e+00 +1.8035e+00 +6.4201e-02
72328 +6.496074730e-02 +6.496074730e-02 -4.620250393e+02 -4.620900000e+02 -2.3407e+00 +2.3070e+00 +2.2230e+00 +7.2774e-01 +2.2992e+00 +2.1748e+00 +2.5460e+00 +2.5973e+00 +1.8000e+00 +5.9255e-02
84096 +4.643244390e-02 +4.643244390e-02 -4.620435676e+02 -4.620900000e+02 -2.3390e+00 +2.3015e+00 +2.2123e+00 +7.2787e-01 +2.2992e+00 +2.1751e+00 +2.5465e+00 +2.5960e+00 +1.8035e+00 +6.1941e-02
85482 +2.120151697e-02 +2.120151697e-02 -4.620687985e+02 -4.620900000e+02 -2.3419e+00 +2.3015e+00 +2.2123e+00 +7.2787e-01 +2.2992e+00 +2.1751e+00 +2.5465e+00 +2.5960e+00 +1.8035e+00 +6.0622e-02
93336 +1.108292943e-02 +1.108292943e-02 -4.620789171e+02 -4.620900000e+02 -2.3390e+00 +2.3015e+00 +2.2123e+00 +7.2787e-01 +2.2992e+00 +2.1751e+00 +2.5465e+00 +2.5959e+00 +1.8035e+00 +5.6580e-02
100747 +9.639751882e-03 +9.639751882e-03 -4.620803602e+02 -4.620900000e+02 -2.3390e+00 +2.3015e+00 +2.2123e+00 +7.2787e-01 +2.2992e+00 +2.1751e+00 +2.5465e+00 +2.5959e+00 +1.8035e+00 +5.8108e-02
111731 +3.585572061e-03 +3.585572061e-03 -4.620864144e+02 -4.620900000e+02 -2.3390e+00 +2.3015e+00 +2.2123e+00 +7.2787e-01 +2.2992e+00 +2.1751e+00 +2.5465e+00 +2.5973e+00 +1.8035e+00 +5.7834e-02
159722 +2.263244991e-03 +2.263244991e-03 -4.620877368e+02 -4.620900000e+02 -2.3407e+00 +2.3007e+00 +2.2123e+00 +7.2787e-01 +2.2992e+00 +2.1751e+00 +2.5468e+00 +2.5973e+00 +1.8035e+00 +5.7834e-02
261233 +1.578955660e-03 +1.578955660e-03 -4.620884210e+02 -4.620900000e+02 -2.3409e+00 +2.3002e+00 +2.2143e+00 +7.2807e-01 +2.2992e+00 +2.1751e+00 +2.5475e+00 +2.5973e+00 +1.8032e+00 +5.7834e-02
262770 +4.163142996e-04 +4.163142996e-04 -4.620895837e+02 -4.620900000e+02 -2.3407e+00 +2.3002e+00 +2.2143e+00 +7.2787e-01 +2.2992e+00 +2.1752e+00 +2.5472e+00 +2.5984e+00 +1.8035e+00 +5.7834e-02
308693 +3.203600876e-04 +3.203600876e-04 -4.620896796e+02 -4.620900000e+02 -2.3407e+00 +2.3002e+00 +2.2140e+00 +7.2787e-01 +2.2992e+00 +2.1752e+00 +2.5472e+00 +2.5984e+00 +1.8035e+00 +5.7834e-02
318065 +1.820277164e-04 +1.820277164e-04 -4.620898180e+02 -4.620900000e+02 -2.3409e+00 +2.3002e+00 +2.2140e+00 +7.2787e-01 +2.2992e+00 +2.1752e+00 +2.5472e+00 +2.5984e+00 +1.8032e+00 +5.7834e-02
449735 +1.356992389e-04 +1.356992389e-04 -4.620898643e+02 -4.620900000e+02 -2.3409e+00 +2.3002e+00 +2.2134e+00 +7.2787e-01 +2.2992e+00 +2.1752e+00 +2.5472e+00 +2.5984e+00 +1.8032e+00 +5.7834e-02
919944 +5.090797112e-05 +5.090797112e-05 -4.620899491e+02 -4.620900000e+02 -2.3408e+00 +2.2999e+00 +2.2136e+00 +7.2793e-01 +2.2992e+00 +2.1752e+00 +2.5472e+00 +2.5984e+00 +1.8032e+00 +5.7453e-02
% function evaluation | noise-free fitness - Fopt (7.766000000000e+01) | best noise-free fitness - Fopt | measured fitness | best measured fitness | x1 | x2...
1 +2.145351363e+03 +2.145351363e+03 +2.223011363e+03 +7.766000000e+01 -1.6474e-02 -2.8601e+00 +1.0793e-01 +1.6196e+00 +4.7426e+00 -1.0002e+00 +1.5676e+00 +3.1122e+00 +4.2084e+00 +1.3321e+00
397 +1.216076463e+02 +1.216076463e+02 +1.992676463e+02 +7.766000000e+01 +6.7795e-01 +1.1189e+00 +1.3328e+00 +2.1814e+00 -1.4062e+00 -9.4111e-02 +1.4711e+00 -1.6049e-01 +6.4196e-01 -3.4193e+00
588 +9.590019663e+01 +9.590019663e+01 +1.735601966e+02 +7.766000000e+01 +4.6955e-01 +3.7973e-01 -6.2597e-01 +4.2028e+00 -1.4062e+00 -9.4111e-02 +1.4711e+00 -1.6049e-01 +6.4390e-01 -3.7991e+00
1775 +6.192906719e+01 +6.192906719e+01 +1.395890672e+02 +7.766000000e+01 +4.6955e-01 -1.5490e+00 -6.2597e-01 +4.2028e+00 -2.4660e+00 -9.4111e-02 +1.5845e+00 -3.5177e-01 +6.4390e-01 -3.7991e+00
2763 +3.967453459e+01 +3.967453459e+01 +1.173345346e+02 +7.766000000e+01 +4.6955e-01 +8.8834e-01 -6.2597e-01 +2.5598e+00 -2.4660e+00 -9.9804e-01 +1.5845e+00 -3.5177e-01 +6.4390e-01 -3.8606e+00
4130 +2.459301947e+01 +2.459301947e+01 +1.022530195e+02 +7.766000000e+01 +4.6955e-01 +2.2448e-02 -3.7099e-01 +2.5598e+00 -2.4660e+00 -1.1701e+00 +1.5845e+00 -2.4587e-01 +5.6870e-01 -3.8606e+00
7257 +1.564993216e+01 +1.564993216e+01 +9.330993216e+01 +7.766000000e+01 +4.6955e-01 +9.6471e-02 -3.7099e-01 +2.5598e+00 -2.4660e+00 -5.1131e-01 +1.1261e+00 +1.2441e-01 +5.8465e-01 -3.8606e+00
9015 +9.335878177e+00 +9.335878177e+00 +8.699587818e+01 +7.766000000e+01 +2.3919e+00 -8.1952e-01 -4.2726e-01 +2.5916e+00 -2.4660e+00 -5.1131e-01 +1.1261e+00 +1.2441e-01 +5.8465e-01 -3.8606e+00
9799 +5.056133860e+00 +5.056133860e+00 +8.271613386e+01 +7.766000000e+01 +2.3919e+00 -8.1952e-01 -4.2726e-01 +2.5916e+00 -2.4660e+00 -5.1131e-01 +1.0783e+00 +1.2441e-01 +5.8465e-01 -3.8606e+00
24561 +3.588165870e+00 +3.588165870e+00 +8.124816587e+01 +7.766000000e+01 +2.4256e+00 -8.4701e-01 -3.8646e-01 +3.3596e+00 -2.4685e+00 -5.3811e-01 +6.0111e-01 +9.7250e-02 -1.7493e-01 -3.8587e+00
36440 +2.511731101e+00 +2.511731101e+00 +8.017173110e+01 +7.766000000e+01 +1.3988e+00 -8.5789e-01 -1.2585e+00 +3.3323e+00 -2.4567e+00 -5.5017e-01 +5.8087e-01 +1.0699e-01 +1.8024e-01 -3.5067e+00
40264 +1.372127716e+00 +1.372127716e+00 +7.903212772e+01 +7.766000000e+01 +2.3931e+00 -8.1952e-01 -4.1985e-01 +3.3248e+00 -2.4660e+00 -5.4013e-01 +5.9072e-01 +1.2441e-01 +1.7195e-01 -3.8606e+00
49761 +9.135260868e-01 +9.135260868e-01 +7.857352609e+01 +7.766000000e+01 +2.3919e+00 -8.1952e-01 -1.2871e+00 +3.3308e+00 -2.4660e+00 -5.4942e-01 +5.6763e-01 +1.2030e-01 +1.7053e-01 -3.8606e+00
51691 +5.795653650e-01 +5.795653650e-01 +7.823956537e+01 +7.766000000e+01 +2.3919e+00 -8.5122e-01 -1.2871e+00 +3.3308e+00 -2.4660e+00 -5.4100e-01 +5.6763e-01 +1.2030e-01 +1.7053e-01 -3.8606e+00
53043 +3.126080608e-01 +3.126080608e-01 +7.797260806e+01 +7.766000000e+01 +2.3919e+00 -8.5122e-01 -1.2671e+00 +3.3308e+00 -2.4660e+00 -5.4100e-01 +6.0770e-01 +1.2030e-01 +1.7053e-01 -3.8606e+00
53238 +6.805542190e-02 +6.805542190e-02 +7.772805542e+01 +7.766000000e+01 +2.3919e+00 -8.5122e-01 -1.2715e+00 +3.3308e+00 -2.4660e+00 -5.4100e-01 +5.9096e-01 +1.2030e-01 +1.7053e-01 -3.8606e+00
54003 +4.602360899e-02 +4.602360899e-02 +7.770602361e+01 +7.766000000e+01 +2.3919e+00 -8.5122e-01 -1.2715e+00 +3.3213e+00 -2.4660e+00 -5.4100e-01 +5.9096e-01 +1.2030e-01 +1.7053e-01 -3.8606e+00
80450 +3.881090812e-02 +3.881090812e-02 +7.769881091e+01 +7.766000000e+01 +2.4041e+00 -8.5924e-01 -1.2648e+00 +3.3231e+00 -2.4660e+00 -5.3977e-01 +5.9072e-01 +1.1728e-01 +1.7195e-01 -3.8606e+00
95427 +2.272764088e-02 +2.272764088e-02 +7.768272764e+01 +7.766000000e+01 +2.3919e+00 -8.5122e-01 -1.2715e+00 +3.3220e+00 -2.4660e+00 -5.4100e-01 +5.8889e-01 +1.1476e-01 +1.7053e-01 -3.8606e+00
95617 +1.507840306e-02 +1.507840306e-02 +7.767507840e+01 +7.766000000e+01 +2.3994e+00 -8.5122e-01 -1.2715e+00 +3.3220e+00 -2.4660e+00 -5.4100e-01 +5.8889e-01 +1.1476e-01 +1.7053e-01 -3.8606e+00
120943 +9.340750562e-03 +9.340750562e-03 +7.766934075e+01 +7.766000000e+01 +2.3979e+00 -8.5626e-01 -1.2715e+00 +3.3220e+00 -2.4660e+00 -5.3762e-01 +5.9096e-01 +1.1756e-01 +1.7053e-01 -3.8606e+00
151634 +5.047122667e-03 +5.047122667e-03 +7.766504712e+01 +7.766000000e+01 +2.3979e+00 -8.5626e-01 -1.2715e+00 +3.3220e+00 -2.4631e+00 -5.3972e-01 +5.8889e-01 +1.1476e-01 +1.7053e-01 -3.8606e+00
169744 +3.920665300e-03 +3.920665300e-03 +7.766392067e+01 +7.766000000e+01 +2.3979e+00 -8.5595e-01 -1.2715e+00 +3.3231e+00 -2.4644e+00 -5.3948e-01 +5.9036e-01 +1.1728e-01 +1.7053e-01 -3.8606e+00
217661 +2.102606853e-03 +2.102606853e-03 +7.766210261e+01 +7.766000000e+01 +2.3979e+00 -8.5595e-01 -1.2715e+00 +3.3231e+00 -2.4644e+00 -5.3948e-01 +5.8889e-01 +1.1596e-01 +1.7053e-01 -3.8606e+00
270703 +1.379415542e-03 +1.379415542e-03 +7.766137942e+01 +7.766000000e+01 +2.3979e+00 -8.5595e-01 -1.2715e+00 +3.3231e+00 -2.4644e+00 -5.3948e-01 +5.8927e-01 +1.1596e-01 +1.7042e-01 -3.8606e+00
279662 +8.074518313e-04 +8.074518313e-04 +7.766080745e+01 +7.766000000e+01 +2.3979e+00 -8.5595e-01 -1.2715e+00 +3.3231e+00 -2.4637e+00 -5.3948e-01 +5.8902e-01 +1.1596e-01 +1.6925e-01 -3.8606e+00
318885 +5.631047734e-04 +5.631047734e-04 +7.766056310e+01 +7.766000000e+01 +2.3979e+00 -8.5595e-01 -1.2715e+00 +3.3231e+00 -2.4637e+00 -5.3948e-01 +5.8927e-01 +1.1596e-01 +1.6925e-01 -3.8606e+00
401444 +2.881295387e-04 +2.881295387e-04 +7.766028813e+01 +7.766000000e+01 +2.3979e+00 -8.5595e-01 -1.2715e+00 +3.3231e+00 -2.4637e+00 -5.3902e-01 +5.8968e-01 +1.1596e-01 +1.6944e-01 -3.8606e+00
472436 +2.093276657e-04 +2.093276657e-04 +7.766020933e+01 +7.766000000e+01 +2.3989e+00 -8.5595e-01 -1.2721e+00 +3.3231e+00 -2.4637e+00 -5.3902e-01 +5.8968e-01 +1.1596e-01 +1.6944e-01 -3.8606e+00
523310 +1.315041691e-04 +1.315041691e-04 +7.766013150e+01 +7.766000000e+01 +2.3989e+00 -8.5595e-01 -1.2721e+00 +3.3231e+00 -2.4637e+00 -5.3914e-01 +5.8968e-01 +1.1596e-01 +1.6944e-01 -3.8608e+00
672048 +9.807901840e-05 +9.807901840e-05 +7.766009808e+01 +7.766000000e+01 +2.3989e+00 -8.5595e-01 -1.2721e+00 +3.3231e+00 -2.4639e+00 -5.3914e-01 +5.8957e-01 +1.1596e-01 +1.6944e-01 -3.8608e+00
891049 +3.554296687e-05 +3.554296687e-05 +7.766003554e+01 +7.766000000e+01 +2.3982e+00 -8.5595e-01 -1.2721e+00 +3.3231e+00 -2.4639e+00 -5.3914e-01 +5.8957e-01 +1.1596e-01 +1.6953e-01 -3.8608e+00
% function evaluation | noise-free fitness - Fopt (1.156800000000e+02) | best noise-free fitness - Fopt | measured fitness | best measured fitness | x1 | x2...
1 +6.585126345e+02 +6.585126345e+02 +7.741926345e+02 +1.156800000e+02 -2.2238e+00 +2.4555e+00 -3.9373e+00 +2.1689e+00 +3.7461e+00 -4.3757e+00 -3.8197e+00 +6.6331e-01 -4.6212e+00 -4.2020e+00
384 +1.775005976e+02 +1.775005976e+02 +2.931805976e+02 +1.156800000e+02 +8.0060e-01 +3.8046e-01 +2.2706e+00 -9.6880e-01 -2.5005e+00 -3.1897e+00 -2.7754e+00 +1.8595e+00 -2.8001e+00 -4.6377e-01
564 +1.516289704e+02 +1.516289704e+02 +2.673089704e+02 +1.156800000e+02 +8.0060e-01 -3.9894e-01 +2.2706e+00 -9.6880e-01 -2.5005e+00 -3.1897e+00 -2.7754e+00 +1.8595e+00 -2.8001e+00 -1.3651e+00
932 +8.204351315e+01 +8.204351315e+01 +1.977235132e+02 +1.156800000e+02 +8.0060e-01 +1.2415e+00 +1.8736e+00 +4.2653e+00 -1.5493e+00 -2.2329e+00 -3.0857e+00 +1.8595e+00 -3.8742e+00 -1.3651e+00
1302 +5.858092161e+01 +5.858092161e+01 +1.742609216e+02 +1.156800000e+02 +8.0060e-01 +3.8046e-01 +1.8736e+00 +4.2653e+00 -2.5005e+00 -3.1897e+00 -4.0116e+00 +2.4227e+00 -3.8742e+00 -1.3651e+00
1671 +3.959824828e+01 +3.959824828e+01 +1.552782483e+02 +1.156800000e+02 +8.0060e-01 -1.0885e-01 +9.8946e-01 +4.2653e+00 -2.5005e+00 -3.1897e+00 -4.0116e+00 +2.4227e+00 -3.8742e+00 -1.3651e+00
2414 +2.218804826e+01 +2.218804826e+01 +1.378680483e+02 +1.156800000e+02 -1.4301e-01 -1.0885e-01 +9.8946e-01 +4.2653e+00 -3.0256e+00 -3.1897e+00 -4.0116e+00 +2.3766e+00 -3.8742e+00 -1.9495e+00
3326 +1.402103748e+01 +1.402103748e+01 +1.297010375e+02 +1.156800000e+02 -1.4301e-01 -9.4925e-01 +2.6131e-01 +3.7892e+00 -3.0256e+00 -3.1897e+00 -4.0116e+00 +2.3766e+00 -3.8742e+00 -1.9495e+00
4085 +9.793415618e+00 +9.793415618e+00 +1.254734156e+02 +1.156800000e+02 -1.4301e-01 -9.4925e-01 +2.6131e-01 +3.7804e+00 -3.0256e+00 -2.7237e+00 -4.0116e+00 +2.3766e+00 -3.9138e+00 -1.9495e+00
6310 +6.259177455e+00 +6.259177455e+00 +1.219391775e+02 +1.156800000e+02 -2.0327e-01 -9.4925e-01 +2.6131e-01 +3.0598e+00 -3.6116e+00 -3.2409e+00 -4.0116e+00 +2.3441e+00 -3.9285e+00 -1.9495e+00
7443 +3.053266201e+00 +3.053266201e+00 +1.187332662e+02 +1.156800000e+02 -1.1642e+00 -9.4925e-01 +2.3937e-01 +3.0598e+00 -3.6116e+00 -3.2409e+00 -4.0116e+00 +2.3441e+00 -3.9285e+00 -1.9495e+00
8190 +1.846759617e+00 +1.846759617e+00 +1.175267596e+02 +1.156800000e+02 -2.1993e+00 -1.0073e+00 +2.3937e-01 +3.0598e+00 -3.6116e+00 -3.2409e+00 -4.0116e+00 +2.3441e+00 -3.9285e+00 -1.9495e+00
8379 +1.583219132e+00 +1.583219132e+00 +1.172632191e+02 +1.156800000e+02 -2.1993e+00 -1.0073e+00 +2.3937e-01 +3.0598e+00 -3.6116e+00 -3.2409e+00 -3.5890e+00 +2.3441e+00 -3.9285e+00 -1.9495e+00
9318 +9.257588883e-01 +9.257588883e-01 +1.166057589e+02 +1.156800000e+02 -2.1993e+00 -9.9451e-01 +2.3937e-01 +3.0598e+00 -3.6116e+00 -3.2409e+00 -3.5754e+00 +2.3441e+00 -3.9285e+00 -1.9495e+00
28375 +5.151045036e-01 +5.151045036e-01 +1.161951045e+02 +1.156800000e+02 -2.1991e+00 -9.7836e-01 +2.6090e-01 +3.0900e+00 -3.6066e+00 -3.2385e+00 -3.5547e+00 +2.3713e+00 -3.9318e+00 -1.9515e+00
49598 +3.091373147e-01 +3.091373147e-01 +1.159891373e+02 +1.156800000e+02 -2.1993e+00 -9.9451e-01 +2.3937e-01 +3.0848e+00 -3.6116e+00 -3.2409e+00 -3.5703e+00 +2.3627e+00 -3.9285e+00 -1.9495e+00
54933 +1.936603565e-01 +1.936603565e-01 +1.158736604e+02 +1.156800000e+02 -2.1993e+00 -9.7964e-01 +2.3937e-01 +3.0890e+00 -3.6116e+00 -3.2409e+00 -3.5588e+00 +2.3506e+00 -3.9285e+00 -1.9515e+00
56417 +1.268630741e-01 +1.268630741e-01 +1.158068631e+02 +1.156800000e+02 -2.1687e+00 -9.7964e-01 +2.3937e-01 +3.0890e+00 -3.6116e+00 -3.2409e+00 -3.5588e+00 +2.3506e+00 -3.9285e+00 -1.9515e+00
66613 +7.845859708e-02 +7.845859708e-02 +1.157584586e+02 +1.156800000e+02 -2.1889e+00 -9.7836e-01 +2.4523e-01 +3.0891e+00 -3.6052e+00 -3.2391e+00 -3.5547e+00 +2.3587e+00 -3.9231e+00 -1.9515e+00
83687 +5.248731411e-02 +5.248731411e-02 +1.157324873e+02 +1.156800000e+02 -2.1820e+00 -9.8375e-01 +2.4519e-01 +3.0900e+00 -3.6066e+00 -3.2409e+00 -3.5631e+00 +2.3605e+00 -3.9275e+00 -1.9500e+00
84064 +2.440791141e-02 +2.440791141e-02 +1.157044079e+02 +1.156800000e+02 -2.1820e+00 -9.8375e-01 +2.4519e-01 +3.0900e+00 -3.6066e+00 -3.2409e+00 -3.5619e+00 +2.3560e+00 -3.9275e+00 -1.9500e+00
113898 +1.015359090e-02 +1.015359090e-02 +1.156901536e+02 +1.156800000e+02 -2.1820e+00 -9.8375e-01 +2.4519e-01 +3.0900e+00 -3.6066e+00 -3.2438e+00 -3.5619e+00 +2.3560e+00 -3.9241e+00 -1.9500e+00
118505 +9.468029174e-03 +9.468029174e-03 +1.156894680e+02 +1.156800000e+02 -2.1820e+00 -9.8375e-01 +2.4519e-01 +3.0900e+00 -3.6066e+00 -3.2438e+00 -3.5619e+00 +2.3560e+00 -3.9249e+00 -1.9500e+00
133347 +5.354768330e-03 +5.354768330e-03 +1.156853548e+02 +1.156800000e+02 -2.1786e+00 -9.8420e-01 +2.4523e-01 +3.0891e+00 -3.6046e+00 -3.2430e+00 -3.5619e+00 +2.3560e+00 -3.9231e+00 -1.9515e+00
134084 +1.754238078e-03 +1.754238078e-03 +1.156817542e+02 +1.156800000e+02 -2.1786e+00 -9.8420e-01 +2.4523e-01 +3.0891e+00 -3.6046e+00 -3.2430e+00 -3.5619e+00 +2.3560e+00 -3.9251e+00 -1.9515e+00
165800 +8.700202987e-04 +8.700202987e-04 +1.156808700e+02 +1.156800000e+02 -2.1778e+00 -9.8375e-01 +2.4519e-01 +3.0891e+00 -3.6052e+00 -3.2438e+00 -3.5605e+00 +2.3560e+00 -3.9249e+00 -1.9515e+00
185230 +5.221149287e-04 +5.221149287e-04 +1.156805221e+02 +1.156800000e+02 -2.1786e+00 -9.8401e-01 +2.4523e-01 +3.0891e+00 -3.6046e+00 -3.2430e+00 -3.5607e+00 +2.3560e+00 -3.9251e+00 -1.9511e+00
207727 +3.929460089e-04 +3.929460089e-04 +1.156803929e+02 +1.156800000e+02 -2.1786e+00 -9.8401e-01 +2.4523e-01 +3.0891e+00 -3.6046e+00 -3.2430e+00 -3.5607e+00 +2.3560e+00 -3.9249e+00 -1.9511e+00
307242 +1.996378584e-04 +1.996378584e-04 +1.156801996e+02 +1.156800000e+02 -2.1786e+00 -9.8272e-01 +2.4484e-01 +3.0887e+00 -3.6046e+00 -3.2430e+00 -3.5607e+00 +2.3560e+00 -3.9249e+00 -1.9511e+00
377674 +1.382994946e-04 +1.382994946e-04 +1.156801383e+02 +1.156800000e+02 -2.1786e+00 -9.8284e-01 +2.4484e-01 +3.0887e+00 -3.6046e+00 -3.2430e+00 -3.5607e+00 +2.3560e+00 -3.9249e+00 -1.9512e+00
420312 +9.129978170e-05 +9.129978170e-05 +1.156800913e+02 +1.156800000e+02 -2.1786e+00 -9.8330e-01 +2.4484e-01 +3.0887e+00 -3.6046e+00 -3.2430e+00 -3.5608e+00 +2.3560e+00 -3.9249e+00 -1.9512e+00
818101 +5.095382707e-05 +5.095382707e-05 +1.156800510e+02 +1.156800000e+02 -2.1783e+00 -9.8312e-01 +2.4484e-01 +3.0887e+00 -3.6050e+00 -3.2431e+00 -3.5608e+00 +2.3560e+00 -3.9247e+00 -1.9512e+00
924438 +3.406571585e-05 +3.406571585e-05 +1.156800341e+02 +1.156800000e+02 -2.1784e+00 -9.8312e-01 +2.4484e-01 +3.0887e+00 -3.6050e+00 -3.2432e+00 -3.5608e+00 +2.3560e+00 -3.9247e+00 -1.9512e+00
% function evaluation | noise-free fitness - Fopt (-3.710000000000e+00) | best noise-free fitness - Fopt | measured fitness | best measured fitness | x1 | x2...
1 +2.512344675e+03 +2.512344675e+03 +2.508634675e+03 -3.710000000e+00 -1.6755e+00 -2.5668e-01 -1.1329e-01 +3.4365e+00 -4.6517e+00 +1.0883e+00 +3.1292e+00 +4.6753e+00 +2.7197e+00 +9.4957e-01
366 +1.663492531e+02 +1.663492531e+02 +1.626392531e+02 -3.710000000e+00 +1.2945e+00 +1.1456e+00 -1.5294e+00 +4.3941e+00 +2.4109e+00 +4.3341e+00 -6.1638e-01 -1.2480e+00 -3.4413e+00 +2.0329e+00
549 +1.135195914e+02 +1.135195914e+02 +1.098095914e+02 -3.710000000e+00 +1.3503e+00 +8.2961e-02 +4.5705e+00 +3.6320e+00 +4.5427e+00 +4.3237e+00 +6.3594e-01 -1.1272e+00 -3.3340e+00 +6.6939e-01
726 +8.951430172e+01 +8.951430172e+01 +8.580430172e+01 -3.710000000e+00 +1.3503e+00 +8.2961e-02 +4.5705e+00 +4.3941e+00 +2.4109e+00 +4.3341e+00 +6.3594e-01 -1.1272e+00 -3.3340e+00 +6.6939e-01
1082 +6.028475757e+01 +6.028475757e+01 +5.657475757e+01 -3.710000000e+00 +1.2945e+00 +8.2961e-02 +3.4094e+00 +1.9727e+00 +2.5519e+00 +4.1515e+00 +6.3594e-01 -1.1272e+00 -3.3340e+00 +6.6939e-01
1783 +3.532246593e+01 +3.532246593e+01 +3.161246593e+01 -3.710000000e+00 +1.2945e+00 +8.2961e-02 +3.4094e+00 +3.8338e+00 +2.5519e+00 +4.1515e+00 +6.3594e-01 -1.5209e+00 -3.0889e+00 +6.6939e-01
3526 +2.310817546e+01 +2.310817546e+01 +1.939817546e+01 -3.710000000e+00 +1.2945e+00 -1.3574e+00 +2.6050e+00 +3.8338e+00 +2.4715e+00 +4.7101e+00 +6.3594e-01 -1.5209e+00 -2.2710e+00 +6.6939e-01
4551 +1.584659034e+01 +1.584659034e+01 +1.213659034e+01 -3.710000000e+00 +1.0698e+00 -1.3574e+00 +2.6050e+00 +3.8338e+00 +2.4715e+00 +4.2307e+00 +6.3594e-01 -1.9622e+00 -2.3366e+00 +6.6939e-01
5914 +9.951497239e+00 +9.951497239e+00 +6.241497239e+00 -3.710000000e+00 +1.1411e+00 -2.3545e+00 +2.6231e+00 +3.8879e+00 +2.5185e+00 +3.7119e+00 +6.5201e-01 -1.9622e+00 -2.3366e+00 +6.6939e-01
8471 +3.523296630e+00 +3.523296630e+00 -1.867033698e-01 -3.710000000e+00 +2.1117e+00 -2.3415e+00 +1.7276e+00 +3.8879e+00 +3.1687e+00 +3.6556e+00 +1.7052e-01 -1.9764e+00 -2.3366e+00 +6.6939e-01
36146 +2.065379997e+00 +2.065379997e+00 -1.644620003e+00 -3.710000000e+00 +3.1102e+00 -2.2869e+00 +1.8037e+00 +3.9181e+00 +3.1279e+00 +3.6718e+00 +1.3837e-01 -1.9834e+00 -1.9133e+00 +6.6595e-01
39092 +1.507307220e+00 +1.507307220e+00 -2.202692780e+00 -3.710000000e+00 +3.0690e+00 -2.3114e+00 +1.7765e+00 +3.8879e+00 +3.1687e+00 +3.6556e+00 +1.7052e-01 -1.9764e+00 -2.3366e+00 +6.6939e-01
39870 +9.726260325e-01 +9.726260325e-01 -2.737373967e+00 -3.710000000e+00 +3.1212e+00 -2.3114e+00 +1.7776e+00 +3.8879e+00 +3.1687e+00 +3.6556e+00 +1.7052e-01 -1.9764e+00 -2.3366e+00 +6.6939e-01
40837 +5.941188315e-01 +5.941188315e-01 -3.115881168e+00 -3.710000000e+00 +3.1212e+00 -2.3114e+00 +1.7776e+00 +3.8879e+00 +3.1687e+00 +3.6743e+00 +1.7052e-01 -1.9993e+00 -2.3366e+00 +6.6939e-01
43954 +2.706507531e-01 +2.706507531e-01 -3.439349247e+00 -3.710000000e+00 +3.1199e+00 -2.2837e+00 +1.7805e+00 +3.9001e+00 +3.1620e+00 +3.6743e+00 +1.4961e-01 -1.9993e+00 -2.3366e+00 +6.6939e-01
46068 +2.412633141e-01 +2.412633141e-01 -3.468736686e+00 -3.710000000e+00 +3.1199e+00 -2.2914e+00 +1.7805e+00 +3.9001e+00 +3.1620e+00 +3.6743e+00 +1.4961e-01 -1.9993e+00 -2.3366e+00 +6.6939e-01
53556 +3.098663291e-02 +3.098663291e-02 -3.679013367e+00 -3.710000000e+00 +3.1199e+00 -2.2966e+00 +1.7770e+00 +3.9123e+00 +3.1513e+00 +3.6693e+00 +1.6146e-01 -1.9931e+00 -2.3366e+00 +6.7127e-01
89569 +2.510153581e-02 +2.510153581e-02 -3.684898464e+00 -3.710000000e+00 +3.1199e+00 -2.2966e+00 +1.7770e+00 +3.9113e+00 +3.1513e+00 +3.6693e+00 +1.6146e-01 -1.9918e+00 -2.3356e+00 +6.7240e-01
93591 +1.202683055e-02 +1.202683055e-02 -3.697973169e+00 -3.710000000e+00 +3.1199e+00 -2.2966e+00 +1.7845e+00 +3.9113e+00 +3.1530e+00 +3.6693e+00 +1.6146e-01 -1.9918e+00 -2.3356e+00 +6.7240e-01
180861 +9.231524662e-03 +9.231524662e-03 -3.700768475e+00 -3.710000000e+00 +3.1199e+00 -2.2953e+00 +1.7824e+00 +3.9106e+00 +3.1513e+00 +3.6735e+00 +1.6146e-01 -1.9921e+00 -2.3356e+00 +6.7127e-01
202964 +5.673776080e-03 +5.673776080e-03 -3.704326224e+00 -3.710000000e+00 +3.1199e+00 -2.2953e+00 +1.7842e+00 +3.9106e+00 +3.1530e+00 +3.6735e+00 +1.6111e-01 -1.9921e+00 -2.3356e+00 +6.7240e-01
230188 +2.252607820e-03 +2.252607820e-03 -3.707747392e+00 -3.710000000e+00 +3.1199e+00 -2.2953e+00 +1.7845e+00 +3.9106e+00 +3.1530e+00 +3.6735e+00 +1.5924e-01 -1.9921e+00 -2.3353e+00 +6.7240e-01
299073 +8.095651474e-04 +8.095651474e-04 -3.709190435e+00 -3.710000000e+00 +3.1199e+00 -2.2953e+00 +1.7824e+00 +3.9106e+00 +3.1530e+00 +3.6716e+00 +1.5924e-01 -1.9921e+00 -2.3355e+00 +6.7240e-01
346191 +5.231430234e-04 +5.231430234e-04 -3.709476857e+00 -3.710000000e+00 +3.1199e+00 -2.2953e+00 +1.7835e+00 +3.9104e+00 +3.1528e+00 +3.6716e+00 +1.5924e-01 -1.9921e+00 -2.3353e+00 +6.7240e-01
357267 +3.453068141e-04 +3.453068141e-04 -3.709654693e+00 -3.710000000e+00 +3.1199e+00 -2.2953e+00 +1.7835e+00 +3.9104e+00 +3.1528e+00 +3.6716e+00 +1.5924e-01 -1.9921e+00 -2.3353e+00 +6.7172e-01
525026 +1.822805964e-04 +1.822805964e-04 -3.709817719e+00 -3.710000000e+00 +3.1199e+00 -2.2953e+00 +1.7835e+00 +3.9104e+00 +3.1528e+00 +3.6716e+00 +1.5924e-01 -1.9920e+00 -2.3352e+00 +6.7203e-01
653027 +6.456331769e-05 +6.456331769e-05 -3.709935437e+00 -3.710000000e+00 +3.1199e+00 -2.2953e+00 +1.7835e+00 +3.9104e+00 +3.1528e+00 +3.6718e+00 +1.5917e-01 -1.9920e+00 -2.3352e+00 +6.7203e-01
730926 +4.675724657e-05 +4.675724657e-05 -3.709953243e+00 -3.710000000e+00 +3.1199e+00 -2.2953e+00 +1.7832e+00 +3.9104e+00 +3.1528e+00 +3.6718e+00 +1.5917e-01 -1.9920e+00 -2.3352e+00 +6.7203e-01
813457 +1.973879331e-05 +1.973879331e-05 -3.709980261e+00 -3.710000000e+00 +3.1199e+00 -2.2953e+00 +1.7832e+00 +3.9104e+00 +3.1528e+00 +3.6721e+00 +1.5917e-01 -1.9920e+00 -2.3352e+00 +6.7203e-01
% function evaluation | noise-free fitness - Fopt (1.321800000000e+02) | best noise-free fitness - Fopt | measured fitness | best measured fitness | x1 | x2...
1 +9.585558919e+02 +9.585558919e+02 +1.090735892e+03 +1.321800000e+02 -3.2384e+00 +1.8557e+00 -4.8819e+00 -4.9485e+00 +2.0159e+00 +3.3764e+00 -3.5088e+00 +3.1217e+00 -4.4144e+00 +3.2008e+00
370 +1.774174871e+02 +1.774174871e+02 +3.095974871e+02 +1.321800000e+02 +4.7882e-01 +2.3889e+00 +9.1588e-01 -2.5757e+00 -3.1769e+00 +1.1579e+00 -1.6541e+00 -1.9715e+00 +8.6429e-03 -4.2503e-01
545 +1.173443462e+02 +1.173443462e+02 +2.495243462e+02 +1.321800000e+02 -4.5755e+00 +6.5580e-01 +1.9149e+00 -2.0918e+00 -2.5753e+00 -5.5935e-01 -2.2337e+00 -1.0326e+00 -1.7060e+00 +1.5070e+00
720 +8.059890669e+01 +8.059890669e+01 +2.127789067e+02 +1.321800000e+02 +4.7882e-01 +2.4687e+00 +1.9149e+00 -2.0918e+00 -2.5753e+00 -5.5935e-01 -2.2337e+00 -1.0326e+00 +1.2200e+00 +7.0818e-01
895 +5.979884248e+01 +5.979884248e+01 +1.919788425e+02 +1.321800000e+02 -3.2399e+00 +6.1219e-01 +1.9149e+00 -2.5757e+00 -3.1769e+00 -5.5935e-01 -2.2337e+00 -1.0326e+00 +1.2995e+00 +7.0818e-01
1598 +3.885665462e+01 +3.885665462e+01 +1.710366546e+02 +1.321800000e+02 -4.5755e+00 +6.1219e-01 +2.6176e+00 -2.5757e+00 -3.1769e+00 -5.5935e-01 -2.2337e+00 -1.0326e+00 +1.2995e+00 +8.0477e-01
2106 +2.086907313e+01 +2.086907313e+01 +1.530490731e+02 +1.321800000e+02 -4.6604e+00 +6.1219e-01 +2.6176e+00 -1.2674e+00 -2.5753e+00 -5.5935e-01 -2.2337e+00 -2.8769e-01 +1.2995e+00 +8.0477e-01
2635 +1.387290216e+01 +1.387290216e+01 +1.460529022e+02 +1.321800000e+02 -4.7967e+00 +5.6444e-01 +2.6176e+00 -1.2674e+00 -3.1769e+00 -5.5935e-01 -2.2337e+00 -2.8769e-01 +9.5094e-01 +8.0477e-01
4527 +9.712673298e+00 +9.712673298e+00 +1.418926733e+02 +1.321800000e+02 -4.7967e+00 +5.6444e-01 +2.6265e+00 -1.2674e+00 -3.1519e+00 -5.5366e-01 -2.2736e+00 +7.4153e-02 +9.5094e-01 +4.2251e-01
6443 +5.659912724e+00 +5.659912724e+00 +1.378399127e+02 +1.321800000e+02 -3.7312e+00 +1.4395e+00 +3.4880e+00 -1.2674e+00 -3.1519e+00 -5.4442e-01 -2.2736e+00 +7.4153e-02 +9.2181e-01 +4.2251e-01
6975 +3.900192784e+00 +3.900192784e+00 +1.360801928e+02 +1.321800000e+02 -3.7312e+00 +1.4395e+00 +3.4880e+00 -1.2674e+00 -2.4601e+00 -1.0806e+00 -2.2736e+00 +7.4153e-02 +9.2181e-01 +4.2251e-01
16519 +1.947359649e+00 +1.947359649e+00 +1.341273596e+02 +1.321800000e+02 -3.7198e+00 +1.5040e+00 +3.4663e+00 -1.9676e+00 -2.4991e+00 -1.0602e+00 -2.2406e+00 +1.0676e-01 +9.4582e-01 +4.1909e-01
26202 +1.506611338e+00 +1.506611338e+00 +1.336866113e+02 +1.321800000e+02 -3.7518e+00 +1.5072e+00 +3.4688e+00 -1.9643e+00 -2.4957e+00 -1.0589e+00 -2.2643e+00 +5.5674e-01 +9.3424e-01 +4.1814e-01
41543 +2.150032768e-01 +2.150032768e-01 +1.323950033e+02 +1.321800000e+02 -3.7503e+00 +1.4827e+00 +3.4648e+00 -1.9570e+00 -2.4853e+00 -1.0615e+00 -2.2736e+00 +9.3116e-02 +9.2181e-01 +4.0628e-01
43084 +1.579860676e-01 +1.579860676e-01 +1.323379861e+02 +1.321800000e+02 -3.7503e+00 +1.4827e+00 +3.4648e+00 -1.9570e+00 -2.4853e+00 -1.0572e+00 -2.2736e+00 +9.3116e-02 +9.3248e-01 +4.1014e-01
79270 +9.442388959e-02 +9.442388959e-02 +1.322744239e+02 +1.321800000e+02 -3.7581e+00 +1.4827e+00 +3.4648e+00 -1.9643e+00 -2.4853e+00 -1.0559e+00 -2.2736e+00 +9.3116e-02 +9.3248e-01 +4.1014e-01
82142 +6.190204806e-02 +6.190204806e-02 +1.322419020e+02 +1.321800000e+02 -3.7581e+00 +1.4827e+00 +3.4648e+00 -1.9643e+00 -2.4853e+00 -1.0559e+00 -2.2736e+00 +9.3116e-02 +9.2684e-01 +4.0895e-01
113245 +3.322349347e-02 +3.322349347e-02 +1.322132235e+02 +1.321800000e+02 -3.7581e+00 +1.4827e+00 +3.4648e+00 -1.9643e+00 -2.4853e+00 -1.0559e+00 -2.2736e+00 +9.7725e-02 +9.2684e-01 +4.0895e-01
115203 +1.137314864e-02 +1.137314864e-02 +1.321913731e+02 +1.321800000e+02 -3.7581e+00 +1.4827e+00 +3.4590e+00 -1.9643e+00 -2.4913e+00 -1.0559e+00 -2.2736e+00 +9.7725e-02 +9.2684e-01 +4.0895e-01
117735 +5.658796449e-03 +5.658796449e-03 +1.321856588e+02 +1.321800000e+02 -3.7655e+00 +1.4827e+00 +3.4590e+00 -1.9643e+00 -2.4913e+00 -1.0559e+00 -2.2736e+00 +9.7702e-02 +9.2684e-01 +4.0895e-01
148656 +3.534934316e-03 +3.534934316e-03 +1.321835349e+02 +1.321800000e+02 -3.7655e+00 +1.4827e+00 +3.4620e+00 -1.9660e+00 -2.4933e+00 -1.0559e+00 -2.2736e+00 +9.7702e-02 +9.2684e-01 +4.0895e-01
167986 +1.547183203e-03 +1.547183203e-03 +1.321815472e+02 +1.321800000e+02 -3.7642e+00 +1.4827e+00 +3.4620e+00 -1.9643e+00 -2.4913e+00 -1.0559e+00 -2.2736e+00 +9.7702e-02 +9.2750e-01 +4.0895e-01
168170 +9.509698519e-04 +9.509698519e-04 +1.321809510e+02 +1.321800000e+02 -3.7642e+00 +1.4827e+00 +3.4620e+00 -1.9660e+00 -2.4913e+00 -1.0559e+00 -2.2736e+00 +9.7702e-02 +9.2750e-01 +4.0895e-01
234423 +3.414670454e-04 +3.414670454e-04 +1.321803415e+02 +1.321800000e+02 -3.7642e+00 +1.4824e+00 +3.4620e+00 -1.9660e+00 -2.4916e+00 -1.0559e+00 -2.2736e+00 +9.7702e-02 +9.2779e-01 +4.0895e-01
355039 +2.498673761e-04 +2.498673761e-04 +1.321802499e+02 +1.321800000e+02 -3.7642e+00 +1.4824e+00 +3.4620e+00 -1.9660e+00 -2.4920e+00 -1.0559e+00 -2.2736e+00 +9.7570e-02 +9.2779e-01 +4.0895e-01
466288 +1.191642248e-04 +1.191642248e-04 +1.321801192e+02 +1.321800000e+02 -3.7642e+00 +1.4824e+00 +3.4615e+00 -1.9655e+00 -2.4920e+00 -1.0559e+00 -2.2736e+00 +9.7570e-02 +9.2779e-01 +4.0895e-01
520918 +8.124859738e-05 +8.124859738e-05 +1.321800812e+02 +1.321800000e+02 -3.7642e+00 +1.4824e+00 +3.4615e+00 -1.9655e+00 -2.4920e+00 -1.0559e+00 -2.2736e+00 +9.7570e-02 +9.2779e-01 +4.0886e-01
800456 +1.048568973e-05 +1.048568973e-05 +1.321800105e+02 +1.321800000e+02 -3.7640e+00 +1.4824e+00 +3.4615e+00 -1.9656e+00 -2.4920e+00 -1.0559e+00 -2.2736e+00 +9.7570e-02 +9.2797e-01 +4.0882e-01
844507 +7.012992484e-06 +7.012992484e-06 +1.321800070e+02 +1.321800000e+02 -3.7640e+00 +1.4824e+00 +3.4616e+00 -1.9656e+00 -2.4920e+00 -1.0559e+00 -2.2736e+00 +9.7570e-02 +9.2797e-01 +4.0882e-01
% function evaluation | noise-free fitness - Fopt (-4.174000000000e+01) | best noise-free fitness - Fopt | measured fitness | best measured fitness | x1 | x2...
1 +1.098645042e+03 +1.098645042e+03 +1.056905042e+03 -4.174000000e+01 +2.1683e+00 +2.8860e+00 +3.3191e+00 -2.3290e+00 +1.1017e+00 +2.4311e+00 -3.0032e+00 +1.0582e+00 +2.6303e+00 -4.6158e-01
378 +1.424256338e+02 +1.424256338e+02 +1.006856338e+02 -4.174000000e+01 +2.3470e-01 +1.1451e-01 +2.8567e+00 +4.3760e+00 +3.8495e+00 +1.5853e+00 +2.3360e+00 -3.6912e+00 -1.2308e+00 +3.4198e+00
731 +9.221149184e+01 +9.221149184e+01 +5.047149184e+01 -4.174000000e+01 +1.3000e+00 -2.6592e+00 -2.4800e+00 +2.4330e+00 +2.2764e+00 -9.5629e-01 +4.7342e+00 -1.3240e+00 -7.8391e-01 +2.6896e+00
908 +6.162754911e+01 +6.162754911e+01 +1.988754911e+01 -4.174000000e+01 +1.3000e+00 -2.6592e+00 +1.5653e+00 +4.3760e+00 +1.4071e+00 +1.1033e+00 +1.8012e+00 -1.2668e+00 -2.8711e+00 +4.2381e+00
1419 +3.303682755e+01 +3.303682755e+01 -8.703172448e+00 -4.174000000e+01 +3.1624e+00 -2.6592e+00 +1.3995e+00 +4.5346e+00 +1.4071e+00 +1.0808e+00 +3.9722e+00 -1.7198e+00 -7.8391e-01 +3.4688e+00
2107 +2.499171431e+01 +2.499171431e+01 -1.674828569e+01 -4.174000000e+01 +3.1624e+00 -2.6592e+00 +1.3995e+00 +4.3760e+00 +1.4071e+00 +1.0808e+00 +2.9334e+00 -1.7198e+00 -2.8711e+00 +3.4688e+00
2625 +1.499823329e+01 +1.499823329e+01 -2.674176671e+01 -4.174000000e+01 +3.1624e+00 -2.6592e+00 +6.1529e-01 +4.3760e+00 +1.4071e+00 +1.0808e+00 +2.9334e+00 -1.7198e+00 -2.1991e+00 +3.4688e+00
3131 +9.342273744e+00 +9.342273744e+00 -3.239772626e+01 -4.174000000e+01 +3.1624e+00 -1.7946e+00 +5.6200e-01 +3.6899e+00 +1.4895e+00 +1.0808e+00 +2.9334e+00 -1.7198e+00 -2.1991e+00 +3.4688e+00
3839 +6.264210211e+00 +6.264210211e+00 -3.547578979e+01 -4.174000000e+01 +3.1624e+00 -1.7946e+00 +6.1529e-01 +3.6899e+00 +1.4895e+00 +1.0808e+00 +2.9953e+00 -1.7198e+00 -1.4206e+00 +3.4688e+00
6078 +3.342561681e+00 +3.342561681e+00 -3.839743832e+01 -4.174000000e+01 +3.1624e+00 -1.7946e+00 +6.4841e-01 +3.6899e+00 +1.4895e+00 +5.4075e-01 +2.9953e+00 -1.7198e+00 -1.8403e+00 +3.4688e+00
6440 +2.501803700e+00 +2.501803700e+00 -3.923819630e+01 -4.174000000e+01 +3.1624e+00 -1.7946e+00 +7.0376e-01 +3.6899e+00 +1.4895e+00 +5.4075e-01 +2.9953e+00 -1.7198e+00 -1.8403e+00 +3.4688e+00
37750 +9.288122089e-01 +9.288122089e-01 -4.081118779e+01 -4.174000000e+01 +3.1624e+00 -1.8303e+00 -1.3561e-01 +3.6899e+00 +1.4895e+00 +5.4075e-01 +2.9953e+00 -1.7223e+00 -1.8238e+00 +3.4688e+00
39584 +6.063067868e-01 +6.063067868e-01 -4.113369321e+01 -4.174000000e+01 +3.1229e+00 -1.8303e+00 -1.3561e-01 +3.7178e+00 +1.4895e+00 +5.4075e-01 +2.9953e+00 -1.7223e+00 -1.8281e+00 +3.4688e+00
42149 +3.422243711e-01 +3.422243711e-01 -4.139777563e+01 -4.174000000e+01 +3.1229e+00 -1.8303e+00 -1.3561e-01 +3.7178e+00 +1.4787e+00 +5.3697e-01 +2.9690e+00 -1.7223e+00 -1.8281e+00 +3.4688e+00
43069 +2.426363772e-01 +2.426363772e-01 -4.149736362e+01 -4.174000000e+01 +3.1229e+00 -1.8303e+00 -1.3561e-01 +3.7178e+00 +1.4787e+00 +5.3697e-01 +2.9690e+00 -1.7223e+00 -1.8281e+00 +3.4654e+00
54157 +1.468625394e-01 +1.468625394e-01 -4.159313746e+01 -4.174000000e+01 +3.1152e+00 -1.8345e+00 -1.3632e-01 +3.7099e+00 +1.4731e+00 +5.3950e-01 +2.9784e+00 -1.7214e+00 -1.8367e+00 +3.4592e+00
85743 +9.406917190e-02 +9.406917190e-02 -4.164593083e+01 -4.174000000e+01 +3.1302e+00 -1.8345e+00 -1.3632e-01 +3.7099e+00 +1.4731e+00 +5.3950e-01 +2.9784e+00 -1.7214e+00 -1.8367e+00 +3.4592e+00
92917 +5.945149283e-02 +5.945149283e-02 -4.168054851e+01 -4.174000000e+01 +3.1359e+00 -1.8345e+00 -1.3632e-01 +3.7099e+00 +1.4731e+00 +5.3950e-01 +2.9784e+00 -1.7223e+00 -1.8238e+00 +3.4598e+00
93288 +1.626293035e-02 +1.626293035e-02 -4.172373707e+01 -4.174000000e+01 +3.1359e+00 -1.8345e+00 -1.3632e-01 +3.7099e+00 +1.4731e+00 +5.3950e-01 +2.9784e+00 -1.7223e+00 -1.8281e+00 +3.4568e+00
93472 +1.576164307e-02 +1.576164307e-02 -4.172423836e+01 -4.174000000e+01 +3.1359e+00 -1.8345e+00 -1.3632e-01 +3.7099e+00 +1.4731e+00 +5.3950e-01 +2.9784e+00 -1.7214e+00 -1.8281e+00 +3.4568e+00
117470 +9.487553486e-03 +9.487553486e-03 -4.173051245e+01 -4.174000000e+01 +3.1314e+00 -1.8345e+00 -1.3632e-01 +3.7099e+00 +1.4731e+00 +5.3678e-01 +2.9784e+00 -1.7214e+00 -1.8307e+00 +3.4587e+00
117854 +4.308325669e-03 +4.308325669e-03 -4.173569167e+01 -4.174000000e+01 +3.1314e+00 -1.8345e+00 -1.3632e-01 +3.7099e+00 +1.4731e+00 +5.3678e-01 +2.9784e+00 -1.7214e+00 -1.8287e+00 +3.4587e+00
140375 +2.653550704e-03 +2.653550704e-03 -4.173734645e+01 -4.174000000e+01 +3.1314e+00 -1.8345e+00 -1.3632e-01 +3.7099e+00 +1.4731e+00 +5.3678e-01 +2.9784e+00 -1.7214e+00 -1.8281e+00 +3.4580e+00
187617 +1.965251125e-03 +1.965251125e-03 -4.173803475e+01 -4.174000000e+01 +3.1314e+00 -1.8345e+00 -1.3632e-01 +3.7099e+00 +1.4731e+00 +5.3678e-01 +2.9784e+00 -1.7214e+00 -1.8287e+00 +3.4580e+00
187809 +1.566189153e-03 +1.566189153e-03 -4.173843381e+01 -4.174000000e+01 +3.1314e+00 -1.8345e+00 -1.3632e-01 +3.7099e+00 +1.4739e+00 +5.3609e-01 +2.9784e+00 -1.7214e+00 -1.8287e+00 +3.4580e+00
195125 +9.732539442e-04 +9.732539442e-04 -4.173902675e+01 -4.174000000e+01 +3.1314e+00 -1.8345e+00 -1.3742e-01 +3.7099e+00 +1.4739e+00 +5.3609e-01 +2.9784e+00 -1.7214e+00 -1.8287e+00 +3.4580e+00
225302 +4.969822283e-04 +4.969822283e-04 -4.173950302e+01 -4.174000000e+01 +3.1314e+00 -1.8345e+00 -1.3742e-01 +3.7085e+00 +1.4739e+00 +5.3609e-01 +2.9784e+00 -1.7214e+00 -1.8287e+00 +3.4580e+00
246354 +3.881558063e-04 +3.881558063e-04 -4.173961184e+01 -4.174000000e+01 +3.1314e+00 -1.8345e+00 -1.3742e-01 +3.7081e+00 +1.4739e+00 +5.3594e-01 +2.9784e+00 -1.7214e+00 -1.8287e+00 +3.4575e+00
290935 +1.855663477e-04 +1.855663477e-04 -4.173981443e+01 -4.174000000e+01 +3.1314e+00 -1.8345e+00 -1.3778e-01 +3.7090e+00 +1.4739e+00 +5.3609e-01 +2.9784e+00 -1.7214e+00 -1.8287e+00 +3.4575e+00
329846 +1.532068250e-04 +1.532068250e-04 -4.173984679e+01 -4.174000000e+01 +3.1314e+00 -1.8345e+00 -1.3778e-01 +3.7090e+00 +1.4739e+00 +5.3594e-01 +2.9784e+00 -1.7215e+00 -1.8287e+00 +3.4575e+00
600409 +6.654067551e-05 +6.654067551e-05 -4.173993346e+01 -4.174000000e+01 +3.1312e+00 -1.8344e+00 -1.3770e-01 +3.7090e+00 +1.4735e+00 +5.3594e-01 +2.9784e+00 -1.7215e+00 -1.8287e+00 +3.4576e+00
679082 +5.693269276e-05 +5.693269276e-05 -4.173994307e+01 -4.174000000e+01 +3.1312e+00 -1.8344e+00 -1.3770e-01 +3.7090e+00 +1.4735e+00 +5.3594e-01 +2.9784e+00 -1.7215e+00 -1.8287e+00 +3.4576e+00
843452 +3.362296417e-05 +3.362296417e-05 -4.173996638e+01 -4.174000000e+01 +3.1312e+00 -1.8344e+00 -1.3770e-01 +3.7088e+00 +1.4735e+00 +5.3594e-01 +2.9784e+00 -1.7217e+00 -1.8287e+00 +3.4576e+00
% function evaluation | noise-free fitness - Fopt (-4.948600000000e+02) | best noise-free fitness - Fopt | measured fitness | best measured fitness | x1 | x2...
1 +1.129388245e+03 +1.129388245e+03 +6.345282448e+02 -4.948600000e+02 -4.3092e+00 +3.1461e+00 +3.6616e+00 +2.6382e+00 -2.4298e+00 -1.0336e-01 -2.9573e+00 -4.3114e+00 +4.5009e+00 -4.7994e+00
398 +1.987934272e+02 +1.987934272e+02 -2.960665728e+02 -4.948600000e+02 -4.5805e+00 +2.0105e+00 +1.5881e-01 -3.2054e+00 -3.9659e+00 -6.5776e-01 -2.5680e+00 +7.9106e-01 +2.9854e-01 +3.6469e+00
596 +1.068580422e+02 +1.068580422e+02 -3.880019578e+02 -4.948600000e+02 -4.5805e+00 +2.0105e+00 +1.5652e+00 +1.7679e+00 -1.9384e+00 -3.2425e+00 -2.5680e+00 +7.9106e-01 +2.9854e-01 +3.6469e+00
793 +8.701413829e+01 +8.701413829e+01 -4.078458617e+02 -4.948600000e+02 +1.2107e-01 -2.7044e+00 +1.2379e+00 +1.5050e+00 -1.9384e+00 -3.2425e+00 -2.5680e+00 +7.9106e-01 +2.9854e-01 +3.6469e+00
1186 +4.856480023e+01 +4.856480023e+01 -4.462951998e+02 -4.948600000e+02 -4.5805e+00 -2.7044e+00 +1.5652e+00 +1.5050e+00 -1.9384e+00 -3.2425e+00 -2.5680e+00 +2.9847e-01 +2.9854e-01 +3.5062e+00
1582 +3.955065225e+01 +3.955065225e+01 -4.553093477e+02 -4.948600000e+02 -4.5805e+00 -1.1476e+00 +2.2522e+00 +8.4128e-01 -1.9384e+00 -3.2425e+00 -2.5680e+00 +2.9847e-01 +2.9854e-01 +3.5062e+00
2576 +1.987511984e+01 +1.987511984e+01 -4.749848802e+02 -4.948600000e+02 -3.7329e+00 -1.1476e+00 +2.3394e+00 +8.4128e-01 -1.9384e+00 -3.2425e+00 -1.7727e+00 +2.9847e-01 +1.0697e+00 +3.5062e+00
2970 +1.549497660e+01 +1.549497660e+01 -4.793650234e+02 -4.948600000e+02 -3.7329e+00 -1.1476e+00 +2.4790e+00 +8.4128e-01 -1.9564e+00 -3.2425e+00 -1.1910e+00 +2.9847e-01 +1.0697e+00 +3.5062e+00
4158 +8.789018757e+00 +8.789018757e+00 -4.860709812e+02 -4.948600000e+02 -3.7329e+00 -1.1476e+00 +3.8371e+00 +8.4128e-01 -1.9564e+00 -3.2425e+00 -1.6817e+00 +2.9847e-01 +1.0538e+00 +3.5062e+00
4745 +5.366636601e+00 +5.366636601e+00 -4.894933634e+02 -4.948600000e+02 -3.7798e+00 -1.1400e+00 +3.8371e+00 +8.4128e-01 -2.4636e+00 -3.2425e+00 -1.6817e+00 +2.9847e-01 +1.0538e+00 +3.5062e+00
6524 +3.740278117e+00 +3.740278117e+00 -4.911197219e+02 -4.948600000e+02 -2.8094e+00 -1.1400e+00 +3.8371e+00 +2.6220e-01 -2.4636e+00 -3.2425e+00 -1.6817e+00 +2.9847e-01 +1.0538e+00 +3.5062e+00
9286 +2.480378088e+00 +2.480378088e+00 -4.923796219e+02 -4.948600000e+02 -2.7744e+00 -1.1400e+00 +3.8371e+00 +2.2443e-01 -3.0881e+00 -3.2425e+00 -1.6843e+00 +2.9847e-01 +1.0538e+00 +3.5132e+00
9882 +1.517914616e+00 +1.517914616e+00 -4.933420854e+02 -4.948600000e+02 -2.7744e+00 -1.1400e+00 +3.8371e+00 +2.2443e-01 -3.0391e+00 -3.2425e+00 -1.6843e+00 +2.9847e-01 +1.0538e+00 +3.5132e+00
40259 +3.310689303e-01 +3.310689303e-01 -4.945289311e+02 -4.948600000e+02 -2.7744e+00 -1.1400e+00 +3.8198e+00 +2.2443e-01 -3.0478e+00 -3.2312e+00 -1.6843e+00 -1.6934e-01 +1.0538e+00 +3.5132e+00
41656 +2.245528578e-01 +2.245528578e-01 -4.946354471e+02 -4.948600000e+02 -2.7744e+00 -1.1095e+00 +3.8198e+00 +2.2443e-01 -3.0478e+00 -3.2312e+00 -1.6843e+00 -1.6934e-01 +1.0538e+00 +3.5259e+00
44040 +1.282351856e-01 +1.282351856e-01 -4.947317648e+02 -4.948600000e+02 -2.7744e+00 -1.1272e+00 +3.8227e+00 +2.2443e-01 -3.0478e+00 -3.2312e+00 -1.6843e+00 -1.6279e-01 +1.0538e+00 +3.5259e+00
45440 +6.666732831e-02 +6.666732831e-02 -4.947933327e+02 -4.948600000e+02 -2.7744e+00 -1.1244e+00 +3.8227e+00 +2.2443e-01 -3.0478e+00 -3.2312e+00 -1.6843e+00 -1.6279e-01 +1.0605e+00 +3.5259e+00
55416 +5.313803581e-02 +5.313803581e-02 -4.948068620e+02 -4.948600000e+02 -2.7744e+00 -1.1213e+00 +3.8212e+00 +2.2443e-01 -3.0435e+00 -3.2232e+00 -1.6887e+00 -1.6603e-01 +1.0602e+00 +3.5212e+00
90433 +3.872189070e-02 +3.872189070e-02 -4.948212781e+02 -4.948600000e+02 -2.7744e+00 -1.1213e+00 +3.8212e+00 +2.2443e-01 -3.0498e+00 -3.2331e+00 -1.6898e+00 -1.6603e-01 +1.0602e+00 +3.5212e+00
95730 +2.442725616e-02 +2.442725616e-02 -4.948355727e+02 -4.948600000e+02 -2.7744e+00 -1.1244e+00 +3.8227e+00 +2.2443e-01 -3.0478e+00 -3.2312e+00 -1.6898e+00 -1.6603e-01 +1.0602e+00 +3.5212e+00
95915 +7.441195526e-03 +7.441195526e-03 -4.948525588e+02 -4.948600000e+02 -2.7744e+00 -1.1213e+00 +3.8212e+00 +2.2443e-01 -3.0478e+00 -3.2312e+00 -1.6898e+00 -1.6279e-01 +1.0602e+00 +3.5212e+00
103907 +2.981357420e-03 +2.981357420e-03 -4.948570186e+02 -4.948600000e+02 -2.7744e+00 -1.1244e+00 +3.8227e+00 +2.2443e-01 -3.0478e+00 -3.2296e+00 -1.6898e+00 -1.6279e-01 +1.0602e+00 +3.5212e+00
143993 +1.172683629e-03 +1.172683629e-03 -4.948588273e+02 -4.948600000e+02 -2.7744e+00 -1.1226e+00 +3.8227e+00 +2.2600e-01 -3.0478e+00 -3.2296e+00 -1.6897e+00 -1.6279e-01 +1.0599e+00 +3.5212e+00
181675 +7.586428893e-04 +7.586428893e-04 -4.948592414e+02 -4.948600000e+02 -2.7744e+00 -1.1226e+00 +3.8227e+00 +2.2600e-01 -3.0478e+00 -3.2289e+00 -1.6897e+00 -1.6279e-01 +1.0599e+00 +3.5212e+00
268771 +3.586012560e-04 +3.586012560e-04 -4.948596414e+02 -4.948600000e+02 -2.7744e+00 -1.1226e+00 +3.8224e+00 +2.2652e-01 -3.0478e+00 -3.2289e+00 -1.6897e+00 -1.6279e-01 +1.0599e+00 +3.5217e+00
319088 +1.794988739e-04 +1.794988739e-04 -4.948598205e+02 -4.948600000e+02 -2.7744e+00 -1.1232e+00 +3.8224e+00 +2.2645e-01 -3.0478e+00 -3.2289e+00 -1.6897e+00 -1.6209e-01 +1.0599e+00 +3.5217e+00
578125 +1.381778887e-04 +1.381778887e-04 -4.948598618e+02 -4.948600000e+02 -2.7744e+00 -1.1232e+00 +3.8224e+00 +2.2645e-01 -3.0480e+00 -3.2288e+00 -1.6895e+00 -1.6209e-01 +1.0599e+00 +3.5217e+00
840676 +4.857109320e-05 +4.857109320e-05 -4.948599514e+02 -4.948600000e+02 -2.7744e+00 -1.1232e+00 +3.8224e+00 +2.2645e-01 -3.0480e+00 -3.2288e+00 -1.6895e+00 -1.6259e-01 +1.0600e+00 +3.5217e+00
900656 +1.200261147e-05 +1.200261147e-05 -4.948599880e+02 -4.948600000e+02 -2.7744e+00 -1.1232e+00 +3.8224e+00 +2.2645e-01 -3.0480e+00 -3.2288e+00 -1.6895e+00 -1.6237e-01 +1.0600e+00 +3.5217e+00
% function evaluation | noise-free fitness - Fopt (3.484000000000e+02) | best noise-free fitness - Fopt | measured fitness | best measured fitness | x1 | x2...
1 +7.272331723e+02 +7.272331723e+02 +1.075633172e+03 +3.484000000e+02 -2.0308e+00 -2.0416e+00 +3.1831e+00 +8.8138e-01 -1.0693e+00 -1.2800e+00 -3.7712e+00 -6.4735e-01 +6.1307e-01 -2.6742e+00
394 +1.947396376e+02 +1.947396376e+02 +5.431396376e+02 +3.484000000e+02 +1.9522e+00 -3.6027e+00 -3.8453e+00 -2.6912e+00 -4.9377e+00 +2.7796e+00 +2.0990e-01 +1.2764e-01 +1.2630e+00 +1.5882e+00
593 +1.242910822e+02 +1.242910822e+02 +4.726910822e+02 +3.484000000e+02 +1.4802e+00 +5.6688e-01 -3.2678e+00 -3.5734e+00 -3.4074e+00 +3.4679e+00 +1.9456e+00 -5.9911e-01 +3.1485e+00 +3.7169e+00
987 +6.868266418e+01 +6.868266418e+01 +4.170826642e+02 +3.484000000e+02 +1.9522e+00 +5.6688e-01 -3.8453e+00 -3.5734e+00 -3.4074e+00 +3.4679e+00 +1.9456e+00 -7.0065e-01 +3.3439e+00 +1.5882e+00
1378 +5.225018111e+01 +5.225018111e+01 +4.006501811e+02 +3.484000000e+02 +8.0747e-01 +5.6688e-01 -1.1902e+00 -3.5221e+00 -3.6165e+00 +3.4679e+00 +1.9456e+00 -1.1929e+00 +4.1446e+00 +3.2246e+00
1775 +3.133311269e+01 +3.133311269e+01 +3.797331127e+02 +3.484000000e+02 +8.0747e-01 +5.6688e-01 -6.6387e-01 -3.5221e+00 -3.6165e+00 +3.4679e+00 +1.9456e+00 -7.0065e-01 +3.3439e+00 +3.2246e+00
2358 +2.501224575e+01 +2.501224575e+01 +3.734122458e+02 +3.484000000e+02 +1.0260e+00 +5.6688e-01 -1.3232e+00 -3.5221e+00 -3.6165e+00 +3.4679e+00 +2.4771e+00 -7.0065e-01 +3.3439e+00 +3.2246e+00
3337 +1.158484166e+01 +1.158484166e+01 +3.599848417e+02 +3.484000000e+02 -8.1555e-02 +5.6688e-01 -1.3232e+00 -3.5221e+00 -3.6165e+00 +3.5402e+00 +2.0006e+00 -7.0065e-01 +3.6713e+00 +2.9219e+00
3733 +9.081012897e+00 +9.081012897e+00 +3.574810129e+02 +3.484000000e+02 -5.0593e-03 +5.6688e-01 -1.3232e+00 -3.5221e+00 -3.6165e+00 +3.5402e+00 +2.0006e+00 -7.0065e-01 +3.6713e+00 +2.9219e+00
4125 +5.070053133e+00 +5.070053133e+00 +3.534700531e+02 +3.484000000e+02 -1.0376e+00 +5.6688e-01 -1.3232e+00 -3.5221e+00 -3.6165e+00 +3.5402e+00 +2.0006e+00 -7.0065e-01 +3.6713e+00 +2.5972e+00
4517 +3.769672218e+00 +3.769672218e+00 +3.521696722e+02 +3.484000000e+02 -1.9917e+00 +5.6688e-01 -1.3232e+00 -3.5221e+00 -3.6165e+00 +3.5402e+00 +2.0006e+00 -7.0065e-01 +3.6713e+00 +2.5972e+00
8230 +2.463072472e+00 +2.463072472e+00 +3.508630725e+02 +3.484000000e+02 -1.9941e+00 +5.7175e-01 -1.3466e+00 -3.5287e+00 -3.6051e+00 +3.5402e+00 +2.0006e+00 -2.7940e-01 +3.6170e+00 +2.5972e+00
38363 +1.427455357e+00 +1.427455357e+00 +3.498274554e+02 +3.484000000e+02 -1.9941e+00 +5.7175e-01 -1.3633e+00 -3.5287e+00 -3.6051e+00 +3.5402e+00 +1.9994e+00 -2.7940e-01 +3.6488e+00 +2.5972e+00
39647 +3.789331017e-01 +3.789331017e-01 +3.487789331e+02 +3.484000000e+02 -2.0217e+00 +5.8305e-01 -1.3823e+00 -3.5287e+00 -3.6051e+00 +3.5402e+00 +1.9994e+00 -3.0093e-01 +3.6488e+00 +2.5972e+00
43282 +2.423747261e-01 +2.423747261e-01 +3.486423747e+02 +3.484000000e+02 -2.0026e+00 +5.9398e-01 -1.3823e+00 -3.5287e+00 -3.6098e+00 +3.5402e+00 +1.9994e+00 -3.0093e-01 +3.6376e+00 +2.5972e+00
62515 +1.208252348e-01 +1.208252348e-01 +3.485208252e+02 +3.484000000e+02 -2.0046e+00 +6.0292e-01 -1.3825e+00 -3.5287e+00 -3.6051e+00 +3.5402e+00 +1.9994e+00 -3.0517e-01 +3.6379e+00 +2.5919e+00
79041 +7.544868673e-02 +7.544868673e-02 +3.484754487e+02 +3.484000000e+02 -2.0095e+00 +5.9398e-01 -1.3917e+00 -3.5287e+00 -3.6098e+00 +3.5386e+00 +1.9994e+00 -3.0267e-01 +3.6376e+00 +2.5889e+00
79841 +5.519257427e-02 +5.519257427e-02 +3.484551926e+02 +3.484000000e+02 -2.0095e+00 +5.9398e-01 -1.3917e+00 -3.5287e+00 -3.6098e+00 +3.5386e+00 +1.9931e+00 -3.0267e-01 +3.6376e+00 +2.5889e+00
82837 +3.950324208e-02 +3.950324208e-02 +3.484395032e+02 +3.484000000e+02 -2.0095e+00 +5.9398e-01 -1.3917e+00 -3.5287e+00 -3.6098e+00 +3.5386e+00 +1.9931e+00 -3.0267e-01 +3.6416e+00 +2.5889e+00
130816 +1.992277707e-02 +1.992277707e-02 +3.484199228e+02 +3.484000000e+02 -2.0095e+00 +5.9398e-01 -1.3917e+00 -3.5287e+00 -3.6098e+00 +3.5333e+00 +1.9931e+00 -3.0267e-01 +3.6416e+00 +2.5889e+00
131208 +1.214163238e-02 +1.214163238e-02 +3.484121416e+02 +3.484000000e+02 -2.0106e+00 +5.9398e-01 -1.3886e+00 -3.5287e+00 -3.6098e+00 +3.5333e+00 +1.9931e+00 -3.0267e-01 +3.6416e+00 +2.5889e+00
131405 +7.305383858e-03 +7.305383858e-03 +3.484073054e+02 +3.484000000e+02 -2.0106e+00 +5.9398e-01 -1.3886e+00 -3.5287e+00 -3.6098e+00 +3.5333e+00 +1.9931e+00 -3.0580e-01 +3.6416e+00 +2.5889e+00
141175 +5.670757646e-03 +5.670757646e-03 +3.484056708e+02 +3.484000000e+02 -2.0124e+00 +5.9433e-01 -1.3886e+00 -3.5262e+00 -3.6098e+00 +3.5333e+00 +1.9931e+00 -3.0517e-01 +3.6400e+00 +2.5889e+00
187520 +3.944946002e-03 +3.944946002e-03 +3.484039449e+02 +3.484000000e+02 -2.0106e+00 +5.9550e-01 -1.3886e+00 -3.5262e+00 -3.6098e+00 +3.5327e+00 +1.9956e+00 -3.0517e-01 +3.6416e+00 +2.5889e+00
235641 +2.409511406e-03 +2.409511406e-03 +3.484024095e+02 +3.484000000e+02 -2.0106e+00 +5.9714e-01 -1.3879e+00 -3.5262e+00 -3.6098e+00 +3.5327e+00 +1.9956e+00 -3.0517e-01 +3.6411e+00 +2.5889e+00
320054 +9.044381178e-04 +9.044381178e-04 +3.484009044e+02 +3.484000000e+02 -2.0106e+00 +5.9683e-01 -1.3866e+00 -3.5271e+00 -3.6098e+00 +3.5327e+00 +1.9950e+00 -3.0517e-01 +3.6411e+00 +2.5889e+00
341883 +3.073478238e-04 +3.073478238e-04 +3.484003073e+02 +3.484000000e+02 -2.0106e+00 +5.9683e-01 -1.3871e+00 -3.5271e+00 -3.6095e+00 +3.5327e+00 +1.9941e+00 -3.0471e-01 +3.6411e+00 +2.5889e+00
391815 +2.460726814e-04 +2.460726814e-04 +3.484002461e+02 +3.484000000e+02 -2.0114e+00 +5.9683e-01 -1.3871e+00 -3.5271e+00 -3.6095e+00 +3.5327e+00 +1.9941e+00 -3.0471e-01 +3.6411e+00 +2.5889e+00
562878 +1.379963473e-04 +1.379963473e-04 +3.484001380e+02 +3.484000000e+02 -2.0112e+00 +5.9683e-01 -1.3873e+00 -3.5271e+00 -3.6095e+00 +3.5327e+00 +1.9944e+00 -3.0479e-01 +3.6411e+00 +2.5889e+00
867873 +3.276646061e-05 +3.276646061e-05 +3.484000328e+02 +3.484000000e+02 -2.0112e+00 +5.9683e-01 -1.3873e+00 -3.5271e+00 -3.6096e+00 +3.5327e+00 +1.9944e+00 -3.0479e-01 +3.6409e+00 +2.5889e+00
% function evaluation | noise-free fitness - Fopt (3.770000000000e+00) | best noise-free fitness - Fopt | measured fitness | best measured fitness | x1 | x2...
1 +1.168791064e+03 +1.168791064e+03 +1.172561064e+03 +3.770000000e+00 -3.8298e+00 +2.3049e+00 +4.5036e+00 -4.5600e+00 -3.1425e+00 +4.9434e+00 +4.9892e+00 +2.1101e+00 +1.1731e+00 -1.1057e+00
378 +2.081945893e+02 +2.081945893e+02 +2.119645893e+02 +3.770000000e+00 +4.5592e+00 +1.9817e+00 -3.3940e+00 +2.1829e+00 -4.4454e-01 -1.0056e-01 +1.1038e+00 +6.2301e-01 -3.8761e+00 -1.7692e+00
731 +1.297006696e+02 +1.297006696e+02 +1.334706696e+02 +3.770000000e+00 +4.5592e+00 -1.6821e+00 -3.0538e+00 +1.3448e+00 -3.9843e+00 +3.4828e+00 +5.8362e-01 +1.4780e+00 -4.5196e+00 -1.2984e+00
912 +9.783452371e+01 +9.783452371e+01 +1.016045237e+02 +3.770000000e+00 +1.0905e+00 -1.6821e+00 -2.1614e+00 +2.7888e+00 -2.6344e+00 +4.8883e+00 +1.6033e+00 +1.4780e+00 -4.5196e+00 +1.0343e-01
1443 +5.114737518e+01 +5.114737518e+01 +5.491737518e+01 +3.770000000e+00 +1.0905e+00 -1.3346e+00 -3.2368e+00 +2.7888e+00 -3.9843e+00 +3.4828e+00 +1.6033e+00 +1.4780e+00 -4.5196e+00 +1.0343e-01
1979 +3.486439904e+01 +3.486439904e+01 +3.863439904e+01 +3.770000000e+00 +1.0905e+00 -2.5666e-01 -3.2368e+00 +2.7888e+00 -3.9843e+00 +3.5684e+00 +1.6033e+00 +1.4780e+00 -4.5196e+00 -6.6602e-01
3028 +2.330708880e+01 +2.330708880e+01 +2.707708880e+01 +3.770000000e+00 +9.6756e-01 -1.1431e+00 -3.2368e+00 +2.7888e+00 -3.9843e+00 +3.0478e+00 +1.6033e+00 +1.4780e+00 -3.2960e+00 -6.6602e-01
3748 +1.462398167e+01 +1.462398167e+01 +1.839398167e+01 +3.770000000e+00 +9.6756e-01 -1.1431e+00 -3.2368e+00 +2.7888e+00 -3.9843e+00 +3.0478e+00 +1.6033e+00 +1.4262e+00 -3.2960e+00 -2.5412e-01
4278 +8.709947198e+00 +8.709947198e+00 +1.247994720e+01 +3.770000000e+00 +1.9375e+00 -1.1431e+00 -3.2368e+00 +2.7888e+00 -3.4161e+00 +3.0478e+00 +1.6033e+00 +1.3720e+00 -3.2960e+00 -2.5412e-01
5176 +5.673134455e+00 +5.673134455e+00 +9.443134455e+00 +3.770000000e+00 +1.9375e+00 -1.1294e+00 -3.2368e+00 +2.7888e+00 -3.4161e+00 +3.0478e+00 +2.1080e+00 +1.3720e+00 -3.7085e+00 -2.5412e-01
5858 +2.924472425e+00 +2.924472425e+00 +6.694472425e+00 +3.770000000e+00 +2.8821e+00 -2.0077e+00 -3.1470e+00 +2.7888e+00 -3.4161e+00 +3.0478e+00 +2.1080e+00 +1.3720e+00 -3.7085e+00 -2.5412e-01
7267 +2.352936027e+00 +2.352936027e+00 +6.122936027e+00 +3.770000000e+00 +2.8930e+00 -2.0411e+00 -3.1470e+00 +2.7888e+00 -3.4161e+00 +3.0687e+00 +2.1068e+00 +1.3720e+00 -3.7085e+00 -2.5412e-01
8885 +1.376620498e+00 +1.376620498e+00 +5.146620498e+00 +3.770000000e+00 +2.9492e+00 -2.0411e+00 -3.1470e+00 +2.7888e+00 -3.4161e+00 +3.0687e+00 +2.1068e+00 +1.3894e+00 -3.7085e+00 -2.5412e-01
45445 +7.604097245e-01 +7.604097245e-01 +4.530409724e+00 +3.770000000e+00 +2.9492e+00 -2.0411e+00 -3.1615e+00 +2.8030e+00 -3.4161e+00 +3.0645e+00 +2.1068e+00 +1.3919e+00 -3.7085e+00 -5.9816e-01
47767 +6.152852422e-01 +6.152852422e-01 +4.385285242e+00 +3.770000000e+00 +2.9492e+00 -2.0411e+00 -3.1470e+00 +2.7888e+00 -3.4161e+00 +3.0645e+00 +2.1068e+00 +1.3894e+00 -3.7085e+00 -6.0598e-01
51428 +3.945272683e-01 +3.945272683e-01 +4.164527268e+00 +3.770000000e+00 +2.9492e+00 -2.0411e+00 -3.1487e+00 +2.8131e+00 -3.4161e+00 +3.0645e+00 +2.0971e+00 +1.3894e+00 -3.7085e+00 -6.0598e-01
66285 +1.243621770e-01 +1.243621770e-01 +3.894362177e+00 +3.770000000e+00 +2.9492e+00 -2.0411e+00 -3.1470e+00 +2.8058e+00 -3.4161e+00 +3.0645e+00 +2.0942e+00 +1.3954e+00 -3.7082e+00 -6.2057e-01
83482 +6.731276185e-02 +6.731276185e-02 +3.837312762e+00 +3.770000000e+00 +2.9430e+00 -2.0393e+00 -3.1615e+00 +2.8047e+00 -3.4133e+00 +3.0645e+00 +2.0962e+00 +1.3919e+00 -3.7079e+00 -6.1203e-01
84042 +9.847379073e-03 +9.847379073e-03 +3.779847379e+00 +3.770000000e+00 +2.9430e+00 -2.0393e+00 -3.1615e+00 +2.8047e+00 -3.4133e+00 +3.0645e+00 +2.0962e+00 +1.3919e+00 -3.7079e+00 -6.1676e-01
127594 +5.028559273e-03 +5.028559273e-03 +3.775028559e+00 +3.770000000e+00 +2.9430e+00 -2.0393e+00 -3.1662e+00 +2.8047e+00 -3.4133e+00 +3.0645e+00 +2.0962e+00 +1.3935e+00 -3.7079e+00 -6.1798e-01
163807 +2.761449957e-03 +2.761449957e-03 +3.772761450e+00 +3.770000000e+00 +2.9430e+00 -2.0393e+00 -3.1636e+00 +2.8047e+00 -3.4118e+00 +3.0645e+00 +2.0962e+00 +1.3935e+00 -3.7079e+00 -6.1798e-01
178603 +1.726886811e-03 +1.726886811e-03 +3.771726887e+00 +3.770000000e+00 +2.9430e+00 -2.0393e+00 -3.1645e+00 +2.8047e+00 -3.4120e+00 +3.0645e+00 +2.0959e+00 +1.3926e+00 -3.7079e+00 -6.1798e-01
179555 +1.436023479e-03 +1.436023479e-03 +3.771436023e+00 +3.770000000e+00 +2.9430e+00 -2.0393e+00 -3.1645e+00 +2.8059e+00 -3.4120e+00 +3.0645e+00 +2.0959e+00 +1.3926e+00 -3.7079e+00 -6.1798e-01
288585 +9.809812337e-04 +9.809812337e-04 +3.770980981e+00 +3.770000000e+00 +2.9408e+00 -2.0393e+00 -3.1635e+00 +2.8059e+00 -3.4120e+00 +3.0645e+00 +2.0959e+00 +1.3926e+00 -3.7079e+00 -6.1817e-01
366777 +3.820512292e-04 +3.820512292e-04 +3.770382051e+00 +3.770000000e+00 +2.9408e+00 -2.0393e+00 -3.1641e+00 +2.8054e+00 -3.4120e+00 +3.0645e+00 +2.0954e+00 +1.3926e+00 -3.7079e+00 -6.1846e-01
456894 +2.445061324e-04 +2.445061324e-04 +3.770244506e+00 +3.770000000e+00 +2.9415e+00 -2.0393e+00 -3.1641e+00 +2.8055e+00 -3.4120e+00 +3.0645e+00 +2.0954e+00 +1.3926e+00 -3.7079e+00 -6.1846e-01
574125 +1.249235581e-04 +1.249235581e-04 +3.770124924e+00 +3.770000000e+00 +2.9415e+00 -2.0393e+00 -3.1641e+00 +2.8055e+00 -3.4120e+00 +3.0643e+00 +2.0953e+00 +1.3926e+00 -3.7079e+00 -6.1846e-01
% function evaluation | noise-free fitness - Fopt (3.770000000000e+01) | best noise-free fitness - Fopt | measured fitness | best measured fitness | x1 | x2...
1 +7.701363927e+02 +7.701363927e+02 +8.078363927e+02 +3.770000000e+01 +5.8568e-01 -5.5108e-01 -9.8538e-01 +1.3284e+00 -4.6269e+00 -2.1966e-01 +3.8656e+00 +1.1025e-01 -1.0738e+00 +1.6883e+00
365 +1.708997695e+02 +1.708997695e+02 +2.085997695e+02 +3.770000000e+01 -2.9920e+00 -4.0826e+00 -4.3581e-01 -4.5418e+00 +1.7367e+00 +1.5082e+00 +3.1111e+00 -4.8701e+00 +4.8316e+00 -1.5084e+00
707 +1.338222201e+02 +1.338222201e+02 +1.715222201e+02 +3.770000000e+01 +7.7180e-01 -4.0826e+00 -4.3581e-01 -4.5418e+00 +1.7367e+00 +1.5082e+00 +3.3660e+00 -4.8314e+00 +2.7496e+00 -9.7185e-01
1044 +8.909481277e+01 +8.909481277e+01 +1.267948128e+02 +3.770000000e+01 -1.3838e+00 -4.0826e+00 -1.7485e+00 -2.3588e+00 +2.4019e+00 +4.8650e+00 +3.1111e+00 -3.3941e+00 +2.5994e+00 -2.6393e-01
1389 +5.110990005e+01 +5.110990005e+01 +8.880990005e+01 +3.770000000e+01 +1.0205e+00 -3.9407e+00 -1.7485e+00 -2.3588e+00 +2.4019e+00 +4.8650e+00 +3.3660e+00 -4.1328e+00 +2.5994e+00 -2.6393e-01
1556 +3.825007090e+01 +3.825007090e+01 +7.595007090e+01 +3.770000000e+01 +1.0205e+00 -4.0826e+00 -1.7485e+00 -2.3588e+00 +2.4019e+00 +2.0708e+00 +2.8791e+00 -4.1328e+00 +3.1123e+00 -2.6393e-01
1903 +2.352630661e+01 +2.352630661e+01 +6.122630661e+01 +3.770000000e+01 +1.0205e+00 -3.9407e+00 -1.7485e+00 -2.3588e+00 +2.4019e+00 +3.1867e+00 +3.3660e+00 -3.3941e+00 +3.1123e+00 -2.6393e-01
3428 +1.517595517e+01 +1.517595517e+01 +5.287595517e+01 +3.770000000e+01 +1.0205e+00 -3.9422e+00 -1.7485e+00 -3.5409e+00 +2.4019e+00 +3.1867e+00 +3.3660e+00 -3.3941e+00 +3.9106e+00 -2.6393e-01
3938 +9.350945298e+00 +9.350945298e+00 +4.705094530e+01 +3.770000000e+01 +1.0205e+00 -3.9422e+00 -1.7485e+00 -3.5409e+00 +2.4019e+00 +3.1867e+00 +3.4260e+00 -3.3398e+00 +3.9106e+00 -2.6393e-01
7014 +5.841690394e+00 +5.841690394e+00 +4.354169039e+01 +3.770000000e+01 +1.0978e+00 -3.9422e+00 -2.6185e+00 -3.5409e+00 +2.3812e+00 +3.1593e+00 +3.4073e+00 -3.3398e+00 +3.9031e+00 -6.1281e-01
8231 +2.698789100e+00 +2.698789100e+00 +4.039878910e+01 +3.770000000e+01 +1.0978e+00 -3.2562e+00 -2.6185e+00 -3.5409e+00 +2.3812e+00 +3.1593e+00 +3.4028e+00 -3.3398e+00 +3.9031e+00 -6.1281e-01
8406 +2.171226052e+00 +2.171226052e+00 +3.987122605e+01 +3.770000000e+01 +1.0978e+00 -3.2562e+00 -2.6185e+00 -3.5409e+00 +2.3812e+00 +3.1593e+00 +3.4028e+00 -3.3238e+00 +3.9031e+00 -6.1281e-01
13714 +8.868864649e-01 +8.868864649e-01 +3.858688646e+01 +3.770000000e+01 +1.1093e+00 -2.3674e+00 -2.5949e+00 -3.5330e+00 +2.3572e+00 +3.1870e+00 +3.4072e+00 -3.3216e+00 +3.8959e+00 -6.2886e-01
15725 +6.205452033e-01 +6.205452033e-01 +3.832054520e+01 +3.770000000e+01 +1.1093e+00 -2.3310e+00 -2.6259e+00 -3.5381e+00 +2.3572e+00 +3.1870e+00 +3.4072e+00 -3.3216e+00 +3.8959e+00 -6.4028e-01
16836 +3.717533141e-01 +3.717533141e-01 +3.807175331e+01 +3.770000000e+01 +1.1093e+00 -2.3310e+00 -2.6115e+00 -3.5381e+00 +2.3572e+00 +3.1656e+00 +3.4072e+00 -3.3216e+00 +3.8959e+00 -6.4028e-01
45220 +1.837397487e-01 +1.837397487e-01 +3.788373975e+01 +3.770000000e+01 +1.1093e+00 -2.3310e+00 -2.6115e+00 -3.5381e+00 +2.3790e+00 +3.1656e+00 +3.4072e+00 -3.3216e+00 +3.9088e+00 -6.3841e-01
45607 +1.542213745e-01 +1.542213745e-01 +3.785422137e+01 +3.770000000e+01 +1.1093e+00 -2.3404e+00 -2.6115e+00 -3.5381e+00 +2.3790e+00 +3.1656e+00 +3.4043e+00 -3.3216e+00 +3.9088e+00 -6.3841e-01
55323 +9.803103402e-02 +9.803103402e-02 +3.779803103e+01 +3.770000000e+01 +1.1093e+00 -2.3310e+00 -2.6115e+00 -3.5562e+00 +2.3766e+00 +3.1656e+00 +3.4028e+00 -3.3216e+00 +3.9031e+00 -6.3841e-01
61504 +5.501916339e-02 +5.501916339e-02 +3.775501916e+01 +3.770000000e+01 +1.1107e+00 -2.3407e+00 -2.6115e+00 -3.5562e+00 +2.3766e+00 +3.1656e+00 +3.4028e+00 -3.3200e+00 +3.9031e+00 -6.3841e-01
95236 +3.607724938e-02 +3.607724938e-02 +3.773607725e+01 +3.770000000e+01 +1.1123e+00 -2.3407e+00 -2.6115e+00 -3.5562e+00 +2.3739e+00 +3.1697e+00 +3.4051e+00 -3.3200e+00 +3.9031e+00 -6.3841e-01
96385 +1.093180374e-02 +1.093180374e-02 +3.771093180e+01 +3.770000000e+01 +1.1123e+00 -2.3407e+00 -2.6115e+00 -3.5522e+00 +2.3739e+00 +3.1697e+00 +3.4051e+00 -3.3200e+00 +3.9031e+00 -6.3565e-01
99998 +9.686192662e-03 +9.686192662e-03 +3.770968619e+01 +3.770000000e+01 +1.1123e+00 -2.3407e+00 -2.6115e+00 -3.5514e+00 +2.3739e+00 +3.1697e+00 +3.4051e+00 -3.3200e+00 +3.9031e+00 -6.3565e-01
127483 +5.944273258e-03 +5.944273258e-03 +3.770594427e+01 +3.770000000e+01 +1.1116e+00 -2.3407e+00 -2.6115e+00 -3.5468e+00 +2.3730e+00 +3.1685e+00 +3.4043e+00 -3.3180e+00 +3.9031e+00 -6.3697e-01
167032 +2.927025609e-03 +2.927025609e-03 +3.770292703e+01 +3.770000000e+01 +1.1123e+00 -2.3407e+00 -2.6115e+00 -3.5489e+00 +2.3730e+00 +3.1685e+00 +3.4043e+00 -3.3180e+00 +3.9031e+00 -6.3697e-01
167222 +1.310463898e-03 +1.310463898e-03 +3.770131046e+01 +3.770000000e+01 +1.1123e+00 -2.3407e+00 -2.6115e+00 -3.5489e+00 +2.3730e+00 +3.1685e+00 +3.4043e+00 -3.3180e+00 +3.9031e+00 -6.3622e-01
177063 +8.501989281e-04 +8.501989281e-04 +3.770085020e+01 +3.770000000e+01 +1.1131e+00 -2.3407e+00 -2.6115e+00 -3.5497e+00 +2.3730e+00 +3.1685e+00 +3.4051e+00 -3.3180e+00 +3.9031e+00 -6.3565e-01
243496 +5.571923903e-04 +5.571923903e-04 +3.770055719e+01 +3.770000000e+01 +1.1138e+00 -2.3407e+00 -2.6119e+00 -3.5497e+00 +2.3730e+00 +3.1685e+00 +3.4051e+00 -3.3180e+00 +3.9031e+00 -6.3622e-01
327042 +2.747560973e-04 +2.747560973e-04 +3.770027476e+01 +3.770000000e+01 +1.1138e+00 -2.3407e+00 -2.6119e+00 -3.5497e+00 +2.3730e+00 +3.1685e+00 +3.4051e+00 -3.3176e+00 +3.9033e+00 -6.3583e-01
350632 +2.353146371e-04 +2.353146371e-04 +3.770023531e+01 +3.770000000e+01 +1.1138e+00 -2.3407e+00 -2.6119e+00 -3.5497e+00 +2.3730e+00 +3.1685e+00 +3.4050e+00 -3.3176e+00 +3.9033e+00 -6.3622e-01
624250 +1.054078371e-04 +1.054078371e-04 +3.770010541e+01 +3.770000000e+01 +1.1138e+00 -2.3408e+00 -2.6119e+00 -3.5497e+00 +2.3727e+00 +3.1689e+00 +3.4049e+00 -3.3176e+00 +3.9033e+00 -6.3583e-01
674321 +9.940073856e-05 +9.940073856e-05 +3.770009940e+01 +3.770000000e+01 +1.1138e+00 -2.3408e+00 -2.6119e+00 -3.5496e+00 +2.3727e+00 +3.1689e+00 +3.4049e+00 -3.3176e+00 +3.9032e+00 -6.3583e-01
712407 +5.925258883e-05 +5.925258883e-05 +3.770005925e+01 +3.770000000e+01 +1.1138e+00 -2.3408e+00 -2.6119e+00 -3.5496e+00 +2.3727e+00 +3.1689e+00 +3.4049e+00 -3.3176e+00 +3.9032e+00 -6.3587e-01
% function evaluation | noise-free fitness - Fopt (6.956900000000e+02) | best noise-free fitness - Fopt | measured fitness | best measured fitness | x1 | x2...
1 +6.401133428e+02 +6.401133428e+02 +1.335803343e+03 +6.956900000e+02 -1.0387e+00 -8.3624e-02 -1.2425e+00 +4.3690e+00 +3.7408e+00 +1.6991e+00 +4.4767e+00 -4.5244e+00 +2.9113e+00 -2.1685e+00
195 +1.132537191e+02 +1.132537191e+02 +8.089437191e+02 +6.956900000e+02 -3.6735e-01 -1.0404e+00 -3.3228e+00 +4.4759e+00 +8.3387e-01 -4.0303e+00 +1.3542e+00 +1.2272e+00 +1.5106e+00 -1.6884e+00
779 +8.184529930e+01 +8.184529930e+01 +7.775352993e+02 +6.956900000e+02 -2.3268e+00 -3.8976e+00 -2.1877e+00 +3.6028e+00 +8.3387e-01 -4.0303e+00 +1.3542e+00 +5.7881e-01 +6.2885e-01 -4.0501e-01
1164 +5.738040410e+01 +5.738040410e+01 +7.530704041e+02 +6.956900000e+02 -3.1926e+00 -2.4372e+00 -3.3228e+00 +4.8671e+00 +8.3387e-01 -4.4419e+00 +1.7368e+00 +5.7881e-01 +1.5106e+00 -1.6884e+00
1545 +3.318773025e+01 +3.318773025e+01 +7.288777303e+02 +6.956900000e+02 -2.3268e+00 -3.2852e+00 -3.3228e+00 +3.6028e+00 +8.3387e-01 -3.3247e+00 +1.7368e+00 +5.7881e-01 +1.5106e+00 -1.0807e+00
2115 +2.009216855e+01 +2.009216855e+01 +7.157821686e+02 +6.956900000e+02 -3.1926e+00 -2.3352e+00 -3.3228e+00 +3.6028e+00 +8.3387e-01 -4.3106e+00 +2.1712e+00 +5.7881e-01 +1.0740e+00 -4.0501e-01
2884 +1.488390933e+01 +1.488390933e+01 +7.105739093e+02 +6.956900000e+02 -3.1926e+00 -3.2852e+00 -3.3228e+00 +3.6028e+00 +2.7316e-01 -4.3106e+00 +2.5394e+00 +5.7881e-01 +1.0740e+00 -4.0501e-01
3266 +9.332320548e+00 +9.332320548e+00 +7.050223205e+02 +6.956900000e+02 -3.2541e+00 -3.2852e+00 -3.3228e+00 +3.6028e+00 +2.7316e-01 -4.3106e+00 +2.5394e+00 +1.0418e+00 +6.9139e-01 -4.0501e-01
4396 +6.069022407e+00 +6.069022407e+00 +7.017590224e+02 +6.956900000e+02 -3.2541e+00 -3.2852e+00 -3.3228e+00 +3.6028e+00 +2.7316e-01 -3.8209e+00 +2.5394e+00 +1.0418e+00 +1.0470e+00 -7.9467e-01
5140 +3.970468069e+00 +3.970468069e+00 +6.996604681e+02 +6.956900000e+02 -3.2541e+00 -3.2852e+00 -3.3370e+00 +3.6028e+00 +2.7316e-01 -3.8209e+00 +2.6621e+00 +1.0418e+00 +1.0470e+00 -7.9467e-01
5891 +2.363600210e+00 +2.363600210e+00 +6.980536002e+02 +6.956900000e+02 -3.2541e+00 -3.2852e+00 -3.3370e+00 +3.6028e+00 +2.7316e-01 -3.8209e+00 +2.6233e+00 +1.0418e+00 +1.0470e+00 -7.6912e-01
9680 +1.021524135e+00 +1.021524135e+00 +6.967115241e+02 +6.956900000e+02 -3.2541e+00 -3.2852e+00 -3.3544e+00 +3.6028e+00 +2.7316e-01 -3.8209e+00 +3.0843e+00 +1.0418e+00 +1.0394e+00 -7.8358e-01
37858 +8.413294670e-01 +8.413294670e-01 +6.965313295e+02 +6.956900000e+02 -3.2783e+00 -3.2448e+00 -3.3954e+00 +3.5888e+00 +2.8329e-01 -3.8158e+00 +3.0763e+00 +1.0264e+00 +1.0314e+00 -7.7678e-01
40571 +5.336989181e-01 +5.336989181e-01 +6.962236989e+02 +6.956900000e+02 -3.2675e+00 -3.2690e+00 -3.3544e+00 +3.6028e+00 +2.9327e-01 -3.8209e+00 +3.0747e+00 +1.0418e+00 +1.0394e+00 -7.8358e-01
42244 +3.866824903e-01 +3.866824903e-01 +6.960766825e+02 +6.956900000e+02 -3.2888e+00 -3.2690e+00 -3.3544e+00 +3.6028e+00 +2.9327e-01 -3.8209e+00 +3.0747e+00 +1.0381e+00 +1.0394e+00 -7.8358e-01
46894 +2.506937628e-01 +2.506937628e-01 +6.959406938e+02 +6.956900000e+02 -3.2888e+00 -3.2588e+00 -3.3678e+00 +3.6028e+00 +2.9327e-01 -3.8209e+00 +3.0747e+00 +1.0381e+00 +1.0393e+00 -7.7826e-01
53446 +1.382552715e-01 +1.382552715e-01 +6.958282553e+02 +6.956900000e+02 -3.2795e+00 -3.2560e+00 -3.3628e+00 +3.6028e+00 +2.8666e-01 -3.8192e+00 +3.0744e+00 +1.0308e+00 +1.0376e+00 -7.7710e-01
54551 +5.054616459e-02 +5.054616459e-02 +6.957405462e+02 +6.956900000e+02 -3.2795e+00 -3.2560e+00 -3.3628e+00 +3.6109e+00 +2.8666e-01 -3.8192e+00 +3.0744e+00 +1.0308e+00 +1.0376e+00 -7.7710e-01
86895 +3.796844151e-02 +3.796844151e-02 +6.957279684e+02 +6.956900000e+02 -3.2886e+00 -3.2560e+00 -3.3628e+00 +3.6232e+00 +2.8666e-01 -3.8192e+00 +3.0744e+00 +1.0308e+00 +1.0376e+00 -7.7710e-01
112723 +1.590969978e-02 +1.590969978e-02 +6.957059097e+02 +6.956900000e+02 -3.2840e+00 -3.2588e+00 -3.3678e+00 +3.6172e+00 +2.9327e-01 -3.8209e+00 +3.0759e+00 +1.0264e+00 +1.0392e+00 -7.7826e-01
112918 +1.282222118e-02 +1.282222118e-02 +6.957028222e+02 +6.956900000e+02 -3.2840e+00 -3.2588e+00 -3.3678e+00 +3.6172e+00 +2.9327e-01 -3.8209e+00 +3.0759e+00 +1.0264e+00 +1.0376e+00 -7.7826e-01
113116 +8.599456923e-03 +8.599456923e-03 +6.956985995e+02 +6.956900000e+02 -3.2840e+00 -3.2588e+00 -3.3678e+00 +3.6172e+00 +2.8666e-01 -3.8192e+00 +3.0759e+00 +1.0264e+00 +1.0376e+00 -7.7826e-01
120816 +5.931467987e-03 +5.931467987e-03 +6.956959315e+02 +6.956900000e+02 -3.2840e+00 -3.2588e+00 -3.3642e+00 +3.6172e+00 +2.9224e-01 -3.8192e+00 +3.0759e+00 +1.0264e+00 +1.0376e+00 -7.7710e-01
160806 +2.771342580e-03 +2.771342580e-03 +6.956927713e+02 +6.956900000e+02 -3.2840e+00 -3.2588e+00 -3.3642e+00 +3.6172e+00 +2.8883e-01 -3.8192e+00 +3.0759e+00 +1.0264e+00 +1.0376e+00 -7.7710e-01
169830 +1.989540833e-03 +1.989540833e-03 +6.956919895e+02 +6.956900000e+02 -3.2840e+00 -3.2588e+00 -3.3642e+00 +3.6172e+00 +2.9009e-01 -3.8192e+00 +3.0759e+00 +1.0277e+00 +1.0376e+00 -7.7794e-01
170028 +1.449874657e-03 +1.449874657e-03 +6.956914499e+02 +6.956900000e+02 -3.2840e+00 -3.2588e+00 -3.3658e+00 +3.6172e+00 +2.9009e-01 -3.8192e+00 +3.0759e+00 +1.0277e+00 +1.0376e+00 -7.7794e-01
284684 +9.871478812e-04 +9.871478812e-04 +6.956909871e+02 +6.956900000e+02 -3.2840e+00 -3.2588e+00 -3.3658e+00 +3.6190e+00 +2.8924e-01 -3.8192e+00 +3.0759e+00 +1.0277e+00 +1.0376e+00 -7.7794e-01
420927 +5.894319153e-04 +5.894319153e-04 +6.956905894e+02 +6.956900000e+02 -3.2840e+00 -3.2588e+00 -3.3658e+00 +3.6186e+00 +2.8942e-01 -3.8192e+00 +3.0759e+00 +1.0277e+00 +1.0376e+00 -7.7772e-01
476884 +3.889750074e-04 +3.889750074e-04 +6.956903890e+02 +6.956900000e+02 -3.2844e+00 -3.2588e+00 -3.3658e+00 +3.6186e+00 +2.8942e-01 -3.8192e+00 +3.0759e+00 +1.0268e+00 +1.0376e+00 -7.7772e-01
637393 +1.304532474e-04 +1.304532474e-04 +6.956901305e+02 +6.956900000e+02 -3.2844e+00 -3.2580e+00 -3.3655e+00 +3.6186e+00 +2.8942e-01 -3.8192e+00 +3.0759e+00 +1.0272e+00 +1.0376e+00 -7.7758e-01
721042 +6.883975288e-05 +6.883975288e-05 +6.956900688e+02 +6.956900000e+02 -3.2851e+00 -3.2585e+00 -3.3655e+00 +3.6186e+00 +2.8942e-01 -3.8192e+00 +3.0759e+00 +1.0272e+00 +1.0376e+00 -7.7758e-01
761096 +4.941515112e-05 +4.941515112e-05 +6.956900494e+02 +6.956900000e+02 -3.2851e+00 -3.2585e+00 -3.3655e+00 +3.6186e+00 +2.8942e-01 -3.8192e+00 +3.0760e+00 +1.0272e+00 +1.0376e+00 -7.7758e-01
856404 +3.797772467e-05 +3.797772467e-05 +6.956900380e+02 +6.956900000e+02 -3.2848e+00 -3.2585e+00 -3.3655e+00 +3.6186e+00 +2.8942e-01 -3.8192e+00 +3.0760e+00 +1.0272e+00 +1.0376e+00 -7.7758e-01
% function evaluation | noise-free fitness - Fopt (-1.180300000000e+02) | best noise-free fitness - Fopt | measured fitness | best measured fitness | x1 | x2...
1 +2.045591466e+03 +2.045591466e+03 +1.927561466e+03 -1.180300000e+02 +2.2346e+00 +2.8103e+00 -4.6925e+00 +3.0632e-01 +3.7346e+00 -6.5559e-01 -3.5291e+00 -3.4664e+00 +3.7365e+00 -8.3082e-01
400 +1.777148641e+02 +1.777148641e+02 +5.968486409e+01 -1.180300000e+02 +4.6189e+00 +3.5978e+00 -9.9361e-01 -3.9240e+00 -1.5691e+00 -5.8681e-01 -4.4300e+00 +4.3444e-01 -1.1331e+00 +2.0409e+00
600 +1.429330072e+02 +1.429330072e+02 +2.490300721e+01 -1.180300000e+02 +4.6189e+00 +3.5978e+00 -9.9361e-01 -2.3823e+00 -3.8846e+00 -5.8681e-01 -4.4300e+00 +4.3444e-01 -1.1331e+00 +2.0409e+00
997 +7.668675987e+01 +7.668675987e+01 -4.134324013e+01 -1.180300000e+02 +2.9211e+00 +3.4066e+00 +3.0382e-01 -2.3823e+00 -3.8846e+00 -5.8681e-01 -4.4300e+00 +7.2833e-01 -1.7193e+00 +5.7620e-01
1197 +4.742599142e+01 +4.742599142e+01 -7.060400858e+01 -1.180300000e+02 +1.7103e+00 +3.5978e+00 -9.9361e-01 -3.9240e+00 -3.8846e+00 -1.8978e+00 -4.4300e+00 +7.2833e-01 -1.7193e+00 +5.7620e-01
1397 +3.455566402e+01 +3.455566402e+01 -8.347433598e+01 -1.180300000e+02 -3.0683e+00 +3.5978e+00 -9.9361e-01 -3.9240e+00 -3.8846e+00 -1.8978e+00 -3.9230e+00 +7.2833e-01 -1.7193e+00 +5.7620e-01
2197 +2.217299022e+01 +2.217299022e+01 -9.585700978e+01 -1.180300000e+02 -3.0683e+00 +3.5978e+00 -1.0804e+00 -3.9240e+00 -3.8846e+00 -1.8978e+00 -3.9230e+00 +7.2833e-01 -1.7193e+00 +1.8832e+00
2597 +1.423566626e+01 +1.423566626e+01 -1.037943337e+02 -1.180300000e+02 -3.0683e+00 +3.5978e+00 -1.0804e+00 -3.9240e+00 -3.7822e+00 -1.8978e+00 -3.8848e+00 +6.8973e-01 -1.7193e+00 +1.8832e+00
3397 +9.899150415e+00 +9.899150415e+00 -1.081308496e+02 -1.180300000e+02 -3.0683e+00 +3.5978e+00 -1.0804e+00 -3.1341e+00 -3.7822e+00 -2.3303e+00 -3.8848e+00 +6.8973e-01 -1.7089e+00 +1.5497e+00
4797 +5.615357259e+00 +5.615357259e+00 -1.124146427e+02 -1.180300000e+02 -2.1120e+00 +3.5978e+00 -2.7510e-01 -3.1341e+00 -3.7822e+00 -2.3303e+00 -3.8597e+00 +6.8973e-01 -1.7089e+00 +1.5497e+00
6395 +3.848953512e+00 +3.848953512e+00 -1.141810465e+02 -1.180300000e+02 -2.0652e+00 +3.5978e+00 -2.7510e-01 -3.1374e+00 -3.8077e+00 -1.8658e+00 -3.8597e+00 +6.4109e-01 -2.1429e+00 +1.5497e+00
8195 +2.256676389e+00 +2.256676389e+00 -1.157733236e+02 -1.180300000e+02 -2.0733e+00 +3.5622e+00 -2.7510e-01 -3.1374e+00 -3.8077e+00 -1.8494e+00 -3.8597e+00 +6.6074e-01 -2.1429e+00 +1.5497e+00
9595 +1.470726073e+00 +1.470726073e+00 -1.165592739e+02 -1.180300000e+02 -2.0733e+00 +3.5622e+00 -2.8280e-01 -3.1374e+00 -3.8077e+00 -1.8494e+00 -3.8597e+00 +6.6074e-01 -2.1127e+00 +1.5497e+00
10195 +6.586195892e-01 +6.586195892e-01 -1.173713804e+02 -1.180300000e+02 -1.0462e+00 +3.5622e+00 -2.8280e-01 -3.1374e+00 -3.8077e+00 -1.8494e+00 -3.8597e+00 +6.6074e-01 -2.1127e+00 +1.5497e+00
39769 +3.249702004e-01 +3.249702004e-01 -1.177050298e+02 -1.180300000e+02 -1.1025e+00 +3.5622e+00 -2.8280e-01 -3.1526e+00 -3.7982e+00 -1.8194e+00 -3.8597e+00 +6.6074e-01 -2.1127e+00 +1.5497e+00
40491 +2.504424857e-01 +2.504424857e-01 -1.177795575e+02 -1.180300000e+02 -1.0646e+00 +3.5622e+00 -2.8280e-01 -3.1526e+00 -3.7982e+00 -1.8194e+00 -3.8597e+00 +6.6074e-01 -2.1127e+00 +1.5497e+00
60795 +1.533454324e-01 +1.533454324e-01 -1.178766546e+02 -1.180300000e+02 -1.0910e+00 +3.5622e+00 -2.8280e-01 -3.1536e+00 -3.8077e+00 -1.8360e+00 -3.8597e+00 +6.6376e-01 -2.1219e+00 +1.5497e+00
68196 +9.784183463e-02 +9.784183463e-02 -1.179321582e+02 -1.180300000e+02 -1.0833e+00 +3.5622e+00 -2.8280e-01 -3.1501e+00 -3.8052e+00 -1.8263e+00 -3.8597e+00 +6.6152e-01 -2.1204e+00 +1.5497e+00
72506 +5.989592953e-02 +5.989592953e-02 -1.179701041e+02 -1.180300000e+02 -1.0820e+00 +3.5690e+00 -2.7735e-01 -3.1501e+00 -3.8013e+00 -1.8275e+00 -3.8607e+00 +6.6152e-01 -2.1204e+00 +1.5588e+00
94997 +2.466373061e-02 +2.466373061e-02 -1.180053363e+02 -1.180300000e+02 -1.0810e+00 +3.5622e+00 -2.7859e-01 -3.1536e+00 -3.8016e+00 -1.8291e+00 -3.8597e+00 +6.6376e-01 -2.1219e+00 +1.5549e+00
121181 +1.531646890e-02 +1.531646890e-02 -1.180146835e+02 -1.180300000e+02 -1.0756e+00 +3.5685e+00 -2.8076e-01 -3.1486e+00 -3.8013e+00 -1.8275e+00 -3.8607e+00 +6.6298e-01 -2.1204e+00 +1.5535e+00
122508 +9.407298168e-03 +9.407298168e-03 -1.180205927e+02 -1.180300000e+02 -1.0756e+00 +3.5685e+00 -2.8076e-01 -3.1501e+00 -3.8013e+00 -1.8310e+00 -3.8607e+00 +6.6298e-01 -2.1204e+00 +1.5535e+00
139921 +5.500505328e-03 +5.500505328e-03 -1.180244995e+02 -1.180300000e+02 -1.0797e+00 +3.5673e+00 -2.7859e-01 -3.1501e+00 -3.8016e+00 -1.8291e+00 -3.8607e+00 +6.6376e-01 -2.1204e+00 +1.5549e+00
168042 +3.736970389e-03 +3.736970389e-03 -1.180262630e+02 -1.180300000e+02 -1.0810e+00 +3.5643e+00 -2.8076e-01 -3.1501e+00 -3.8013e+00 -1.8310e+00 -3.8615e+00 +6.6446e-01 -2.1194e+00 +1.5539e+00
213341 +1.185197699e-03 +1.185197699e-03 -1.180288148e+02 -1.180300000e+02 -1.0789e+00 +3.5673e+00 -2.7891e-01 -3.1501e+00 -3.8016e+00 -1.8310e+00 -3.8615e+00 +6.6376e-01 -2.1194e+00 +1.5542e+00
213538 +9.937172409e-04 +9.937172409e-04 -1.180290063e+02 -1.180300000e+02 -1.0789e+00 +3.5643e+00 -2.7891e-01 -3.1501e+00 -3.8016e+00 -1.8310e+00 -3.8615e+00 +6.6376e-01 -2.1194e+00 +1.5542e+00
285413 +4.543145614e-04 +4.543145614e-04 -1.180295457e+02 -1.180300000e+02 -1.0789e+00 +3.5652e+00 -2.7859e-01 -3.1501e+00 -3.8016e+00 -1.8306e+00 -3.8615e+00 +6.6376e-01 -2.1194e+00 +1.5545e+00
327016 +3.354498832e-04 +3.354498832e-04 -1.180296646e+02 -1.180300000e+02 -1.0789e+00 +3.5652e+00 -2.7910e-01 -3.1501e+00 -3.8016e+00 -1.8306e+00 -3.8615e+00 +6.6376e-01 -2.1194e+00 +1.5545e+00
548211 +2.129391723e-04 +2.129391723e-04 -1.180297871e+02 -1.180300000e+02 -1.0789e+00 +3.5652e+00 -2.7910e-01 -3.1506e+00 -3.8016e+00 -1.8306e+00 -3.8615e+00 +6.6413e-01 -2.1191e+00 +1.5545e+00
622190 +1.338778424e-04 +1.338778424e-04 -1.180298661e+02 -1.180300000e+02 -1.0787e+00 +3.5657e+00 -2.7910e-01 -3.1505e+00 -3.8016e+00 -1.8306e+00 -3.8615e+00 +6.6413e-01 -2.1191e+00 +1.5545e+00
918329 +9.788190420e-05 +9.788190420e-05 -1.180299021e+02 -1.180300000e+02 -1.0786e+00 +3.5657e+00 -2.7910e-01 -3.1505e+00 -3.8016e+00 -1.8306e+00 -3.8616e+00 +6.6397e-01 -2.1191e+00 +1.5545e+00
% function evaluation | noise-free fitness - Fopt (4.816000000000e+01) | best noise-free fitness - Fopt | measured fitness | best measured fitness | x1 | x2...
1 +7.123594248e+02 +7.123594248e+02 +7.605194248e+02 +4.816000000e+01 -2.4205e-01 -9.3101e-01 -3.2297e+00 -4.3740e+00 +1.5177e+00 -7.7564e-02 -3.9147e+00 +3.7270e+00 -4.0600e-01 -3.8263e+00
395 +1.462940256e+02 +1.462940256e+02 +1.944540256e+02 +4.816000000e+01 +2.3661e+00 -2.5622e+00 -4.0577e+00 -4.1769e+00 +4.4151e+00 +1.4729e+00 -1.0445e+00 -1.2015e+00 -1.5472e-01 +5.0476e-01
787 +9.096084805e+01 +9.096084805e+01 +1.391208480e+02 +4.816000000e+01 +3.2132e+00 -4.2511e+00 -2.6223e+00 -7.8774e-01 +3.2488e+00 -3.9783e-01 -3.2193e+00 -1.2015e+00 -1.5472e-01 +1.8986e-01
1173 +6.240168241e+01 +6.240168241e+01 +1.105616824e+02 +4.816000000e+01 +2.3661e+00 -2.5622e+00 -2.6223e+00 -7.8774e-01 +3.2488e+00 +2.6877e-01 -2.3278e+00 +2.0386e-01 -2.4018e-01 +5.0476e-01
1947 +3.479454204e+01 +3.479454204e+01 +8.295454204e+01 +4.816000000e+01 +2.3661e+00 -2.4205e+00 -2.6223e+00 -7.8774e-01 +2.9053e+00 +2.6877e-01 -3.2193e+00 +2.0386e-01 -2.4018e-01 +5.0476e-01
2540 +2.438616016e+01 +2.438616016e+01 +7.254616016e+01 +4.816000000e+01 +2.3661e+00 -1.6487e+00 -2.6223e+00 -7.8774e-01 +2.4112e+00 +2.6877e-01 -3.2193e+00 -2.2889e-01 -2.4018e-01 +5.0476e-01
3126 +1.358469819e+01 +1.358469819e+01 +6.174469819e+01 +4.816000000e+01 +2.3142e+00 -1.6487e+00 -2.6223e+00 -8.8054e-01 +2.4112e+00 +1.1284e+00 -3.2193e+00 -2.2889e-01 -2.4018e-01 +8.3959e-01
4500 +9.835953506e+00 +9.835953506e+00 +5.799595351e+01 +4.816000000e+01 +2.3142e+00 -1.6584e+00 -2.6223e+00 -1.6089e+00 +2.4112e+00 +1.7210e+00 -2.7556e+00 -2.2889e-01 -1.6250e-01 +8.3959e-01
6456 +5.749909869e+00 +5.749909869e+00 +5.390990987e+01 +4.816000000e+01 +2.3142e+00 -7.4105e-01 -2.6223e+00 -1.6089e+00 +1.8301e+00 +1.7578e+00 -2.7824e+00 -2.2889e-01 -1.9827e-01 +8.3959e-01
7432 +3.442625433e+00 +3.442625433e+00 +5.160262543e+01 +4.816000000e+01 +2.3142e+00 -7.4105e-01 -2.6223e+00 -1.6089e+00 +1.8301e+00 +1.7578e+00 -2.7824e+00 -6.9386e-01 -6.2070e-01 +8.3653e-01
9585 +2.433706611e+00 +2.433706611e+00 +5.059370661e+01 +4.816000000e+01 +2.3093e+00 -7.4105e-01 -3.5474e+00 -1.5733e+00 +1.8301e+00 +1.7578e+00 -2.7824e+00 -6.9386e-01 -6.2070e-01 +8.2316e-01
38977 +1.359781351e+00 +1.359781351e+00 +4.951978135e+01 +4.816000000e+01 +2.3093e+00 -7.4105e-01 -3.5049e+00 -1.5733e+00 +1.8301e+00 +1.7411e+00 -2.7824e+00 -6.9386e-01 -6.2070e-01 +8.2316e-01
41969 +1.760770357e-01 +1.760770357e-01 +4.833607704e+01 +4.816000000e+01 +1.2823e+00 -7.4105e-01 -3.4822e+00 -1.5733e+00 +1.8301e+00 +1.7411e+00 -2.7824e+00 -6.9386e-01 -6.1312e-01 +8.1935e-01
44364 +1.443532776e-01 +1.443532776e-01 +4.830435328e+01 +4.816000000e+01 +1.2823e+00 -7.4430e-01 -3.4855e+00 -1.5733e+00 +1.8301e+00 +1.7411e+00 -2.7824e+00 -6.9386e-01 -6.1312e-01 +8.1935e-01
78042 +3.855558998e-02 +3.855558998e-02 +4.819855559e+01 +4.816000000e+01 +1.2971e+00 -7.5005e-01 -3.4921e+00 -1.5811e+00 +1.8301e+00 +1.7411e+00 -2.7824e+00 -6.9386e-01 -6.1312e-01 +8.1935e-01
85198 +1.683256373e-02 +1.683256373e-02 +4.817683256e+01 +4.816000000e+01 +1.3051e+00 -7.4968e-01 -3.4911e+00 -1.5811e+00 +1.8363e+00 +1.7411e+00 -2.7824e+00 -6.9386e-01 -6.1312e-01 +8.1465e-01
125451 +9.341359388e-03 +9.341359388e-03 +4.816934136e+01 +4.816000000e+01 +1.3051e+00 -7.5005e-01 -3.4911e+00 -1.5811e+00 +1.8363e+00 +1.7411e+00 -2.7824e+00 -6.9386e-01 -6.1312e-01 +8.1608e-01
153098 +1.826347893e-03 +1.826347893e-03 +4.816182635e+01 +4.816000000e+01 +1.3025e+00 -7.5005e-01 -3.4911e+00 -1.5811e+00 +1.8363e+00 +1.7423e+00 -2.7805e+00 -6.9386e-01 -6.1284e-01 +8.1742e-01
200257 +1.499241327e-03 +1.499241327e-03 +4.816149924e+01 +4.816000000e+01 +1.3020e+00 -7.5005e-01 -3.4911e+00 -1.5808e+00 +1.8358e+00 +1.7424e+00 -2.7805e+00 -6.9386e-01 -6.1284e-01 +8.1742e-01
390785 +9.291192854e-04 +9.291192854e-04 +4.816092912e+01 +4.816000000e+01 +1.2997e+00 -7.5025e-01 -3.4911e+00 -1.5808e+00 +1.8359e+00 +1.7424e+00 -2.7810e+00 -6.9438e-01 -6.1284e-01 +8.1626e-01
456985 +3.492744666e-04 +3.492744666e-04 +4.816034927e+01 +4.816000000e+01 +1.3020e+00 -7.5025e-01 -3.4911e+00 -1.5808e+00 +1.8359e+00 +1.7424e+00 -2.7810e+00 -6.9438e-01 -6.1284e-01 +8.1677e-01
466804 +2.502129637e-04 +2.502129637e-04 +4.816025021e+01 +4.816000000e+01 +1.2997e+00 -7.5049e-01 -3.4911e+00 -1.5808e+00 +1.8359e+00 +1.7424e+00 -2.7810e+00 -6.9438e-01 -6.1284e-01 +8.1677e-01
508159 +6.791434322e-05 +6.791434322e-05 +4.816006791e+01 +4.816000000e+01 +1.3005e+00 -7.5041e-01 -3.4911e+00 -1.5808e+00 +1.8359e+00 +1.7424e+00 -2.7810e+00 -6.9438e-01 -6.1284e-01 +8.1677e-01
620053 +4.433442838e-05 +4.433442838e-05 +4.816004433e+01 +4.816000000e+01 +1.3007e+00 -7.5041e-01 -3.4911e+00 -1.5808e+00 +1.8359e+00 +1.7424e+00 -2.7810e+00 -6.9438e-01 -6.1284e-01 +8.1677e-01
701812 +3.265113391e-05 +3.265113391e-05 +4.816003265e+01 +4.816000000e+01 +1.3007e+00 -7.5041e-01 -3.4911e+00 -1.5808e+00 +1.8359e+00 +1.7424e+00 -2.7806e+00 -6.9438e-01 -6.1284e-01 +8.1681e-01
% function evaluation | noise-free fitness - Fopt (8.384000000000e+01) | best noise-free fitness - Fopt | measured fitness | best measured fitness | x1 | x2...
1 +5.330499633e+02 +5.330499633e+02 +6.168899633e+02 +8.384000000e+01 +7.1635e-02 +4.7074e+00 +2.5744e+00 -3.8417e+00 +3.9817e+00 -5.4430e-01 -4.7335e+00 -7.8163e-01 -1.8221e+00 -4.6603e+00
395 +1.210790108e+02 +1.210790108e+02 +2.049190108e+02 +8.384000000e+01 -3.9840e+00 +7.7483e-01 -1.2004e+00 +5.3324e-01 -2.1397e+00 +4.1086e-01 -5.2131e-01 -1.0854e+00 -1.4505e+00 -3.9581e+00
589 +7.017043674e+01 +7.017043674e+01 +1.540104367e+02 +8.384000000e+01 -1.9650e+00 +7.7483e-01 -1.2004e+00 +5.3324e-01 -2.1397e+00 +4.1086e-01 -5.2131e-01 -1.0854e+00 -1.4505e+00 -2.7636e+00
789 +6.284645119e+01 +6.284645119e+01 +1.466864512e+02 +8.384000000e+01 -1.9650e+00 +7.7483e-01 +1.9890e-01 +5.3324e-01 -2.1397e+00 +4.1086e-01 -5.2131e-01 -1.0854e+00 -1.4505e+00 -2.7636e+00
1963 +3.909191838e+01 +3.909191838e+01 +1.229319184e+02 +8.384000000e+01 -3.5703e+00 +7.7483e-01 +1.9890e-01 -5.9496e-02 -2.1397e+00 +4.1086e-01 -5.2131e-01 -1.0854e+00 -1.4505e+00 -2.2559e+00
3713 +2.279207177e+01 +2.279207177e+01 +1.066320718e+02 +8.384000000e+01 -3.5703e+00 +1.9103e+00 +1.9890e-01 -5.9496e-02 -2.1397e+00 +4.1086e-01 -9.1341e-01 -1.5087e+00 -1.3792e+00 -2.2559e+00
4888 +1.567326615e+01 +1.567326615e+01 +9.951326615e+01 +8.384000000e+01 -2.6648e+00 +2.6288e+00 +1.9890e-01 -5.9496e-02 -2.0851e+00 +4.1086e-01 -9.7818e-01 -1.5087e+00 -1.3792e+00 -2.2559e+00
7429 +8.846108747e+00 +8.846108747e+00 +9.268610875e+01 +8.384000000e+01 -2.6648e+00 +2.6288e+00 +2.1491e-01 -3.4318e-02 -2.1289e+00 +9.4520e-01 -9.7818e-01 -1.9786e+00 -1.3792e+00 -1.5728e+00
7822 +6.100164823e+00 +6.100164823e+00 +8.994016482e+01 +8.384000000e+01 -2.6648e+00 +2.6288e+00 -5.3608e-01 -4.1833e-02 -2.1289e+00 +9.4520e-01 -9.7818e-01 -1.9786e+00 -1.3792e+00 -1.5728e+00
15930 +2.858366228e+00 +2.858366228e+00 +8.669836623e+01 +8.384000000e+01 -6.4991e-01 +3.4483e+00 -1.4480e+00 -2.8834e-02 -1.4752e+00 +9.4344e-01 -9.4574e-01 -1.9626e+00 -1.3929e+00 -1.5877e+00
16313 +2.405983328e+00 +2.405983328e+00 +8.624598333e+01 +8.384000000e+01 -6.7925e-01 +3.4483e+00 -1.4194e+00 -2.8834e-02 -1.4752e+00 +9.4344e-01 -9.4574e-01 -1.9626e+00 -1.3929e+00 -1.5877e+00
18246 +1.399038290e+00 +1.399038290e+00 +8.523903829e+01 +8.384000000e+01 -6.6774e-01 +3.4995e+00 -1.4194e+00 -2.8834e-02 -1.4808e+00 +9.4344e-01 -9.6837e-01 -1.9626e+00 -1.3929e+00 -1.5877e+00
46515 +9.537382543e-01 +9.537382543e-01 +8.479373825e+01 +8.384000000e+01 -1.6629e+00 +3.5149e+00 -1.4015e+00 -4.1833e-02 -1.4789e+00 +9.4520e-01 -9.6567e-01 -1.9699e+00 -1.3943e+00 -1.5728e+00
46881 +2.611318278e-01 +2.611318278e-01 +8.410113183e+01 +8.384000000e+01 -1.6629e+00 +3.5149e+00 -1.4015e+00 -3.0423e-02 -1.4789e+00 +9.4520e-01 -9.6567e-01 -1.9699e+00 -1.3943e+00 -1.5960e+00
47234 +1.865920072e-01 +1.865920072e-01 +8.402659201e+01 +8.384000000e+01 -1.6629e+00 +3.5149e+00 -1.4015e+00 -4.1833e-02 -1.4789e+00 +9.4520e-01 -9.5982e-01 -1.9699e+00 -1.3943e+00 -1.5960e+00
61346 +1.401041698e-01 +1.401041698e-01 +8.398010417e+01 +8.384000000e+01 -1.6582e+00 +3.5006e+00 -1.4194e+00 -3.4565e-02 -1.4808e+00 +9.5288e-01 -9.5575e-01 -1.9707e+00 -1.3929e+00 -1.5877e+00
67435 +7.209819209e-02 +7.209819209e-02 +8.391209819e+01 +8.384000000e+01 -1.6582e+00 +3.5006e+00 -1.4194e+00 -3.4565e-02 -1.4808e+00 +9.5288e-01 -9.5575e-01 -1.9707e+00 -1.3929e+00 -1.5932e+00
87250 +4.784786121e-02 +4.784786121e-02 +8.388784786e+01 +8.384000000e+01 -1.6629e+00 +3.4995e+00 -1.4194e+00 -4.2417e-02 -1.4808e+00 +9.5358e-01 -9.5982e-01 -1.9699e+00 -1.3943e+00 -1.5960e+00
104731 +3.598308615e-02 +3.598308615e-02 +8.387598309e+01 +8.384000000e+01 -1.6582e+00 +3.5006e+00 -1.4144e+00 -4.5899e-02 -1.4808e+00 +9.5288e-01 -9.6104e-01 -1.9707e+00 -1.3929e+00 -1.5934e+00
137748 +2.205492462e-02 +2.205492462e-02 +8.386205492e+01 +8.384000000e+01 -1.6582e+00 +3.5006e+00 -1.4144e+00 -4.1943e-02 -1.4808e+00 +9.5288e-01 -9.6104e-01 -1.9711e+00 -1.3929e+00 -1.5934e+00
138113 +7.136688949e-03 +7.136688949e-03 +8.384713669e+01 +8.384000000e+01 -1.6646e+00 +3.5006e+00 -1.4144e+00 -4.1943e-02 -1.4808e+00 +9.5288e-01 -9.6104e-01 -1.9735e+00 -1.3929e+00 -1.5934e+00
138470 +6.123812037e-03 +6.123812037e-03 +8.384612381e+01 +8.384000000e+01 -1.6646e+00 +3.5006e+00 -1.4144e+00 -4.1943e-02 -1.4808e+00 +9.5288e-01 -9.6104e-01 -1.9735e+00 -1.3917e+00 -1.5934e+00
198451 +3.846287577e-03 +3.846287577e-03 +8.384384629e+01 +8.384000000e+01 -1.6639e+00 +3.5027e+00 -1.4148e+00 -4.0949e-02 -1.4821e+00 +9.5358e-01 -9.6104e-01 -1.9735e+00 -1.3917e+00 -1.5934e+00
225959 +2.044347563e-03 +2.044347563e-03 +8.384204435e+01 +8.384000000e+01 -1.6639e+00 +3.5041e+00 -1.4144e+00 -4.1711e-02 -1.4821e+00 +9.5288e-01 -9.6104e-01 -1.9750e+00 -1.3917e+00 -1.5945e+00
264410 +1.508345787e-03 +1.508345787e-03 +8.384150835e+01 +8.384000000e+01 -1.6639e+00 +3.5041e+00 -1.4148e+00 -4.1943e-02 -1.4821e+00 +9.5358e-01 -9.6104e-01 -1.9750e+00 -1.3917e+00 -1.5945e+00
270829 +9.672877400e-04 +9.672877400e-04 +8.384096729e+01 +8.384000000e+01 -1.6639e+00 +3.5033e+00 -1.4148e+00 -4.1711e-02 -1.4821e+00 +9.5358e-01 -9.6104e-01 -1.9748e+00 -1.3917e+00 -1.5945e+00
311756 +5.578812239e-04 +5.578812239e-04 +8.384055788e+01 +8.384000000e+01 -1.6639e+00 +3.5027e+00 -1.4162e+00 -4.1711e-02 -1.4821e+00 +9.5358e-01 -9.6104e-01 -1.9748e+00 -1.3917e+00 -1.5945e+00
404500 +3.803892782e-04 +3.803892782e-04 +8.384038039e+01 +8.384000000e+01 -1.6639e+00 +3.5033e+00 -1.4158e+00 -4.1711e-02 -1.4821e+00 +9.5358e-01 -9.6104e-01 -1.9748e+00 -1.3919e+00 -1.5944e+00
523148 +1.716728643e-04 +1.716728643e-04 +8.384017167e+01 +8.384000000e+01 -1.6639e+00 +3.5033e+00 -1.4158e+00 -4.1711e-02 -1.4814e+00 +9.5358e-01 -9.6104e-01 -1.9746e+00 -1.3919e+00 -1.5944e+00
584787 +1.578100852e-04 +1.578100852e-04 +8.384015781e+01 +8.384000000e+01 -1.6639e+00 +3.5033e+00 -1.4160e+00 -4.1711e-02 -1.4814e+00 +9.5358e-01 -9.6104e-01 -1.9742e+00 -1.3919e+00 -1.5944e+00
% function evaluation | noise-free fitness - Fopt (1.536000000000e+01) | best noise-free fitness - Fopt | measured fitness | best measured fitness | x1 | x2...
1 +5.041176855e+03 +5.041176855e+03 +5.056536855e+03 +1.536000000e+01 +2.4350e+00 -3.8386e+00 +4.6538e+00 +4.2647e+00 -8.1280e-01 -1.6997e+00 +2.5515e+00 -9.8969e-01 +4.3463e+00 +3.4501e+00
390 +1.708222058e+02 +1.708222058e+02 +1.861822058e+02 +1.536000000e+01 -6.1922e-01 +2.4732e+00 -4.3853e-01 +1.1292e-01 -3.1823e+00 -3.3808e+00 -3.2770e+00 -1.2087e+00 -1.8906e+00 -2.9000e+00
576 +1.101972249e+02 +1.101972249e+02 +1.255572249e+02 +1.536000000e+01 +8.2145e-01 -2.8634e-01 -2.1807e+00 -2.3854e+00 -1.8376e+00 -3.9684e+00 -3.8408e+00 -4.2034e+00 -8.9775e-01 -2.8329e+00
755 +9.623118190e+01 +9.623118190e+01 +1.115911819e+02 +1.536000000e+01 +8.2145e-01 -2.8634e-01 -2.1807e+00 -2.3854e+00 -2.6288e+00 -1.9409e+00 -2.2502e+00 -5.3524e-01 -8.9775e-01 -2.8329e+00
1304 +5.427097415e+01 +5.427097415e+01 +6.963097415e+01 +1.536000000e+01 +8.2145e-01 -2.8634e-01 -2.1807e+00 -2.3854e+00 -3.4770e+00 -3.3808e+00 -2.5637e+00 -1.2087e+00 -8.9775e-01 -2.8329e+00
1483 +3.141329250e+01 +3.141329250e+01 +4.677329250e+01 +1.536000000e+01 +8.2145e-01 +2.4732e+00 -2.1807e+00 -1.9999e+00 -3.4770e+00 -3.8060e+00 -3.0858e+00 -1.2087e+00 -8.9775e-01 -2.8329e+00
2042 +2.449920089e+01 +2.449920089e+01 +3.985920089e+01 +1.536000000e+01 +8.2145e-01 +7.8801e-01 -2.1807e+00 -2.4742e+00 -3.4770e+00 -3.8060e+00 -3.0858e+00 -1.2087e+00 -8.9775e-01 -2.8329e+00
3502 +1.570561010e+01 +1.570561010e+01 +3.106561010e+01 +1.536000000e+01 +7.7927e-01 +2.5391e+00 -2.1807e+00 -2.5345e+00 -2.8302e+00 -3.1992e+00 -3.0858e+00 -1.1723e+00 -8.9775e-01 -2.8329e+00
4422 +9.622718204e+00 +9.622718204e+00 +2.498271820e+01 +1.536000000e+01 +7.7927e-01 +2.5391e+00 -3.0639e+00 -2.5345e+00 -2.8302e+00 -3.1992e+00 -3.0246e+00 -2.0375e+00 -8.9775e-01 -2.8329e+00
5903 +6.263387632e+00 +6.263387632e+00 +2.162338763e+01 +1.536000000e+01 +7.7927e-01 +1.6548e+00 -3.0699e+00 -2.5376e+00 -2.7894e+00 -3.1992e+00 -2.5695e+00 -2.0375e+00 -8.9775e-01 -2.8329e+00
7022 +3.465689369e+00 +3.465689369e+00 +1.882568937e+01 +1.536000000e+01 +7.7927e-01 +1.6548e+00 -3.0699e+00 -2.4888e+00 -2.7894e+00 -3.1992e+00 -2.5695e+00 -2.0626e+00 -1.7492e+00 -2.8329e+00
7209 +2.119697043e+00 +2.119697043e+00 +1.747969704e+01 +1.536000000e+01 +7.7342e-01 +1.6548e+00 -3.0699e+00 -2.5376e+00 -2.7894e+00 -3.1992e+00 -2.5695e+00 -2.0626e+00 -1.7492e+00 -2.8329e+00
27725 +1.501352534e+00 +1.501352534e+00 +1.686135253e+01 +1.536000000e+01 +1.7891e+00 +1.6580e+00 -3.0657e+00 -2.5437e+00 -2.7912e+00 -3.2065e+00 -2.5947e+00 -2.0352e+00 -1.7352e+00 -2.8384e+00
35889 +4.990212414e-01 +4.990212414e-01 +1.585902124e+01 +1.536000000e+01 +1.7914e+00 +1.6306e+00 -3.0745e+00 -2.5681e+00 -2.7892e+00 -3.2106e+00 -2.5815e+00 -2.0734e+00 -1.7272e+00 -2.8311e+00
36819 +3.722935887e-01 +3.722935887e-01 +1.573229359e+01 +1.536000000e+01 +1.7816e+00 +1.6306e+00 -3.0745e+00 -2.5681e+00 -2.7892e+00 -3.2106e+00 -2.5815e+00 -2.0609e+00 -1.7272e+00 -2.8311e+00
41438 +2.136291633e-01 +2.136291633e-01 +1.557362916e+01 +1.536000000e+01 +1.7427e+00 +1.6481e+00 -3.0699e+00 -2.5421e+00 -2.7900e+00 -3.2200e+00 -2.5743e+00 -2.0650e+00 -1.7256e+00 -2.8329e+00
42962 +8.297833197e-02 +8.297833197e-02 +1.544297833e+01 +1.536000000e+01 +1.7845e+00 +1.6435e+00 -3.0699e+00 -2.5421e+00 -2.7900e+00 -3.2200e+00 -2.5788e+00 -2.0650e+00 -1.7256e+00 -2.8329e+00
43925 +4.861284389e-02 +4.861284389e-02 +1.540861284e+01 +1.536000000e+01 +1.7767e+00 +1.6435e+00 -3.0699e+00 -2.5421e+00 -2.7900e+00 -3.2200e+00 -2.5788e+00 -2.0650e+00 -1.7256e+00 -2.8329e+00
46776 +3.896272112e-02 +3.896272112e-02 +1.539896272e+01 +1.536000000e+01 +1.7698e+00 +1.6435e+00 -3.0699e+00 -2.5421e+00 -2.7900e+00 -3.2200e+00 -2.5788e+00 -2.0650e+00 -1.7256e+00 -2.8329e+00
77505 +2.354482295e-02 +2.354482295e-02 +1.538354482e+01 +1.536000000e+01 +1.7698e+00 +1.6435e+00 -3.0699e+00 -2.5462e+00 -2.7992e+00 -3.2200e+00 -2.5788e+00 -2.0650e+00 -1.7256e+00 -2.8329e+00
93638 +9.896014454e-03 +9.896014454e-03 +1.536989601e+01 +1.536000000e+01 +1.7747e+00 +1.6435e+00 -3.0699e+00 -2.5437e+00 -2.7954e+00 -3.2191e+00 -2.5788e+00 -2.0650e+00 -1.7272e+00 -2.8311e+00
93834 +4.679728373e-03 +4.679728373e-03 +1.536467973e+01 +1.536000000e+01 +1.7698e+00 +1.6435e+00 -3.0699e+00 -2.5437e+00 -2.7954e+00 -3.2191e+00 -2.5788e+00 -2.0650e+00 -1.7272e+00 -2.8311e+00
131605 +3.031387849e-03 +3.031387849e-03 +1.536303139e+01 +1.536000000e+01 +1.7698e+00 +1.6435e+00 -3.0699e+00 -2.5455e+00 -2.7954e+00 -3.2191e+00 -2.5788e+00 -2.0650e+00 -1.7272e+00 -2.8311e+00
173717 +2.078097159e-03 +2.078097159e-03 +1.536207810e+01 +1.536000000e+01 +1.7698e+00 +1.6435e+00 -3.0699e+00 -2.5455e+00 -2.7954e+00 -3.2191e+00 -2.5788e+00 -2.0650e+00 -1.7272e+00 -2.8303e+00
206718 +8.949388493e-04 +8.949388493e-04 +1.536089494e+01 +1.536000000e+01 +1.7698e+00 +1.6435e+00 -3.0699e+00 -2.5455e+00 -2.7954e+00 -3.2191e+00 -2.5796e+00 -2.0650e+00 -1.7272e+00 -2.8303e+00
262530 +4.674267927e-04 +4.674267927e-04 +1.536046743e+01 +1.536000000e+01 +1.7698e+00 +1.6435e+00 -3.0705e+00 -2.5455e+00 -2.7954e+00 -3.2183e+00 -2.5796e+00 -2.0650e+00 -1.7272e+00 -2.8303e+00
300827 +3.980487445e-04 +3.980487445e-04 +1.536039805e+01 +1.536000000e+01 +1.7698e+00 +1.6435e+00 -3.0704e+00 -2.5455e+00 -2.7955e+00 -3.2183e+00 -2.5796e+00 -2.0650e+00 -1.7272e+00 -2.8303e+00
555513 +2.120114688e-04 +2.120114688e-04 +1.536021201e+01 +1.536000000e+01 +1.7698e+00 +1.6435e+00 -3.0704e+00 -2.5455e+00 -2.7958e+00 -3.2183e+00 -2.5797e+00 -2.0650e+00 -1.7272e+00 -2.8303e+00
825676 +8.296728810e-05 +8.296728810e-05 +1.536008297e+01 +1.536000000e+01 +1.7698e+00 +1.6432e+00 -3.0704e+00 -2.5455e+00 -2.7960e+00 -3.2183e+00 -2.5800e+00 -2.0650e+00 -1.7272e+00 -2.8303e+00
826936 +5.403476598e-05 +5.403476598e-05 +1.536005403e+01 +1.536000000e+01 +1.7698e+00 +1.6432e+00 -3.0704e+00 -2.5455e+00 -2.7960e+00 -3.2183e+00 -2.5800e+00 -2.0649e+00 -1.7272e+00 -2.8303e+00
