% function evaluation | noise-free fitness - Fopt (-4.620900000000e+02) | best noise-free fitness - Fopt | measured fitness | best measured fitness | x1 | x2...
1 +2.770274764e+02 +2.770274764e+02 -1.850625236e+02 -4.620900000e+02 +1.3595e+00 -1.8609e+00 -1.7336e+00 +4.1645e+00 +8.6137e-01
194 +4.692435747e+01 +4.692435747e+01 -4.151656425e+02 -4.620900000e+02 -3.9635e-01 +4.9685e+00 +1.7169e+00 +2.1701e-01 +1.9055e+00
287 +3.246918600e+01 +3.246918600e+01 -4.296208140e+02 -4.620900000e+02 -4.2021e+00 +2.9738e+00 +1.7169e+00 +2.1701e-01 +1.3783e+00
465 +1.959716908e+01 +1.959716908e+01 -4.424928309e+02 -4.620900000e+02 -4.2021e+00 +2.9738e+00 +1.7169e+00 +2.1701e-01 +1.9949e+00
556 +1.316792987e+01 +1.316792987e+01 -4.489220701e+02 -4.620900000e+02 -4.2021e+00 +2.9738e+00 +1.7169e+00 +6.9428e-01 +1.9949e+00
650 +9.836595120e+00 +9.836595120e+00 -4.522534049e+02 -4.620900000e+02 -4.2021e+00 +2.9738e+00 +2.1902e+00 +6.9428e-01 +1.9949e+00
1276 +6.023714407e+00 +6.023714407e+00 -4.560662856e+02 -4.620900000e+02 -3.2703e+00 +3.0835e+00 +2.1902e+00 +6.9428e-01 +2.3133e+00
1453 +3.939614403e+00 +3.939614403e+00 -4.581503856e+02 -4.620900000e+02 -3.3372e+00 +2.9738e+00 +2.1902e+00 +7.3698e-01 +2.3133e+00
3010 +2.365519236e+00 +2.365519236e+00 -4.597244808e+02 -4.620900000e+02 -3.3372e+00 +3.1402e+00 +2.2067e+00 +7.2803e-01 +2.3133e+00
4575 +1.295600271e+00 +1.295600271e+00 -4.607943997e+02 -4.620900000e+02 -3.3372e+00 +2.3268e+00 +2.2077e+00 +7.2803e-01 +2.3012e+00
10134 +6.024667804e-01 +6.024667804e-01 -4.614875332e+02 -4.620900000e+02 -2.3750e+00 +2.2929e+00 +2.2122e+00 +7.2803e-01 +2.3133e+00
11577 +3.625324913e-01 +3.625324913e-01 -4.617274675e+02 -4.620900000e+02 -2.3511e+00 +2.2929e+00 +2.2122e+00 +7.2803e-01 +2.3133e+00
14137 +1.026206895e-01 +1.026206895e-01 -4.619873793e+02 -4.620900000e+02 -2.3511e+00 +2.2929e+00 +2.2122e+00 +7.2803e-01 +2.2935e+00
23241 +5.907761968e-02 +5.907761968e-02 -4.620309224e+02 -4.620900000e+02 -2.3362e+00 +2.3082e+00 +2.2077e+00 +7.2803e-01 +2.3012e+00
40362 +3.029139722e-02 +3.029139722e-02 -4.620597086e+02 -4.620900000e+02 -2.3419e+00 +2.3082e+00 +2.2112e+00 +7.2803e-01 +2.2980e+00
44457 +2.198036938e-02 +2.198036938e-02 -4.620680196e+02 -4.620900000e+02 -2.3410e+00 +2.3050e+00 +2.2168e+00 +7.2803e-01 +2.3012e+00
48153 +9.523777840e-03 +9.523777840e-03 -4.620804762e+02 -4.620900000e+02 -2.3410e+00 +2.2978e+00 +2.2172e+00 +7.2803e-01 +2.2994e+00
48704 +2.085917926e-03 +2.085917926e-03 -4.620879141e+02 -4.620900000e+02 -2.3410e+00 +2.2978e+00 +2.2144e+00 +7.2803e-01 +2.2994e+00
70787 +8.198893103e-04 +8.198893103e-04 -4.620891801e+02 -4.620900000e+02 -2.3410e+00 +2.2990e+00 +2.2144e+00 +7.2803e-01 +2.2994e+00
73809 +5.156605823e-04 +5.156605823e-04 -4.620894843e+02 -4.620900000e+02 -2.3410e+00 +2.2997e+00 +2.2144e+00 +7.2803e-01 +2.2994e+00
79405 +3.592753166e-04 +3.592753166e-04 -4.620896407e+02 -4.620900000e+02 -2.3410e+00 +2.2991e+00 +2.2137e+00 +7.2803e-01 +2.2994e+00
98404 +1.428886684e-04 +1.428886684e-04 -4.620898571e+02 -4.620900000e+02 -2.3410e+00 +2.2997e+00 +2.2137e+00 +7.2803e-01 +2.2994e+00
180231 +7.618477434e-05 +7.618477434e-05 -4.620899238e+02 -4.620900000e+02 -2.3407e+00 +2.3003e+00 +2.2137e+00 +7.2803e-01 +2.2991e+00
197055 +5.157024952e-05 +5.157024952e-05 -4.620899484e+02 -4.620900000e+02 -2.3409e+00 +2.3003e+00 +2.2137e+00 +7.2803e-01 +2.2993e+00
274021 +1.567352319e-05 +1.567352319e-05 -4.620899843e+02 -4.620900000e+02 -2.3409e+00 +2.3001e+00 +2.2137e+00 +7.2803e-01 +2.2992e+00
386837 +6.523618367e-06 +6.523618367e-06 -4.620899935e+02 -4.620900000e+02 -2.3407e+00 +2.3000e+00 +2.2135e+00 +7.2803e-01 +2.2992e+00
% function evaluation | noise-free fitness - Fopt (7.766000000000e+01) | best noise-free fitness - Fopt | measured fitness | best measured fitness | x1 | x2...
1 +4.743404275e+02 +4.743404275e+02 +5.520004275e+02 +7.766000000e+01 -2.8836e+00 +1.0541e+00 +4.2091e+00 -1.1455e+00 -4.9976e+00
199 +6.382642117e+01 +6.382642117e+01 +1.414864212e+02 +7.766000000e+01 +3.7145e+00 -8.4685e-01 -2.2073e+00 +2.9455e+00 -2.9561e+00
296 +4.800003765e+01 +4.800003765e+01 +1.256600376e+02 +7.766000000e+01 +4.3836e+00 -8.4685e-01 -2.2073e+00 +4.2284e+00 -2.6348e+00
393 +3.261188457e+01 +3.261188457e+01 +1.102718846e+02 +7.766000000e+01 +4.3836e+00 -8.4685e-01 -2.2073e+00 +4.2284e+00 -3.1580e+00
491 +1.863810025e+01 +1.863810025e+01 +9.629810025e+01 +7.766000000e+01 +4.3836e+00 -8.4685e-01 -1.7317e+00 +4.2284e+00 -3.1580e+00
591 +1.180580170e+01 +1.180580170e+01 +8.946580170e+01 +7.766000000e+01 +4.3836e+00 -8.4685e-01 -1.9144e+00 +2.9455e+00 -3.1580e+00
689 +8.828664178e+00 +8.828664178e+00 +8.648866418e+01 +7.766000000e+01 +4.3836e+00 -8.4685e-01 -1.9144e+00 +2.9455e+00 -2.7792e+00
1378 +5.693171443e+00 +5.693171443e+00 +8.335317144e+01 +7.766000000e+01 +4.3836e+00 -8.4685e-01 -1.8339e+00 +3.3120e+00 -2.4713e+00
4199 +3.473201959e+00 +3.473201959e+00 +8.113320196e+01 +7.766000000e+01 +3.4391e+00 -8.4685e-01 -1.3104e+00 +3.3228e+00 -2.4713e+00
4687 +1.980572864e+00 +1.980572864e+00 +7.964057286e+01 +7.766000000e+01 +3.3881e+00 -8.4685e-01 -1.2315e+00 +3.3228e+00 -2.4713e+00
11956 +1.386286189e+00 +1.386286189e+00 +7.904628619e+01 +7.766000000e+01 +2.4265e+00 -4.6321e-02 -1.2703e+00 +3.3172e+00 -2.4710e+00
17708 +2.353231878e-01 +2.353231878e-01 +7.789532319e+01 +7.766000000e+01 +2.3991e+00 -8.5533e-01 -1.2515e+00 +3.3228e+00 -2.4660e+00
17971 +1.107337025e-02 +1.107337025e-02 +7.767107337e+01 +7.766000000e+01 +2.3991e+00 -8.5533e-01 -1.2698e+00 +3.3228e+00 -2.4660e+00
23481 +6.128125201e-03 +6.128125201e-03 +7.766612813e+01 +7.766000000e+01 +2.4036e+00 -8.5533e-01 -1.2728e+00 +3.3228e+00 -2.4639e+00
36803 +8.797943024e-04 +8.797943024e-04 +7.766087979e+01 +7.766000000e+01 +2.3991e+00 -8.5533e-01 -1.2728e+00 +3.3228e+00 -2.4639e+00
65758 +5.779774073e-04 +5.779774073e-04 +7.766057798e+01 +7.766000000e+01 +2.3991e+00 -8.5533e-01 -1.2723e+00 +3.3228e+00 -2.4639e+00
75324 +3.417620941e-04 +3.417620941e-04 +7.766034176e+01 +7.766000000e+01 +2.3991e+00 -8.5533e-01 -1.2723e+00 +3.3231e+00 -2.4639e+00
103607 +1.626784760e-04 +1.626784760e-04 +7.766016268e+01 +7.766000000e+01 +2.3987e+00 -8.5632e-01 -1.2723e+00 +3.3231e+00 -2.4639e+00
138968 +1.446609219e-04 +1.446609219e-04 +7.766014466e+01 +7.766000000e+01 +2.3987e+00 -8.5632e-01 -1.2717e+00 +3.3231e+00 -2.4639e+00
225933 +9.307682070e-05 +9.307682070e-05 +7.766009308e+01 +7.766000000e+01 +2.3984e+00 -8.5616e-01 -1.2717e+00 +3.3231e+00 -2.4639e+00
276600 +5.561413798e-05 +5.561413798e-05 +7.766005561e+01 +7.766000000e+01 +2.3984e+00 -8.5616e-01 -1.2717e+00 +3.3232e+00 -2.4641e+00
314644 +2.017666533e-05 +2.017666533e-05 +7.766002018e+01 +7.766000000e+01 +2.3984e+00 -8.5616e-01 -1.2720e+00 +3.3232e+00 -2.4641e+00
% function evaluation | noise-free fitness - Fopt (1.156800000000e+02) | best noise-free fitness - Fopt | measured fitness | best measured fitness | x1 | x2...
1 +2.406804750e+02 +2.406804750e+02 +3.563604750e+02 +1.156800000e+02 +3.4414e+00 -2.3761e-01 +5.3605e-01 -1.8989e+00 -2.4966e+00
176 +4.629918675e+01 +4.629918675e+01 +1.619791867e+02 +1.156800000e+02 -4.2678e+00 -3.9582e-01 +7.6959e-01 +4.3296e+00 -3.1846e+00
261 +3.395428927e+01 +3.395428927e+01 +1.496342893e+02 +1.156800000e+02 -4.2678e+00 -3.9582e-01 +7.6959e-01 +3.8786e+00 -3.5630e+00
350 +2.294151089e+01 +2.294151089e+01 +1.386215109e+02 +1.156800000e+02 -4.2678e+00 -1.0085e+00 +7.6959e-01 +3.2204e+00 -3.1846e+00
950 +1.562779511e+01 +1.562779511e+01 +1.313077951e+02 +1.156800000e+02 -2.2629e+00 -1.0085e+00 +7.6959e-01 +3.2204e+00 -3.2426e+00
1041 +6.134732219e+00 +6.134732219e+00 +1.218147322e+02 +1.156800000e+02 -2.2629e+00 -1.0085e+00 +7.6959e-01 +2.6509e+00 -3.2426e+00
2454 +3.707668583e+00 +3.707668583e+00 +1.193876686e+02 +1.156800000e+02 -2.2342e+00 -9.8038e-01 +2.0724e-01 +2.6927e+00 -3.2426e+00
3139 +2.359082507e+00 +2.359082507e+00 +1.180390825e+02 +1.156800000e+02 -2.1529e+00 -9.8038e-01 +2.0724e-01 +3.0751e+00 -3.2426e+00
3838 +8.909070780e-01 +8.909070780e-01 +1.165709071e+02 +1.156800000e+02 -2.1529e+00 -9.8038e-01 +2.5808e-01 +3.0751e+00 -3.5879e+00
7849 +4.435681165e-01 +4.435681165e-01 +1.161235681e+02 +1.156800000e+02 -2.2109e+00 -9.8114e-01 +2.4796e-01 +3.0767e+00 -3.6092e+00
20936 +2.368035629e-01 +2.368035629e-01 +1.159168036e+02 +1.156800000e+02 -2.1747e+00 -9.8038e-01 +2.5808e-01 +3.0922e+00 -3.5966e+00
22592 +1.444164701e-01 +1.444164701e-01 +1.158244165e+02 +1.156800000e+02 -2.1802e+00 -9.8038e-01 +2.5368e-01 +3.0922e+00 -3.5976e+00
25380 +1.425050959e-02 +1.425050959e-02 +1.156942505e+02 +1.156800000e+02 -2.1794e+00 -9.8114e-01 +2.4271e-01 +3.0864e+00 -3.6062e+00
57043 +7.720943460e-03 +7.720943460e-03 +1.156877209e+02 +1.156800000e+02 -2.1776e+00 -9.8466e-01 +2.4510e-01 +3.0905e+00 -3.6062e+00
85395 +4.092861869e-03 +4.092861869e-03 +1.156840929e+02 +1.156800000e+02 -2.1794e+00 -9.8466e-01 +2.4510e-01 +3.0905e+00 -3.6044e+00
112803 +1.266813593e-03 +1.266813593e-03 +1.156812668e+02 +1.156800000e+02 -2.1776e+00 -9.8466e-01 +2.4510e-01 +3.0889e+00 -3.6044e+00
129884 +9.405516603e-04 +9.405516603e-04 +1.156809406e+02 +1.156800000e+02 -2.1776e+00 -9.8466e-01 +2.4510e-01 +3.0889e+00 -3.6048e+00
173394 +1.977748518e-04 +1.977748518e-04 +1.156801978e+02 +1.156800000e+02 -2.1776e+00 -9.8337e-01 +2.4510e-01 +3.0889e+00 -3.6048e+00
273227 +1.075903325e-04 +1.075903325e-04 +1.156801076e+02 +1.156800000e+02 -2.1779e+00 -9.8337e-01 +2.4510e-01 +3.0888e+00 -3.6048e+00
% function evaluation | noise-free fitness - Fopt (-3.710000000000e+00) | best noise-free fitness - Fopt | measured fitness | best measured fitness | x1 | x2...
1 +3.059857525e+02 +3.059857525e+02 +3.022757525e+02 -3.710000000e+00 +1.1103e+00 +3.7026e+00 -3.4570e+00 +4.0143e+00 -1.0373e-01
199 +5.248669779e+01 +5.248669779e+01 +4.877669779e+01 -3.710000000e+00 +6.8191e-02 -4.2201e+00 +2.8433e+00 +3.3641e+00 +3.7874e+00
298 +2.497998396e+01 +2.497998396e+01 +2.126998396e+01 -3.710000000e+00 +3.2048e+00 -3.6474e+00 +2.8433e+00 +3.3641e+00 +3.7874e+00
497 +1.284856151e+01 +1.284856151e+01 +9.138561510e+00 -3.710000000e+00 +3.1492e+00 -3.6474e+00 +2.8433e+00 +3.9656e+00 +2.8279e+00
893 +9.259841999e+00 +9.259841999e+00 +5.549841999e+00 -3.710000000e+00 +3.1492e+00 -3.6474e+00 +2.8433e+00 +3.9074e+00 +2.8448e+00
1782 +5.650789677e+00 +5.650789677e+00 +1.940789677e+00 -3.710000000e+00 +3.1029e+00 -2.3696e+00 +2.8433e+00 +3.9074e+00 +3.1515e+00
2077 +2.065158333e+00 +2.065158333e+00 -1.644841667e+00 -3.710000000e+00 +3.1029e+00 -3.0992e+00 +2.3319e+00 +3.9074e+00 +3.1515e+00
3745 +1.009004057e+00 +1.009004057e+00 -2.700995943e+00 -3.710000000e+00 +3.1180e+00 -2.3011e+00 +2.3319e+00 +3.9104e+00 +3.1527e+00
15019 +1.703550799e-01 +1.703550799e-01 -3.539644920e+00 -3.710000000e+00 +3.1180e+00 -2.3011e+00 +1.8006e+00 +3.9104e+00 +3.1527e+00
17247 +3.596889348e-02 +3.596889348e-02 -3.674031107e+00 -3.710000000e+00 +3.1180e+00 -2.3011e+00 +1.7898e+00 +3.9104e+00 +3.1527e+00
21141 +1.424939302e-02 +1.424939302e-02 -3.695750607e+00 -3.710000000e+00 +3.1180e+00 -2.3011e+00 +1.7846e+00 +3.9104e+00 +3.1527e+00
22485 +2.352017635e-03 +2.352017635e-03 -3.707647982e+00 -3.710000000e+00 +3.1180e+00 -2.2939e+00 +1.7846e+00 +3.9104e+00 +3.1527e+00
63544 +1.302318492e-03 +1.302318492e-03 -3.708697682e+00 -3.710000000e+00 +3.1180e+00 -2.2939e+00 +1.7833e+00 +3.9104e+00 +3.1527e+00
86098 +5.765128052e-04 +5.765128052e-04 -3.709423487e+00 -3.710000000e+00 +3.1199e+00 -2.2939e+00 +1.7833e+00 +3.9104e+00 +3.1527e+00
88926 +5.118536664e-05 +5.118536664e-05 -3.709948815e+00 -3.710000000e+00 +3.1199e+00 -2.2955e+00 +1.7833e+00 +3.9104e+00 +3.1527e+00
168279 +3.124223152e-05 +3.124223152e-05 -3.709968758e+00 -3.710000000e+00 +3.1199e+00 -2.2955e+00 +1.7832e+00 +3.9104e+00 +3.1528e+00
435077 +2.554268310e-06 +2.554268310e-06 -3.709997446e+00 -3.710000000e+00 +3.1199e+00 -2.2951e+00 +1.7832e+00 +3.9104e+00 +3.1528e+00
% function evaluation | noise-free fitness - Fopt (1.321800000000e+02) | best noise-free fitness - Fopt | measured fitness | best measured fitness | x1 | x2...
1 +5.444671477e+02 +5.444671477e+02 +6.766471477e+02 +1.321800000e+02 +1.7923e+00 -1.0091e+00 +3.8946e+00 -3.4101e+00 +1.3599e+00
196 +3.629329945e+01 +3.629329945e+01 +1.684732995e+02 +1.321800000e+02 -2.6011e+00 +1.4032e+00 +2.9196e+00 -1.4501e+00 -1.4971e+00
294 +2.382592674e+01 +2.382592674e+01 +1.560059267e+02 +1.321800000e+02 -4.7712e+00 +6.4045e-01 +2.9196e+00 -1.4501e+00 -1.4971e+00
391 +1.474971244e+01 +1.474971244e+01 +1.469297124e+02 +1.321800000e+02 -4.7712e+00 +1.4032e+00 +2.9196e+00 -8.4037e-01 -2.1166e+00
977 +6.137642466e+00 +6.137642466e+00 +1.383176425e+02 +1.321800000e+02 -4.7712e+00 +6.4045e-01 +2.9196e+00 -1.9878e+00 -2.1166e+00
1657 +3.932307470e+00 +3.932307470e+00 +1.361123075e+02 +1.321800000e+02 -3.8173e+00 +6.7270e-01 +2.8874e+00 -1.9543e+00 -2.1166e+00
2829 +2.214518290e+00 +2.214518290e+00 +1.343945183e+02 +1.321800000e+02 -3.7406e+00 +1.4498e+00 +2.8874e+00 -1.9543e+00 -2.4750e+00
3999 +1.560098848e+00 +1.560098848e+00 +1.337400988e+02 +1.321800000e+02 -3.7605e+00 +1.4802e+00 +2.8600e+00 -1.9543e+00 -2.4750e+00
14619 +2.142843964e-01 +2.142843964e-01 +1.323942844e+02 +1.321800000e+02 -3.7605e+00 +1.4802e+00 +3.4685e+00 -1.9543e+00 -2.4972e+00
18919 +1.477560846e-01 +1.477560846e-01 +1.323277561e+02 +1.321800000e+02 -3.7605e+00 +1.4802e+00 +3.4568e+00 -1.9543e+00 -2.4907e+00
23838 +9.519650079e-02 +9.519650079e-02 +1.322751965e+02 +1.321800000e+02 -3.7605e+00 +1.4802e+00 +3.4594e+00 -1.9601e+00 -2.4972e+00
32079 +5.595035255e-02 +5.595035255e-02 +1.322359504e+02 +1.321800000e+02 -3.7605e+00 +1.4802e+00 +3.4618e+00 -1.9711e+00 -2.4949e+00
40453 +2.384619626e-02 +2.384619626e-02 +1.322038462e+02 +1.321800000e+02 -3.7655e+00 +1.4802e+00 +3.4594e+00 -1.9667e+00 -2.4950e+00
41946 +7.459680926e-03 +7.459680926e-03 +1.321874597e+02 +1.321800000e+02 -3.7655e+00 +1.4802e+00 +3.4594e+00 -1.9667e+00 -2.4911e+00
62406 +5.375674483e-03 +5.375674483e-03 +1.321853757e+02 +1.321800000e+02 -3.7655e+00 +1.4802e+00 +3.4605e+00 -1.9667e+00 -2.4911e+00
80566 +3.735855953e-03 +3.735855953e-03 +1.321837359e+02 +1.321800000e+02 -3.7655e+00 +1.4802e+00 +3.4622e+00 -1.9658e+00 -2.4911e+00
120095 +1.972208466e-03 +1.972208466e-03 +1.321819722e+02 +1.321800000e+02 -3.7655e+00 +1.4823e+00 +3.4613e+00 -1.9658e+00 -2.4911e+00
140216 +1.379884787e-03 +1.379884787e-03 +1.321813799e+02 +1.321800000e+02 -3.7655e+00 +1.4823e+00 +3.4613e+00 -1.9658e+00 -2.4913e+00
159829 +9.195834296e-04 +9.195834296e-04 +1.321809196e+02 +1.321800000e+02 -3.7643e+00 +1.4823e+00 +3.4613e+00 -1.9658e+00 -2.4913e+00
243257 +1.277187862e-04 +1.277187862e-04 +1.321801277e+02 +1.321800000e+02 -3.7643e+00 +1.4823e+00 +3.4617e+00 -1.9655e+00 -2.4922e+00
% function evaluation | noise-free fitness - Fopt (-4.174000000000e+01) | best noise-free fitness - Fopt | measured fitness | best measured fitness | x1 | x2...
1 +2.985114725e+02 +2.985114725e+02 +2.567714725e+02 -4.174000000e+01 +3.9774e+00 -4.4221e+00 -1.7141e+00 -2.5451e+00 -5.1603e-01
200 +4.865589107e+01 +4.865589107e+01 +6.915891069e+00 -4.174000000e+01 +4.2216e+00 -1.6057e+00 -1.3009e+00 +4.1855e+00 +1.3579e+00
300 +3.587617284e+01 +3.587617284e+01 -5.863827162e+00 -4.174000000e+01 +3.4476e+00 -1.3296e-01 -1.3009e+00 +4.1855e+00 +1.4630e+00
500 +1.398965388e+01 +1.398965388e+01 -2.775034612e+01 -4.174000000e+01 +4.2216e+00 -3.1994e+00 -6.6540e-01 +4.1855e+00 +1.4630e+00
600 +8.585064248e+00 +8.585064248e+00 -3.315493575e+01 -4.174000000e+01 +4.1315e+00 -3.1994e+00 -6.6540e-01 +4.1855e+00 +1.4630e+00
897 +5.901502089e+00 +5.901502089e+00 -3.583849791e+01 -4.174000000e+01 +4.1315e+00 -2.6128e+00 -6.6540e-01 +4.1855e+00 +1.4630e+00
1195 +3.356373466e+00 +3.356373466e+00 -3.838362653e+01 -4.174000000e+01 +4.1315e+00 -1.8401e+00 -7.2553e-01 +4.1855e+00 +1.4630e+00
2191 +2.258155746e+00 +2.258155746e+00 -3.948184425e+01 -4.174000000e+01 +4.1315e+00 -1.8401e+00 -7.2553e-01 +3.7142e+00 +1.4630e+00
8286 +1.538886852e+00 +1.538886852e+00 -4.020111315e+01 -4.174000000e+01 +3.1700e+00 -1.8453e+00 -1.3611e-01 +3.6803e+00 +1.4609e+00
8988 +9.771719981e-01 +9.771719981e-01 -4.076282800e+01 -4.174000000e+01 +3.1392e+00 -1.8453e+00 -1.3611e-01 +3.6803e+00 +1.4724e+00
9167 +3.352520795e-01 +3.352520795e-01 -4.140474792e+01 -4.174000000e+01 +3.1392e+00 -1.8453e+00 -1.3611e-01 +3.7268e+00 +1.4724e+00
16875 +8.747376131e-02 +8.747376131e-02 -4.165252624e+01 -4.174000000e+01 +3.1367e+00 -1.8401e+00 -1.2953e-01 +3.7142e+00 +1.4749e+00
18981 +6.097842961e-02 +6.097842961e-02 -4.167902157e+01 -4.174000000e+01 +3.1348e+00 -1.8401e+00 -1.3232e-01 +3.7142e+00 +1.4749e+00
24929 +3.317937510e-02 +3.317937510e-02 -4.170682062e+01 -4.174000000e+01 +3.1392e+00 -1.8415e+00 -1.3611e-01 +3.7083e+00 +1.4724e+00
27583 +1.732835990e-02 +1.732835990e-02 -4.172267164e+01 -4.174000000e+01 +3.1392e+00 -1.8341e+00 -1.3611e-01 +3.7083e+00 +1.4724e+00
27858 +1.025379187e-02 +1.025379187e-02 -4.172974621e+01 -4.174000000e+01 +3.1259e+00 -1.8341e+00 -1.3611e-01 +3.7083e+00 +1.4724e+00
39229 +9.763577756e-03 +9.763577756e-03 -4.173023642e+01 -4.174000000e+01 +3.1348e+00 -1.8326e+00 -1.3611e-01 +3.7102e+00 +1.4749e+00
47445 +4.156941553e-03 +4.156941553e-03 -4.173584306e+01 -4.174000000e+01 +3.1312e+00 -1.8341e+00 -1.3611e-01 +3.7083e+00 +1.4724e+00
59996 +3.942890027e-03 +3.942890027e-03 -4.173605711e+01 -4.174000000e+01 +3.1345e+00 -1.8351e+00 -1.3611e-01 +3.7086e+00 +1.4730e+00
84576 +1.968612622e-03 +1.968612622e-03 -4.173803139e+01 -4.174000000e+01 +3.1312e+00 -1.8341e+00 -1.3611e-01 +3.7086e+00 +1.4730e+00
122788 +1.270960205e-03 +1.270960205e-03 -4.173872904e+01 -4.174000000e+01 +3.1312e+00 -1.8341e+00 -1.3611e-01 +3.7086e+00 +1.4734e+00
154494 +6.608967094e-04 +6.608967094e-04 -4.173933910e+01 -4.174000000e+01 +3.1312e+00 -1.8341e+00 -1.3859e-01 +3.7088e+00 +1.4734e+00
170143 +4.924408105e-04 +4.924408105e-04 -4.173950756e+01 -4.174000000e+01 +3.1312e+00 -1.8341e+00 -1.3676e-01 +3.7088e+00 +1.4734e+00
178674 +9.074280077e-05 +9.074280077e-05 -4.173990926e+01 -4.174000000e+01 +3.1312e+00 -1.8341e+00 -1.3760e-01 +3.7088e+00 +1.4734e+00
% function evaluation | noise-free fitness - Fopt (-4.948600000000e+02) | best noise-free fitness - Fopt | measured fitness | best measured fitness | x1 | x2...
1 +3.827324793e+02 +3.827324793e+02 -1.121275207e+02 -4.948600000e+02 +2.8187e+00 +1.4590e+00 -3.5325e+00 +1.0456e-01 -6.9249e-01
193 +3.600990509e+01 +3.600990509e+01 -4.588500949e+02 -4.948600000e+02 -8.1142e-01 -3.2466e+00 +4.5917e+00 +2.5621e-01 -3.7025e+00
379 +2.308819418e+01 +2.308819418e+01 -4.717718058e+02 -4.948600000e+02 -1.7044e+00 -1.3175e+00 +3.8781e+00 +2.5621e-01 -2.4485e+00
470 +1.312103824e+01 +1.312103824e+01 -4.817389618e+02 -4.948600000e+02 -1.7044e+00 -3.1592e-01 +3.8781e+00 +2.5621e-01 -2.4485e+00
1040 +8.781511582e+00 +8.781511582e+00 -4.860784884e+02 -4.948600000e+02 -2.8015e+00 -3.1592e-01 +3.8781e+00 +2.5621e-01 -2.4485e+00
1688 +3.681090878e+00 +3.681090878e+00 -4.911789091e+02 -4.948600000e+02 -2.8015e+00 -3.1592e-01 +3.8582e+00 +2.5621e-01 -2.6942e+00
3932 +2.393849177e+00 +2.393849177e+00 -4.924661508e+02 -4.948600000e+02 -2.8015e+00 -1.1219e+00 +3.7968e+00 +2.5621e-01 -2.6802e+00
4400 +1.575954973e+00 +1.575954973e+00 -4.932840450e+02 -4.948600000e+02 -2.8015e+00 -1.1219e+00 +3.7968e+00 +2.2561e-01 -2.6802e+00
15204 +9.418708226e-01 +9.418708226e-01 -4.939181292e+02 -4.948600000e+02 -2.7774e+00 -1.1219e+00 +3.8279e+00 +2.2561e-01 -3.0248e+00
15393 +5.571497571e-01 +5.571497571e-01 -4.943028502e+02 -4.948600000e+02 -2.7774e+00 -1.1219e+00 +3.8279e+00 +2.2561e-01 -3.0288e+00
16261 +1.657271823e-01 +1.657271823e-01 -4.946942728e+02 -4.948600000e+02 -2.7774e+00 -1.1219e+00 +3.8279e+00 +2.2561e-01 -3.0573e+00
18012 +1.492134629e-01 +1.492134629e-01 -4.947107865e+02 -4.948600000e+02 -2.7771e+00 -1.1219e+00 +3.8279e+00 +2.2561e-01 -3.0568e+00
41952 +5.460220545e-02 +5.460220545e-02 -4.948053978e+02 -4.948600000e+02 -2.7771e+00 -1.1219e+00 +3.8279e+00 +2.2561e-01 -3.0438e+00
54681 +1.667066529e-02 +1.667066529e-02 -4.948433293e+02 -4.948600000e+02 -2.7771e+00 -1.1219e+00 +3.8244e+00 +2.2703e-01 -3.0455e+00
76551 +1.365889551e-02 +1.365889551e-02 -4.948463411e+02 -4.948600000e+02 -2.7771e+00 -1.1219e+00 +3.8223e+00 +2.2684e-01 -3.0455e+00
78770 +9.666183682e-03 +9.666183682e-03 -4.948503338e+02 -4.948600000e+02 -2.7771e+00 -1.1228e+00 +3.8244e+00 +2.2703e-01 -3.0496e+00
107511 +3.475180011e-03 +3.475180011e-03 -4.948565248e+02 -4.948600000e+02 -2.7731e+00 -1.1219e+00 +3.8217e+00 +2.2703e-01 -3.0470e+00
108212 +1.310324198e-03 +1.310324198e-03 -4.948586897e+02 -4.948600000e+02 -2.7731e+00 -1.1219e+00 +3.8223e+00 +2.2684e-01 -3.0483e+00
135347 +8.295903499e-04 +8.295903499e-04 -4.948591704e+02 -4.948600000e+02 -2.7731e+00 -1.1227e+00 +3.8223e+00 +2.2684e-01 -3.0483e+00
135436 +4.877690286e-04 +4.877690286e-04 -4.948595122e+02 -4.948600000e+02 -2.7747e+00 -1.1228e+00 +3.8223e+00 +2.2684e-01 -3.0483e+00
173871 +2.498408826e-04 +2.498408826e-04 -4.948597502e+02 -4.948600000e+02 -2.7747e+00 -1.1234e+00 +3.8223e+00 +2.2633e-01 -3.0483e+00
213173 +6.623288090e-05 +6.623288090e-05 -4.948599338e+02 -4.948600000e+02 -2.7747e+00 -1.1234e+00 +3.8223e+00 +2.2633e-01 -3.0481e+00
292806 +5.579374630e-05 +5.579374630e-05 -4.948599442e+02 -4.948600000e+02 -2.7747e+00 -1.1232e+00 +3.8223e+00 +2.2635e-01 -3.0481e+00
311736 +2.932697510e-05 +2.932697510e-05 -4.948599707e+02 -4.948600000e+02 -2.7747e+00 -1.1232e+00 +3.8223e+00 +2.2635e-01 -3.0480e+00
335870 +2.098345340e-05 +2.098345340e-05 -4.948599790e+02 -4.948600000e+02 -2.7746e+00 -1.1232e+00 +3.8223e+00 +2.2635e-01 -3.0480e+00
% function evaluation | noise-free fitness - Fopt (3.484000000000e+02) | best noise-free fitness - Fopt | measured fitness | best measured fitness | x1 | x2...
1 +2.752949595e+03 +2.752949595e+03 +3.101349595e+03 +3.484000000e+02 -2.6164e+00 -6.9779e-01 -2.7428e+00 -2.0943e+00 +2.6374e+00
185 +3.632197812e+01 +3.632197812e+01 +3.847219781e+02 +3.484000000e+02 -2.8681e+00 +1.1496e+00 -2.9799e+00 -3.1106e+00 -3.0151e+00
363 +2.037913174e+01 +2.037913174e+01 +3.687791317e+02 +3.484000000e+02 -2.0067e+00 +5.6418e-01 -2.9799e+00 -3.1106e+00 -3.0151e+00
864 +1.525958810e+01 +1.525958810e+01 +3.636595881e+02 +3.484000000e+02 -2.0067e+00 +5.6418e-01 -2.9329e+00 -3.1106e+00 -3.2658e+00
2240 +9.833321423e+00 +9.833321423e+00 +3.582333214e+02 +3.484000000e+02 -2.0067e+00 +5.9477e-01 -2.9329e+00 -3.5135e+00 -3.5886e+00
2900 +4.805179391e+00 +4.805179391e+00 +3.532051794e+02 +3.484000000e+02 -2.0067e+00 +5.9477e-01 -2.0746e+00 -3.5135e+00 -3.5886e+00
3070 +3.186350997e+00 +3.186350997e+00 +3.515863510e+02 +3.484000000e+02 -2.0067e+00 +5.9477e-01 -1.9541e+00 -3.5135e+00 -3.5723e+00
3151 +2.114333619e+00 +2.114333619e+00 +3.505143336e+02 +3.484000000e+02 -2.0067e+00 +5.9477e-01 -1.9541e+00 -3.5135e+00 -3.5886e+00
11622 +1.498656653e+00 +1.498656653e+00 +3.498986567e+02 +3.484000000e+02 -1.9970e+00 +1.4111e+00 -1.3657e+00 -3.5185e+00 -3.6147e+00
15591 +4.542293613e-01 +4.542293613e-01 +3.488542294e+02 +3.484000000e+02 -2.0067e+00 +5.9477e-01 -1.3734e+00 -3.5145e+00 -3.5992e+00
20930 +2.836604451e-01 +2.836604451e-01 +3.486836604e+02 +3.484000000e+02 -2.0067e+00 +5.9477e-01 -1.3973e+00 -3.5333e+00 -3.5992e+00
23010 +1.944638285e-01 +1.944638285e-01 +3.485944638e+02 +3.484000000e+02 -2.0067e+00 +5.9477e-01 -1.3901e+00 -3.5292e+00 -3.5992e+00
23222 +7.496392358e-02 +7.496392358e-02 +3.484749639e+02 +3.484000000e+02 -2.0067e+00 +5.9477e-01 -1.3901e+00 -3.5292e+00 -3.6148e+00
27070 +1.603618599e-02 +1.603618599e-02 +3.484160362e+02 +3.484000000e+02 -2.0067e+00 +5.9477e-01 -1.3870e+00 -3.5292e+00 -3.6078e+00
46462 +1.343252951e-02 +1.343252951e-02 +3.484134325e+02 +3.484000000e+02 -2.0143e+00 +5.9477e-01 -1.3870e+00 -3.5292e+00 -3.6078e+00
71525 +7.844702872e-03 +7.844702872e-03 +3.484078447e+02 +3.484000000e+02 -2.0134e+00 +5.9678e-01 -1.3870e+00 -3.5253e+00 -3.6082e+00
93716 +5.443065712e-03 +5.443065712e-03 +3.484054431e+02 +3.484000000e+02 -2.0134e+00 +5.9678e-01 -1.3870e+00 -3.5261e+00 -3.6082e+00
118068 +2.144705749e-03 +2.144705749e-03 +3.484021447e+02 +3.484000000e+02 -2.0108e+00 +5.9678e-01 -1.3870e+00 -3.5261e+00 -3.6090e+00
139977 +1.094805406e-03 +1.094805406e-03 +3.484010948e+02 +3.484000000e+02 -2.0108e+00 +5.9678e-01 -1.3870e+00 -3.5267e+00 -3.6090e+00
225523 +7.333727766e-04 +7.333727766e-04 +3.484007334e+02 +3.484000000e+02 -2.0108e+00 +5.9678e-01 -1.3870e+00 -3.5272e+00 -3.6090e+00
386563 +9.060569397e-05 +9.060569397e-05 +3.484000906e+02 +3.484000000e+02 -2.0108e+00 +5.9678e-01 -1.3872e+00 -3.5272e+00 -3.6098e+00
454540 +4.051491220e-05 +4.051491220e-05 +3.484000405e+02 +3.484000000e+02 -2.0113e+00 +5.9678e-01 -1.3872e+00 -3.5272e+00 -3.6097e+00
% function evaluation | noise-free fitness - Fopt (3.770000000000e+00) | best noise-free fitness - Fopt | measured fitness | best measured fitness | x1 | x2...
1 +3.573330411e+03 +3.573330411e+03 +3.577100411e+03 +3.770000000e+00 +4.8140e-01 +4.5310e+00 +2.9988e+00 -3.4968e+00 +2.9245e+00
197 +5.640560586e+01 +5.640560586e+01 +6.017560586e+01 +3.770000000e+00 +2.6260e+00 -1.4663e+00 -2.8197e+00 +1.9788e+00 -4.0458e+00
293 +3.891843248e+01 +3.891843248e+01 +4.268843248e+01 +3.770000000e+00 +2.6260e+00 -1.4663e+00 -3.8055e+00 +1.9788e+00 -4.0458e+00
485 +1.709113410e+01 +1.709113410e+01 +2.086113410e+01 +3.770000000e+00 +3.8707e+00 -1.4663e+00 -3.8055e+00 +2.4310e+00 -3.7476e+00
865 +1.350018616e+01 +1.350018616e+01 +1.727018616e+01 +3.770000000e+00 +2.9192e+00 -1.4663e+00 -3.8055e+00 +2.4310e+00 -3.7476e+00
1228 +9.983695304e+00 +9.983695304e+00 +1.375369530e+01 +3.770000000e+00 +2.9192e+00 -5.1245e-01 -3.8055e+00 +2.7706e+00 -3.7476e+00
3100 +4.813041397e+00 +4.813041397e+00 +8.583041397e+00 +3.770000000e+00 +2.9192e+00 -1.3159e+00 -3.8055e+00 +2.8187e+00 -3.0614e+00
3745 +3.205056565e+00 +3.205056565e+00 +6.975056565e+00 +3.770000000e+00 +2.9628e+00 -1.9911e+00 -3.7620e+00 +2.8187e+00 -3.0614e+00
8970 +1.872903426e+00 +1.872903426e+00 +5.642903426e+00 +3.770000000e+00 +2.8953e+00 -1.1861e+00 -3.1681e+00 +2.8106e+00 -3.4230e+00
13566 +9.575483024e-01 +9.575483024e-01 +4.727548302e+00 +3.770000000e+00 +2.9291e+00 -2.0409e+00 -3.1602e+00 +2.8157e+00 -3.4325e+00
13759 +3.317634995e-01 +3.317634995e-01 +4.101763499e+00 +3.770000000e+00 +2.9291e+00 -2.0409e+00 -3.1602e+00 +2.8157e+00 -3.4223e+00
14427 +1.436863417e-01 +1.436863417e-01 +3.913686342e+00 +3.770000000e+00 +2.9291e+00 -2.0409e+00 -3.1602e+00 +2.8157e+00 -3.4105e+00
34479 +3.537123142e-02 +3.537123142e-02 +3.805371231e+00 +3.770000000e+00 +2.9510e+00 -2.0409e+00 -3.1602e+00 +2.8036e+00 -3.4105e+00
36057 +2.229001316e-02 +2.229001316e-02 +3.792290013e+00 +3.770000000e+00 +2.9462e+00 -2.0409e+00 -3.1602e+00 +2.8036e+00 -3.4105e+00
38768 +1.481982631e-02 +1.481982631e-02 +3.784819826e+00 +3.770000000e+00 +2.9438e+00 -2.0409e+00 -3.1602e+00 +2.8060e+00 -3.4105e+00
58996 +6.192509861e-03 +6.192509861e-03 +3.776192510e+00 +3.770000000e+00 +2.9438e+00 -2.0380e+00 -3.1611e+00 +2.8060e+00 -3.4123e+00
72542 +3.862746038e-03 +3.862746038e-03 +3.773862746e+00 +3.770000000e+00 +2.9404e+00 -2.0380e+00 -3.1662e+00 +2.8060e+00 -3.4122e+00
81173 +2.254221570e-03 +2.254221570e-03 +3.772254222e+00 +3.770000000e+00 +2.9438e+00 -2.0380e+00 -3.1634e+00 +2.8060e+00 -3.4123e+00
93390 +1.256292223e-03 +1.256292223e-03 +3.771256292e+00 +3.770000000e+00 +2.9404e+00 -2.0380e+00 -3.1648e+00 +2.8057e+00 -3.4122e+00
110032 +7.634695606e-04 +7.634695606e-04 +3.770763470e+00 +3.770000000e+00 +2.9404e+00 -2.0395e+00 -3.1648e+00 +2.8057e+00 -3.4122e+00
132673 +5.657901914e-04 +5.657901914e-04 +3.770565790e+00 +3.770000000e+00 +2.9404e+00 -2.0395e+00 -3.1634e+00 +2.8057e+00 -3.4122e+00
137537 +3.658980660e-04 +3.658980660e-04 +3.770365898e+00 +3.770000000e+00 +2.9422e+00 -2.0395e+00 -3.1634e+00 +2.8057e+00 -3.4122e+00
201703 +9.479303097e-05 +9.479303097e-05 +3.770094793e+00 +3.770000000e+00 +2.9415e+00 -2.0395e+00 -3.1641e+00 +2.8057e+00 -3.4122e+00
273274 +3.925830476e-05 +3.925830476e-05 +3.770039258e+00 +3.770000000e+00 +2.9415e+00 -2.0395e+00 -3.1641e+00 +2.8057e+00 -3.4120e+00
419045 +2.311648756e-05 +2.311648756e-05 +3.770023116e+00 +3.770000000e+00 +2.9415e+00 -2.0394e+00 -3.1641e+00 +2.8057e+00 -3.4120e+00
% function evaluation | noise-free fitness - Fopt (3.770000000000e+01) | best noise-free fitness - Fopt | measured fitness | best measured fitness | x1 | x2...
1 +8.596422599e+02 +8.596422599e+02 +8.973422599e+02 +3.770000000e+01 -3.4845e+00 -2.8791e+00 +4.4728e+00 -2.9382e+00 -2.7724e+00
194 +4.439554384e+01 +4.439554384e+01 +8.209554384e+01 +3.770000000e+01 +2.9594e-01 -3.2157e+00 -1.9679e+00 -3.8980e+00 +1.3583e+00
383 +2.434511587e+01 +2.434511587e+01 +6.204511587e+01 +3.770000000e+01 +6.5761e-02 -3.1684e+00 -3.0985e+00 -3.8980e+00 +2.1433e+00
478 +1.426163268e+01 +1.426163268e+01 +5.196163268e+01 +3.770000000e+01 +6.5761e-02 -3.1684e+00 -3.0985e+00 -3.8980e+00 +2.0821e+00
763 +9.062243935e+00 +9.062243935e+00 +4.676224393e+01 +3.770000000e+01 +1.1929e-01 -3.1684e+00 -2.6437e+00 -3.1281e+00 +2.0821e+00
1707 +4.859624903e+00 +4.859624903e+00 +4.255962490e+01 +3.770000000e+01 +1.1929e-01 -3.1604e+00 -2.6437e+00 -3.5363e+00 +2.0821e+00
1897 +3.049534218e+00 +3.049534218e+00 +4.074953422e+01 +3.770000000e+01 +1.1929e-01 -3.1604e+00 -2.6437e+00 -3.5363e+00 +2.3646e+00
3984 +2.426984425e+00 +2.426984425e+00 +4.012698442e+01 +3.770000000e+01 +1.1929e-01 -3.1604e+00 -2.6027e+00 -3.5363e+00 +2.3646e+00
5626 +1.419318559e+00 +1.419318559e+00 +3.911931856e+01 +3.770000000e+01 +1.1929e-01 -2.3243e+00 -2.6027e+00 -3.5363e+00 +2.3646e+00
8999 +5.852648174e-01 +5.852648174e-01 +3.828526482e+01 +3.770000000e+01 +1.1521e+00 -2.3270e+00 -2.6027e+00 -3.5363e+00 +2.3774e+00
12920 +3.971135011e-01 +3.971135011e-01 +3.809711350e+01 +3.770000000e+01 +1.1290e+00 -2.3472e+00 -2.6027e+00 -3.5363e+00 +2.3646e+00
18105 +2.166673170e-01 +2.166673170e-01 +3.791666732e+01 +3.770000000e+01 +1.1162e+00 -2.3335e+00 -2.6027e+00 -3.5595e+00 +2.3784e+00
22525 +1.308017911e-01 +1.308017911e-01 +3.783080179e+01 +3.770000000e+01 +1.1216e+00 -2.3289e+00 -2.6027e+00 -3.5493e+00 +2.3762e+00
23022 +7.048437611e-02 +7.048437611e-02 +3.777048438e+01 +3.770000000e+01 +1.1216e+00 -2.3380e+00 -2.6041e+00 -3.5493e+00 +2.3762e+00
38002 +5.664891667e-02 +5.664891667e-02 +3.775664892e+01 +3.770000000e+01 +1.1216e+00 -2.3380e+00 -2.6054e+00 -3.5493e+00 +2.3762e+00
39587 +3.325992070e-02 +3.325992070e-02 +3.773325992e+01 +3.770000000e+01 +1.1216e+00 -2.3380e+00 -2.6119e+00 -3.5493e+00 +2.3762e+00
39783 +2.124961867e-02 +2.124961867e-02 +3.772124962e+01 +3.770000000e+01 +1.1166e+00 -2.3380e+00 -2.6119e+00 -3.5493e+00 +2.3762e+00
42231 +4.701952031e-03 +4.701952031e-03 +3.770470195e+01 +3.770000000e+01 +1.1166e+00 -2.3380e+00 -2.6119e+00 -3.5493e+00 +2.3734e+00
66489 +3.882395608e-03 +3.882395608e-03 +3.770388240e+01 +3.770000000e+01 +1.1166e+00 -2.3417e+00 -2.6104e+00 -3.5493e+00 +2.3734e+00
69096 +1.999745396e-03 +1.999745396e-03 +3.770199975e+01 +3.770000000e+01 +1.1114e+00 -2.3417e+00 -2.6119e+00 -3.5493e+00 +2.3734e+00
127094 +1.244690197e-03 +1.244690197e-03 +3.770124469e+01 +3.770000000e+01 +1.1114e+00 -2.3417e+00 -2.6119e+00 -3.5493e+00 +2.3728e+00
149161 +6.050245262e-04 +6.050245262e-04 +3.770060502e+01 +3.770000000e+01 +1.1149e+00 -2.3417e+00 -2.6119e+00 -3.5495e+00 +2.3728e+00
175305 +3.297340582e-04 +3.297340582e-04 +3.770032973e+01 +3.770000000e+01 +1.1130e+00 -2.3413e+00 -2.6119e+00 -3.5493e+00 +2.3728e+00
196028 +2.142232626e-04 +2.142232626e-04 +3.770021422e+01 +3.770000000e+01 +1.1130e+00 -2.3413e+00 -2.6119e+00 -3.5495e+00 +2.3728e+00
196215 +1.008640319e-04 +1.008640319e-04 +3.770010086e+01 +3.770000000e+01 +1.1130e+00 -2.3407e+00 -2.6119e+00 -3.5495e+00 +2.3728e+00
226581 +9.017778225e-05 +9.017778225e-05 +3.770009018e+01 +3.770000000e+01 +1.1130e+00 -2.3407e+00 -2.6120e+00 -3.5495e+00 +2.3728e+00
250728 +4.794889971e-05 +4.794889971e-05 +3.770004795e+01 +3.770000000e+01 +1.1132e+00 -2.3407e+00 -2.6120e+00 -3.5495e+00 +2.3728e+00
431665 +3.854676012e-05 +3.854676012e-05 +3.770003855e+01 +3.770000000e+01 +1.1132e+00 -2.3407e+00 -2.6120e+00 -3.5496e+00 +2.3728e+00
% function evaluation | noise-free fitness - Fopt (6.956900000000e+02) | best noise-free fitness - Fopt | measured fitness | best measured fitness | x1 | x2...
1 +1.792822633e+02 +1.792822633e+02 +8.749722633e+02 +6.956900000e+02 +1.1399e+00 +5.4823e-02 -9.7212e-02 +1.1014e+00 +1.2977e+00
194 +5.898455910e+01 +5.898455910e+01 +7.546745591e+02 +6.956900000e+02 +1.9576e+00 -1.2125e+00 -4.9319e+00 +2.7730e+00 +6.5614e-01
371 +3.315079178e+01 +3.315079178e+01 +7.288407918e+02 +6.956900000e+02 -2.3946e+00 -1.2125e+00 -4.9319e+00 +2.7730e+00 +6.5614e-01
744 +2.384975721e+01 +2.384975721e+01 +7.195397572e+02 +6.956900000e+02 -2.3946e+00 -1.2125e+00 -2.2889e+00 +3.2119e+00 +6.5614e-01
1494 +1.431534359e+01 +1.431534359e+01 +7.100053436e+02 +6.956900000e+02 -2.3342e+00 -1.5618e+00 -2.7950e+00 +3.2119e+00 +6.5614e-01
1777 +9.400393013e+00 +9.400393013e+00 +7.050903930e+02 +6.956900000e+02 -2.3342e+00 -1.6673e+00 -2.7950e+00 +3.2119e+00 +2.7949e-01
2332 +5.457308458e+00 +5.457308458e+00 +7.011473085e+02 +6.956900000e+02 -2.2562e+00 -2.3745e+00 -3.3363e+00 +3.2119e+00 +2.7949e-01
8751 +3.346047968e+00 +3.346047968e+00 +6.990360480e+02 +6.956900000e+02 -4.2893e+00 -3.2651e+00 -3.3537e+00 +3.2239e+00 -1.4801e-02
14703 +1.795620723e+00 +1.795620723e+00 +6.974856207e+02 +6.956900000e+02 -3.3122e+00 -2.4631e+00 -3.3730e+00 +3.6357e+00 +2.9865e-01
15273 +5.385928026e-01 +5.385928026e-01 +6.962285928e+02 +6.956900000e+02 -3.2625e+00 -3.2403e+00 -3.3714e+00 +3.6060e+00 +2.9865e-01
15658 +3.229474980e-01 +3.229474980e-01 +6.960129475e+02 +6.956900000e+02 -3.2942e+00 -3.2403e+00 -3.3714e+00 +3.6118e+00 +2.9865e-01
16699 +2.168137387e-01 +2.168137387e-01 +6.959068137e+02 +6.956900000e+02 -3.2783e+00 -3.2599e+00 -3.3714e+00 +3.6118e+00 +2.9865e-01
25150 +1.038210995e-01 +1.038210995e-01 +6.957938211e+02 +6.956900000e+02 -3.2741e+00 -3.2651e+00 -3.3572e+00 +3.6203e+00 +2.8648e-01
25347 +9.858898993e-02 +9.858898993e-02 +6.957885890e+02 +6.956900000e+02 -3.2756e+00 -3.2651e+00 -3.3572e+00 +3.6203e+00 +2.8648e-01
26126 +6.290541282e-02 +6.290541282e-02 +6.957529054e+02 +6.956900000e+02 -3.2826e+00 -3.2651e+00 -3.3572e+00 +3.6203e+00 +2.8887e-01
27008 +2.743626608e-02 +2.743626608e-02 +6.957174363e+02 +6.956900000e+02 -3.2826e+00 -3.2651e+00 -3.3688e+00 +3.6203e+00 +2.8887e-01
28400 +2.222584339e-02 +2.222584339e-02 +6.957122258e+02 +6.956900000e+02 -3.2826e+00 -3.2651e+00 -3.3639e+00 +3.6203e+00 +2.8887e-01
43787 +1.368156566e-02 +1.368156566e-02 +6.957036816e+02 +6.956900000e+02 -3.2826e+00 -3.2544e+00 -3.3639e+00 +3.6203e+00 +2.8887e-01
47086 +8.434565773e-03 +8.434565773e-03 +6.956984346e+02 +6.956900000e+02 -3.2826e+00 -3.2599e+00 -3.3639e+00 +3.6203e+00 +2.8887e-01
60330 +5.791563346e-03 +5.791563346e-03 +6.956957916e+02 +6.956900000e+02 -3.2826e+00 -3.2575e+00 -3.3672e+00 +3.6197e+00 +2.8887e-01
93980 +3.200594295e-03 +3.200594295e-03 +6.956932006e+02 +6.956900000e+02 -3.2841e+00 -3.2575e+00 -3.3672e+00 +3.6180e+00 +2.8887e-01
96288 +2.485707853e-03 +2.485707853e-03 +6.956924857e+02 +6.956900000e+02 -3.2841e+00 -3.2575e+00 -3.3644e+00 +3.6180e+00 +2.8887e-01
123901 +1.490188660e-03 +1.490188660e-03 +6.956914902e+02 +6.956900000e+02 -3.2841e+00 -3.2575e+00 -3.3644e+00 +3.6180e+00 +2.8964e-01
150293 +7.076419433e-04 +7.076419433e-04 +6.956907076e+02 +6.956900000e+02 -3.2841e+00 -3.2575e+00 -3.3652e+00 +3.6180e+00 +2.8964e-01
173584 +5.674306644e-04 +5.674306644e-04 +6.956905674e+02 +6.956900000e+02 -3.2841e+00 -3.2575e+00 -3.3652e+00 +3.6186e+00 +2.8964e-01
285314 +3.735829604e-04 +3.735829604e-04 +6.956903736e+02 +6.956900000e+02 -3.2854e+00 -3.2575e+00 -3.3657e+00 +3.6186e+00 +2.8964e-01
310293 +2.269253844e-04 +2.269253844e-04 +6.956902269e+02 +6.956900000e+02 -3.2854e+00 -3.2589e+00 -3.3657e+00 +3.6186e+00 +2.8964e-01
348904 +1.237080658e-04 +1.237080658e-04 +6.956901237e+02 +6.956900000e+02 -3.2846e+00 -3.2589e+00 -3.3657e+00 +3.6183e+00 +2.8964e-01
365428 +2.658618439e-05 +2.658618439e-05 +6.956900266e+02 +6.956900000e+02 -3.2846e+00 -3.2584e+00 -3.3657e+00 +3.6183e+00 +2.8964e-01
393850 +2.395308991e-05 +2.395308991e-05 +6.956900240e+02 +6.956900000e+02 -3.2850e+00 -3.2584e+00 -3.3657e+00 +3.6183e+00 +2.8964e-01
457344 +1.423936942e-05 +1.423936942e-05 +6.956900142e+02 +6.956900000e+02 -3.2849e+00 -3.2584e+00 -3.3657e+00 +3.6184e+00 +2.8964e-01
% function evaluation | noise-free fitness - Fopt (-1.180300000000e+02) | best noise-free fitness - Fopt | measured fitness | best measured fitness | x1 | x2...
1 +8.147934920e+01 +8.147934920e+01 -3.655065080e+01 -1.180300000e+02 +3.6971e+00 +3.4461e+00 -2.1686e+00 -3.9801e+00 -3.1793e+00
190 +4.988745139e+01 +4.988745139e+01 -6.814254861e+01 -1.180300000e+02 +1.9921e+00 +2.1343e+00 +1.7519e+00 -3.1780e+00 -4.8129e+00
373 +2.633105564e+01 +2.633105564e+01 -9.169894436e+01 -1.180300000e+02 -1.9375e+00 +2.7497e+00 +1.7519e+00 -3.1780e+00 -4.1008e+00
468 +1.998202288e+01 +1.998202288e+01 -9.804797712e+01 -1.180300000e+02 -1.1354e+00 +2.7497e+00 +1.7519e+00 -3.1780e+00 -4.1008e+00
925 +1.276739103e+01 +1.276739103e+01 -1.052626090e+02 -1.180300000e+02 -1.0888e+00 +2.7497e+00 +1.4148e+00 -3.1780e+00 -4.1008e+00
2033 +9.577562277e+00 +9.577562277e+00 -1.084524377e+02 -1.180300000e+02 -1.0888e+00 +3.5812e+00 +8.2220e-01 -3.1373e+00 -3.8192e+00
2953 +2.025909161e+00 +2.025909161e+00 -1.160040908e+02 -1.180300000e+02 -1.0888e+00 +3.5754e+00 +2.5464e-01 -3.1463e+00 -3.8192e+00
3132 +1.415296919e+00 +1.415296919e+00 -1.166147031e+02 -1.180300000e+02 -1.0888e+00 +3.5754e+00 +2.5464e-01 -3.1463e+00 -3.7990e+00
12610 +8.177982947e-01 +8.177982947e-01 -1.172122017e+02 -1.180300000e+02 -1.0447e+00 +3.5369e+00 -2.7491e-01 -3.1645e+00 -3.8085e+00
12994 +4.376290327e-01 +4.376290327e-01 -1.175923710e+02 -1.180300000e+02 -1.0684e+00 +3.5828e+00 -2.7491e-01 -3.1645e+00 -3.8085e+00
13773 +2.601013613e-01 +2.601013613e-01 -1.177698986e+02 -1.180300000e+02 -1.0788e+00 +3.5828e+00 -2.7491e-01 -3.1421e+00 -3.8085e+00
21386 +8.323051051e-02 +8.323051051e-02 -1.179467695e+02 -1.180300000e+02 -1.0888e+00 +3.5754e+00 -2.7952e-01 -3.1463e+00 -3.7990e+00
22656 +5.123082224e-02 +5.123082224e-02 -1.179787692e+02 -1.180300000e+02 -1.0843e+00 +3.5721e+00 -2.7952e-01 -3.1463e+00 -3.7990e+00
37287 +3.563268731e-02 +3.563268731e-02 -1.179943673e+02 -1.180300000e+02 -1.0788e+00 +3.5712e+00 -2.7491e-01 -3.1492e+00 -3.7990e+00
43868 +2.126167581e-02 +2.126167581e-02 -1.180087383e+02 -1.180300000e+02 -1.0772e+00 +3.5663e+00 -2.7952e-01 -3.1471e+00 -3.7990e+00
66924 +1.338962494e-02 +1.338962494e-02 -1.180166104e+02 -1.180300000e+02 -1.0788e+00 +3.5663e+00 -2.7952e-01 -3.1492e+00 -3.7990e+00
81813 +3.232210102e-03 +3.232210102e-03 -1.180267678e+02 -1.180300000e+02 -1.0788e+00 +3.5663e+00 -2.7952e-01 -3.1492e+00 -3.8007e+00
82709 +1.766819913e-03 +1.766819913e-03 -1.180282332e+02 -1.180300000e+02 -1.0788e+00 +3.5663e+00 -2.7952e-01 -3.1501e+00 -3.8007e+00
114857 +7.768899454e-04 +7.768899454e-04 -1.180292231e+02 -1.180300000e+02 -1.0782e+00 +3.5663e+00 -2.7952e-01 -3.1501e+00 -3.8011e+00
145327 +6.250814706e-04 +6.250814706e-04 -1.180293749e+02 -1.180300000e+02 -1.0782e+00 +3.5656e+00 -2.7952e-01 -3.1501e+00 -3.8011e+00
347136 +1.058414534e-05 +1.058414534e-05 -1.180299894e+02 -1.180300000e+02 -1.0782e+00 +3.5656e+00 -2.7922e-01 -3.1504e+00 -3.8016e+00
% function evaluation | noise-free fitness - Fopt (4.816000000000e+01) | best noise-free fitness - Fopt | measured fitness | best measured fitness | x1 | x2...
1 +1.503269051e+02 +1.503269051e+02 +1.984869051e+02 +4.816000000e+01 +3.2595e+00 +1.9355e+00 -1.2326e+00 -1.4997e-02 -6.0598e-01
191 +4.400158596e+01 +4.400158596e+01 +9.216158596e+01 +4.816000000e+01 -1.0413e+00 -1.5938e+00 -2.4610e+00 -1.9899e+00 +1.7140e+00
285 +2.819492750e+01 +2.819492750e+01 +7.635492750e+01 +4.816000000e+01 +2.3619e+00 -1.0362e+00 -2.4610e+00 -1.9899e+00 +1.8413e+00
376 +1.232470744e+01 +1.232470744e+01 +6.048470744e+01 +4.816000000e+01 +2.3619e+00 -1.5938e+00 -2.4610e+00 -1.9899e+00 +1.8413e+00
564 +8.884585919e+00 +8.884585919e+00 +5.704458592e+01 +4.816000000e+01 +1.3412e+00 -1.5938e+00 -2.4610e+00 -1.9899e+00 +1.8413e+00
1486 +3.560498945e+00 +3.560498945e+00 +5.172049895e+01 +4.816000000e+01 +1.3412e+00 -1.5938e+00 -2.9599e+00 -1.5734e+00 +1.8413e+00
3129 +1.420706949e+00 +1.420706949e+00 +4.958070695e+01 +4.816000000e+01 +1.3052e+00 -1.5743e+00 -3.4739e+00 -1.5734e+00 +1.8413e+00
3954 +5.417689044e-01 +5.417689044e-01 +4.870176890e+01 +4.816000000e+01 +1.3052e+00 -7.2258e-01 -3.4739e+00 -1.5734e+00 +1.8413e+00
14895 +3.207865196e-01 +3.207865196e-01 +4.848078652e+01 +4.816000000e+01 +1.3052e+00 -7.3202e-01 -3.4739e+00 -1.5773e+00 +1.8413e+00
15268 +2.479494288e-01 +2.479494288e-01 +4.840794943e+01 +4.816000000e+01 +1.3052e+00 -7.6024e-01 -3.4739e+00 -1.5773e+00 +1.8413e+00
15910 +6.583670406e-02 +6.583670406e-02 +4.822583670e+01 +4.816000000e+01 +1.3052e+00 -7.4573e-01 -3.4885e+00 -1.5773e+00 +1.8403e+00
16001 +6.239950322e-02 +6.239950322e-02 +4.822239950e+01 +4.816000000e+01 +1.3052e+00 -7.4573e-01 -3.4885e+00 -1.5776e+00 +1.8403e+00
18324 +2.641107748e-02 +2.641107748e-02 +4.818641108e+01 +4.816000000e+01 +1.3052e+00 -7.4573e-01 -3.4885e+00 -1.5822e+00 +1.8379e+00
35314 +2.269437561e-02 +2.269437561e-02 +4.818269438e+01 +4.816000000e+01 +1.3052e+00 -7.4573e-01 -3.4906e+00 -1.5822e+00 +1.8379e+00
46254 +1.160101388e-02 +1.160101388e-02 +4.817160101e+01 +4.816000000e+01 +1.3002e+00 -7.4766e-01 -3.4917e+00 -1.5796e+00 +1.8379e+00
55876 +7.792530210e-03 +7.792530210e-03 +4.816779253e+01 +4.816000000e+01 +1.3052e+00 -7.5121e-01 -3.4906e+00 -1.5822e+00 +1.8354e+00
60588 +5.523806005e-03 +5.523806005e-03 +4.816552381e+01 +4.816000000e+01 +1.3002e+00 -7.4766e-01 -3.4906e+00 -1.5822e+00 +1.8354e+00
65458 +3.064943949e-03 +3.064943949e-03 +4.816306494e+01 +4.816000000e+01 +1.3002e+00 -7.5159e-01 -3.4917e+00 -1.5796e+00 +1.8354e+00
90873 +2.379598153e-03 +2.379598153e-03 +4.816237960e+01 +4.816000000e+01 +1.3002e+00 -7.5056e-01 -3.4911e+00 -1.5796e+00 +1.8354e+00
115727 +1.257164972e-03 +1.257164972e-03 +4.816125716e+01 +4.816000000e+01 +1.3002e+00 -7.5056e-01 -3.4911e+00 -1.5814e+00 +1.8354e+00
218543 +9.181924042e-04 +9.181924042e-04 +4.816091819e+01 +4.816000000e+01 +1.3002e+00 -7.5056e-01 -3.4912e+00 -1.5814e+00 +1.8365e+00
241189 +4.271727495e-04 +4.271727495e-04 +4.816042717e+01 +4.816000000e+01 +1.3007e+00 -7.5036e-01 -3.4912e+00 -1.5808e+00 +1.8365e+00
331387 +5.583183275e-05 +5.583183275e-05 +4.816005583e+01 +4.816000000e+01 +1.3007e+00 -7.5043e-01 -3.4912e+00 -1.5808e+00 +1.8358e+00
418362 +2.915653442e-05 +2.915653442e-05 +4.816002916e+01 +4.816000000e+01 +1.3007e+00 -7.5043e-01 -3.4912e+00 -1.5808e+00 +1.8359e+00
% function evaluation | noise-free fitness - Fopt (8.384000000000e+01) | best noise-free fitness - Fopt | measured fitness | best measured fitness | x1 | x2...
1 +2.047698736e+02 +2.047698736e+02 +2.886098736e+02 +8.384000000e+01 +2.9000e+00 +4.4428e+00 -2.7577e+00 -3.6876e+00 +3.2735e-01
197 +3.512093882e+01 +3.512093882e+01 +1.189609388e+02 +8.384000000e+01 -5.8252e-01 +1.4825e+00 -2.5226e+00 -4.1043e-01 -1.0706e+00
295 +1.823036682e+01 +1.823036682e+01 +1.020703668e+02 +8.384000000e+01 -1.6833e+00 +3.5723e+00 -3.0392e+00 -4.1043e-01 -1.0706e+00
488 +6.721067703e+00 +6.721067703e+00 +9.056106770e+01 +8.384000000e+01 -1.6833e+00 +3.5723e+00 -8.3630e-01 -2.3592e-02 -1.0706e+00
684 +4.428944548e+00 +4.428944548e+00 +8.826894455e+01 +8.384000000e+01 -1.6833e+00 +3.5723e+00 -1.4244e+00 -2.3592e-02 -1.0706e+00
1067 +2.515949890e+00 +2.515949890e+00 +8.635594989e+01 +8.384000000e+01 -1.6833e+00 +4.3482e+00 -1.4244e+00 -2.3592e-02 -1.1086e+00
1735 +1.742716643e+00 +1.742716643e+00 +8.558271664e+01 +8.384000000e+01 -1.6833e+00 +3.5306e+00 -1.4244e+00 -2.3592e-02 -1.1086e+00
1923 +8.515681452e-01 +8.515681452e-01 +8.469156815e+01 +8.384000000e+01 -1.6833e+00 +3.5306e+00 -1.4244e+00 -2.3592e-02 -1.4917e+00
2587 +5.898947509e-01 +5.898947509e-01 +8.442989475e+01 +8.384000000e+01 -1.6555e+00 +3.5181e+00 -1.4244e+00 -2.3592e-02 -1.4917e+00
3254 +3.497282491e-01 +3.497282491e-01 +8.418972825e+01 +8.384000000e+01 -1.6555e+00 +3.4891e+00 -1.4244e+00 -4.7756e-02 -1.4917e+00
4752 +2.468131910e-01 +2.468131910e-01 +8.408681319e+01 +8.384000000e+01 -1.6555e+00 +3.5075e+00 -1.4164e+00 -4.7756e-02 -1.4917e+00
14256 +1.056578341e-01 +1.056578341e-01 +8.394565783e+01 +8.384000000e+01 -1.6437e+00 +3.4970e+00 -1.4202e+00 -4.0808e-02 -1.4814e+00
14348 +9.242244996e-02 +9.242244996e-02 +8.393242245e+01 +8.384000000e+01 -1.6437e+00 +3.4970e+00 -1.4154e+00 -4.0808e-02 -1.4814e+00
21341 +6.257126579e-02 +6.257126579e-02 +8.390257127e+01 +8.384000000e+01 -1.6555e+00 +3.5049e+00 -1.4164e+00 -4.7756e-02 -1.4832e+00
32583 +2.348243241e-02 +2.348243241e-02 +8.386348243e+01 +8.384000000e+01 -1.6555e+00 +3.5075e+00 -1.4164e+00 -4.0808e-02 -1.4814e+00
33352 +9.369449494e-03 +9.369449494e-03 +8.384936945e+01 +8.384000000e+01 -1.6663e+00 +3.5075e+00 -1.4164e+00 -4.0808e-02 -1.4814e+00
37110 +1.966449762e-03 +1.966449762e-03 +8.384196645e+01 +8.384000000e+01 -1.6663e+00 +3.5026e+00 -1.4164e+00 -4.0808e-02 -1.4814e+00
73734 +1.407006713e-03 +1.407006713e-03 +8.384140701e+01 +8.384000000e+01 -1.6624e+00 +3.5026e+00 -1.4164e+00 -4.0808e-02 -1.4818e+00
75981 +9.145879789e-04 +9.145879789e-04 +8.384091459e+01 +8.384000000e+01 -1.6635e+00 +3.5030e+00 -1.4164e+00 -4.0808e-02 -1.4814e+00
222700 +6.173067437e-04 +6.173067437e-04 +8.384061731e+01 +8.384000000e+01 -1.6640e+00 +3.5033e+00 -1.4160e+00 -4.2329e-02 -1.4818e+00
224153 +3.275232025e-04 +3.275232025e-04 +8.384032752e+01 +8.384000000e+01 -1.6640e+00 +3.5033e+00 -1.4160e+00 -4.1086e-02 -1.4818e+00
256503 +1.138745862e-04 +1.138745862e-04 +8.384011387e+01 +8.384000000e+01 -1.6640e+00 +3.5033e+00 -1.4160e+00 -4.1852e-02 -1.4818e+00
292902 +5.782381997e-05 +5.782381997e-05 +8.384005782e+01 +8.384000000e+01 -1.6640e+00 +3.5033e+00 -1.4160e+00 -4.1530e-02 -1.4818e+00
% function evaluation | noise-free fitness - Fopt (1.536000000000e+01) | best noise-free fitness - Fopt | measured fitness | best measured fitness | x1 | x2...
1 +1.841064613e+02 +1.841064613e+02 +1.994664613e+02 +1.536000000e+01 +2.2114e+00 -1.0616e-01 +6.8994e-01 -3.2556e+00 -1.2693e+00
199 +6.297010269e+01 +6.297010269e+01 +7.833010269e+01 +1.536000000e+01 -1.0932e+00 +1.3671e+00 -2.3776e+00 -3.7640e+00 -3.1685e+00
394 +2.122240305e+01 +2.122240305e+01 +3.658240305e+01 +1.536000000e+01 +1.7651e+00 +2.5116e+00 -2.3776e+00 -2.0671e+00 -3.1685e+00
493 +1.189766366e+01 +1.189766366e+01 +2.725766366e+01 +1.536000000e+01 +1.7651e+00 +2.5116e+00 -3.1258e+00 -2.0671e+00 -2.5125e+00
593 +8.022028510e+00 +8.022028510e+00 +2.338202851e+01 +1.536000000e+01 +1.7651e+00 +2.5116e+00 -3.0235e+00 -2.0671e+00 -2.4920e+00
693 +5.352678330e+00 +5.352678330e+00 +2.071267833e+01 +1.536000000e+01 +1.7651e+00 +2.5116e+00 -3.0235e+00 -2.0671e+00 -2.4565e+00
2146 +3.343476002e+00 +3.343476002e+00 +1.870347600e+01 +1.536000000e+01 +1.7651e+00 +2.4525e+00 -3.6399e+00 -2.5489e+00 -2.4263e+00
2933 +2.186006170e+00 +2.186006170e+00 +1.754600617e+01 +1.536000000e+01 +1.7651e+00 +1.6387e+00 -3.6867e+00 -2.5489e+00 -2.4263e+00
3520 +1.259393996e+00 +1.259393996e+00 +1.661939400e+01 +1.536000000e+01 +1.7651e+00 +1.6387e+00 -3.6867e+00 -2.5489e+00 -2.8041e+00
4681 +1.295410727e-01 +1.295410727e-01 +1.548954107e+01 +1.536000000e+01 +1.7651e+00 +1.6416e+00 -3.0710e+00 -2.5489e+00 -2.8041e+00
17916 +6.636263234e-02 +6.636263234e-02 +1.542636263e+01 +1.536000000e+01 +1.7651e+00 +1.6416e+00 -3.0710e+00 -2.5489e+00 -2.7906e+00
18290 +3.068749240e-02 +3.068749240e-02 +1.539068749e+01 +1.536000000e+01 +1.7651e+00 +1.6416e+00 -3.0710e+00 -2.5489e+00 -2.7936e+00
19242 +2.038285782e-02 +2.038285782e-02 +1.538038286e+01 +1.536000000e+01 +1.7651e+00 +1.6416e+00 -3.0710e+00 -2.5489e+00 -2.7967e+00
38602 +1.505859722e-02 +1.505859722e-02 +1.537505860e+01 +1.536000000e+01 +1.7706e+00 +1.6427e+00 -3.0710e+00 -2.5489e+00 -2.7967e+00
70751 +1.944972977e-03 +1.944972977e-03 +1.536194497e+01 +1.536000000e+01 +1.7713e+00 +1.6427e+00 -3.0710e+00 -2.5453e+00 -2.7967e+00
91879 +1.444649715e-03 +1.444649715e-03 +1.536144465e+01 +1.536000000e+01 +1.7698e+00 +1.6427e+00 -3.0710e+00 -2.5453e+00 -2.7967e+00
124125 +7.996686123e-04 +7.996686123e-04 +1.536079967e+01 +1.536000000e+01 +1.7698e+00 +1.6435e+00 -3.0702e+00 -2.5453e+00 -2.7965e+00
224636 +4.097400153e-04 +4.097400153e-04 +1.536040974e+01 +1.536000000e+01 +1.7698e+00 +1.6435e+00 -3.0702e+00 -2.5456e+00 -2.7956e+00
357597 +1.998227241e-04 +1.998227241e-04 +1.536019982e+01 +1.536000000e+01 +1.7694e+00 +1.6435e+00 -3.0702e+00 -2.5456e+00 -2.7963e+00
407170 +8.379491282e-05 +8.379491282e-05 +1.536008379e+01 +1.536000000e+01 +1.7694e+00 +1.6435e+00 -3.0702e+00 -2.5456e+00 -2.7959e+00
428975 +4.589413103e-05 +4.589413103e-05 +1.536004589e+01 +1.536000000e+01 +1.7694e+00 +1.6431e+00 -3.0702e+00 -2.5456e+00 -2.7959e+00
