% function evaluation | noise-free fitness - Fopt (-4.620900000000e+02) | best noise-free fitness - Fopt | measured fitness | best measured fitness | x1 | x2...
1 +4.979715899e+01 +4.979715899e+01 -4.122928410e+02 -4.620900000e+02 -4.9611e+00 +1.2708e+00
194 +5.142205521e+00 +5.142205521e+00 -4.569477945e+02 -4.620900000e+02 -4.2977e+00 +1.9982e+00
290 +3.507465352e+00 +3.507465352e+00 -4.585825346e+02 -4.620900000e+02 -2.4520e+00 +1.9982e+00
388 +1.913124113e+00 +1.913124113e+00 -4.601768759e+02 -4.620900000e+02 -2.2743e+00 +1.9982e+00
586 +1.169663449e+00 +1.169663449e+00 -4.609203366e+02 -4.620900000e+02 -2.3344e+00 +1.9982e+00
781 +7.292524297e-01 +7.292524297e-01 -4.613607476e+02 -4.620900000e+02 -2.3344e+00 +2.3213e+00
2047 +2.107391469e-02 +2.107391469e-02 -4.620689261e+02 -4.620900000e+02 -2.3344e+00 +2.3031e+00
14955 +1.373197226e-02 +1.373197226e-02 -4.620762680e+02 -4.620900000e+02 -2.3413e+00 +2.3031e+00
17555 +6.511417544e-03 +6.511417544e-03 -4.620834886e+02 -4.620900000e+02 -2.3413e+00 +2.3019e+00
63501 +1.258613918e-03 +1.258613918e-03 -4.620887414e+02 -4.620900000e+02 -2.3413e+00 +2.2992e+00
70944 +6.554452128e-04 +6.554452128e-04 -4.620893446e+02 -4.620900000e+02 -2.3413e+00 +2.2995e+00
96369 +6.154876600e-04 +6.154876600e-04 -4.620893845e+02 -4.620900000e+02 -2.3404e+00 +2.2995e+00
% function evaluation | noise-free fitness - Fopt (7.766000000000e+01) | best noise-free fitness - Fopt | measured fitness | best measured fitness | x1 | x2...
1 +1.794315041e+02 +1.794315041e+02 +2.570915041e+02 +7.766000000e+01 +1.3352e+00 -4.8040e+00
88 +2.713959563e+00 +2.713959563e+00 +8.037395956e+01 +7.766000000e+01 +2.3386e+00 -4.5411e-01
542 +2.073815067e+00 +2.073815067e+00 +7.973381507e+01 +7.766000000e+01 +2.3386e+00 -8.2331e-01
2871 +6.812452191e-01 +6.812452191e-01 +7.834124522e+01 +7.766000000e+01 +2.3655e+00 -8.7072e-01
3647 +4.467353773e-01 +4.467353773e-01 +7.810673538e+01 +7.766000000e+01 +2.4002e+00 -8.7072e-01
4168 +6.035345299e-02 +6.035345299e-02 +7.772035345e+01 +7.766000000e+01 +2.4002e+00 -8.4972e-01
11661 +2.656425862e-02 +2.656425862e-02 +7.768656426e+01 +7.766000000e+01 +2.4002e+00 -8.5942e-01
21089 +6.857651895e-04 +6.857651895e-04 +7.766068577e+01 +7.766000000e+01 +2.4002e+00 -8.5593e-01
81501 +1.558205105e-04 +1.558205105e-04 +7.766015582e+01 +7.766000000e+01 +2.3975e+00 -8.5593e-01
140178 +8.100351343e-05 +8.100351343e-05 +7.766008100e+01 +7.766000000e+01 +2.3990e+00 -8.5593e-01
159172 +9.856074968e-06 +9.856074968e-06 +7.766000986e+01 +7.766000000e+01 +2.3984e+00 -8.5593e-01
% function evaluation | noise-free fitness - Fopt (1.156800000000e+02) | best noise-free fitness - Fopt | measured fitness | best measured fitness | x1 | x2...
1 +1.735322945e+02 +1.735322945e+02 +2.892122945e+02 +1.156800000e+02 +1.9256e-01 +1.5918e+00
90 +2.084116523e+00 +2.084116523e+00 +1.177641165e+02 +1.156800000e+02 -2.1788e+00 -1.3136e+00
555 +1.071932920e+00 +1.071932920e+00 +1.167519329e+02 +1.156800000e+02 -2.1788e+00 -6.3374e-01
644 +6.721419737e-01 +6.721419737e-01 +1.163521420e+02 +1.156800000e+02 -2.1788e+00 -9.6239e-01
1941 +5.411888455e-01 +5.411888455e-01 +1.162211888e+02 +1.156800000e+02 -2.1788e+00 -9.9946e-01
2211 +8.109744521e-03 +8.109744521e-03 +1.156881097e+02 +1.156800000e+02 -2.1788e+00 -9.8530e-01
23470 +9.987827925e-04 +9.987827925e-04 +1.156809988e+02 +1.156800000e+02 -2.1785e+00 -9.8244e-01
42249 +2.205999969e-05 +2.205999969e-05 +1.156800221e+02 +1.156800000e+02 -2.1785e+00 -9.8310e-01
% function evaluation | noise-free fitness - Fopt (-3.710000000000e+00) | best noise-free fitness - Fopt | measured fitness | best measured fitness | x1 | x2...
1 +4.389224682e+01 +4.389224682e+01 +4.018224682e+01 -3.710000000e+00 +4.6675e+00 -2.7804e+00
91 +7.806178875e-02 +7.806178875e-02 -3.631938211e+00 -3.710000000e+00 +3.1002e+00 -2.2946e+00
3013 +1.649834800e-02 +1.649834800e-02 -3.693501652e+00 -3.710000000e+00 +3.1287e+00 -2.2946e+00
33447 +9.049589876e-03 +9.049589876e-03 -3.700950410e+00 -3.710000000e+00 +3.1268e+00 -2.2956e+00
35399 +3.926809280e-03 +3.926809280e-03 -3.706073191e+00 -3.710000000e+00 +3.1240e+00 -2.2956e+00
50326 +1.815273069e-03 +1.815273069e-03 -3.708184727e+00 -3.710000000e+00 +3.1230e+00 -2.2956e+00
72469 +1.553200941e-03 +1.553200941e-03 -3.708446799e+00 -3.710000000e+00 +3.1223e+00 -2.2956e+00
75007 +4.696866595e-04 +4.696866595e-04 -3.709530313e+00 -3.710000000e+00 +3.1208e+00 -2.2956e+00
% function evaluation | noise-free fitness - Fopt (1.321800000000e+02) | best noise-free fitness - Fopt | measured fitness | best measured fitness | x1 | x2...
1 +8.877912514e+01 +8.877912514e+01 +2.209591251e+02 +1.321800000e+02 +7.4834e-01 -1.8742e-01
183 +9.192929464e+00 +9.192929464e+00 +1.413729295e+02 +1.321800000e+02 -4.7173e+00 +7.4786e-01
274 +5.341098330e+00 +5.341098330e+00 +1.375210983e+02 +1.321800000e+02 -3.6839e+00 +2.1193e+00
543 +2.349451493e+00 +2.349451493e+00 +1.345294515e+02 +1.321800000e+02 -3.6839e+00 +1.1634e+00
2452 +1.061066338e+00 +1.061066338e+00 +1.332410663e+02 +1.321800000e+02 -3.7270e+00 +1.4616e+00
3743 +2.779647962e-01 +2.779647962e-01 +1.324579648e+02 +1.321800000e+02 -3.7270e+00 +1.4882e+00
5347 +2.631592045e-02 +2.631592045e-02 +1.322063159e+02 +1.321800000e+02 -3.7539e+00 +1.4806e+00
14246 +2.436538358e-02 +2.436538358e-02 +1.322043654e+02 +1.321800000e+02 -3.7539e+00 +1.4810e+00
14513 +4.441578164e-03 +4.441578164e-03 +1.321844416e+02 +1.321800000e+02 -3.7624e+00 +1.4810e+00
15518 +2.432232445e-03 +2.432232445e-03 +1.321824322e+02 +1.321800000e+02 -3.7624e+00 +1.4814e+00
61103 +7.530667742e-05 +7.530667742e-05 +1.321800753e+02 +1.321800000e+02 -3.7645e+00 +1.4825e+00
106824 +2.329160097e-05 +2.329160097e-05 +1.321800233e+02 +1.321800000e+02 -3.7640e+00 +1.4825e+00
% function evaluation | noise-free fitness - Fopt (-4.174000000000e+01) | best noise-free fitness - Fopt | measured fitness | best measured fitness | x1 | x2...
1 +9.110440752e+02 +9.110440752e+02 +8.693040752e+02 -4.174000000e+01 -8.6250e-01 +2.9698e+00
185 +5.107629753e+00 +5.107629753e+00 -3.663237025e+01 -4.174000000e+01 +2.1182e+00 -2.5176e+00
279 +3.310138512e+00 +3.310138512e+00 -3.842986149e+01 -4.174000000e+01 +2.1182e+00 -1.8669e+00
783 +1.838846956e+00 +1.838846956e+00 -3.990115304e+01 -4.174000000e+01 +2.1182e+00 -1.8537e+00
2385 +1.060982053e+00 +1.060982053e+00 -4.067901795e+01 -4.174000000e+01 +2.1264e+00 -1.8300e+00
4628 +3.640840144e-01 +3.640840144e-01 -4.137591599e+01 -4.174000000e+01 +3.1439e+00 -1.8202e+00
8622 +1.579320953e-01 +1.579320953e-01 -4.158206790e+01 -4.174000000e+01 +3.1337e+00 -1.8247e+00
14220 +7.373805179e-03 +7.373805179e-03 -4.173262619e+01 -4.174000000e+01 +3.1337e+00 -1.8326e+00
17357 +3.920472844e-03 +3.920472844e-03 -4.173607953e+01 -4.174000000e+01 +3.1337e+00 -1.8356e+00
18890 +1.311045992e-03 +1.311045992e-03 -4.173868895e+01 -4.174000000e+01 +3.1337e+00 -1.8343e+00
32984 +3.704047935e-04 +3.704047935e-04 -4.173962960e+01 -4.174000000e+01 +3.1326e+00 -1.8343e+00
66973 +2.075590427e-05 +2.075590427e-05 -4.173997924e+01 -4.174000000e+01 +3.1312e+00 -1.8343e+00
% function evaluation | noise-free fitness - Fopt (-4.948600000000e+02) | best noise-free fitness - Fopt | measured fitness | best measured fitness | x1 | x2...
1 +1.706324438e+02 +1.706324438e+02 -3.242275562e+02 -4.948600000e+02 -3.1877e+00 -4.7570e+00
98 +4.031803482e+00 +4.031803482e+00 -4.908281965e+02 -4.948600000e+02 -3.7565e+00 -7.0989e-01
485 +2.209801874e+00 +2.209801874e+00 -4.926501981e+02 -4.948600000e+02 -3.7565e+00 -7.4635e-01
2571 +1.066649149e+00 +1.066649149e+00 -4.937933509e+02 -4.948600000e+02 -2.7548e+00 -7.6154e-01
4690 +8.775153790e-02 +8.775153790e-02 -4.947722485e+02 -4.948600000e+02 -2.7609e+00 -1.1278e+00
9981 +5.890016719e-02 +5.890016719e-02 -4.948010998e+02 -4.948600000e+02 -2.7813e+00 -1.1278e+00
13152 +1.812633776e-02 +1.812633776e-02 -4.948418737e+02 -4.948600000e+02 -2.7739e+00 -1.1262e+00
27114 +1.326481156e-02 +1.326481156e-02 -4.948467352e+02 -4.948600000e+02 -2.7739e+00 -1.1202e+00
29003 +5.832101080e-03 +5.832101080e-03 -4.948541679e+02 -4.948600000e+02 -2.7739e+00 -1.1249e+00
37669 +8.027730695e-05 +8.027730695e-05 -4.948599197e+02 -4.948600000e+02 -2.7739e+00 -1.1233e+00
47445 +3.959839631e-05 +3.959839631e-05 -4.948599604e+02 -4.948600000e+02 -2.7744e+00 -1.1233e+00
146110 +2.292926467e-06 +2.292926467e-06 -4.948599977e+02 -4.948600000e+02 -2.7744e+00 -1.1232e+00
% function evaluation | noise-free fitness - Fopt (3.484000000000e+02) | best noise-free fitness - Fopt | measured fitness | best measured fitness | x1 | x2...
1 +2.209736260e+02 +2.209736260e+02 +5.693736260e+02 +3.484000000e+02 +2.1980e+00 +3.6623e+00
185 +3.287017323e+00 +3.287017323e+00 +3.516870173e+02 +3.484000000e+02 -1.0280e+00 +9.1851e-01
282 +1.621869809e+00 +1.621869809e+00 +3.500218698e+02 +3.484000000e+02 -1.0280e+00 +6.1520e-01
610 +1.547479543e+00 +1.547479543e+00 +3.499474795e+02 +3.484000000e+02 -1.0234e+00 +6.1520e-01
1309 +7.852067587e-01 +7.852067587e-01 +3.491852068e+02 +3.484000000e+02 -2.0749e+00 +6.0401e-01
2449 +2.939695087e-01 +2.939695087e-01 +3.486939695e+02 +3.484000000e+02 -2.0425e+00 +6.0401e-01
2536 +1.942596532e-01 +1.942596532e-01 +3.485942597e+02 +3.484000000e+02 -2.0348e+00 +6.0401e-01
12288 +1.243098539e-01 +1.243098539e-01 +3.485243099e+02 +3.484000000e+02 -2.0304e+00 +6.0255e-01
13996 +3.063244416e-02 +3.063244416e-02 +3.484306324e+02 +3.484000000e+02 -1.9990e+00 +5.9622e-01
26654 +2.072007282e-02 +2.072007282e-02 +3.484207201e+02 +3.484000000e+02 -2.0218e+00 +5.9655e-01
27297 +3.668718046e-04 +3.668718046e-04 +3.484003669e+02 +3.484000000e+02 -2.0101e+00 +5.9655e-01
35133 +1.973201656e-04 +1.973201656e-04 +3.484001973e+02 +3.484000000e+02 -2.0119e+00 +5.9655e-01
92962 +1.036602937e-04 +1.036602937e-04 +3.484001037e+02 +3.484000000e+02 -2.0113e+00 +5.9655e-01
% function evaluation | noise-free fitness - Fopt (3.770000000000e+00) | best noise-free fitness - Fopt | measured fitness | best measured fitness | x1 | x2...
1 +4.514833538e+03 +4.514833538e+03 +4.518603538e+03 +3.770000000e+00 +2.3693e-01 +4.9188e+00
186 +9.298470909e+00 +9.298470909e+00 +1.306847091e+01 +3.770000000e+00 +4.0363e+00 -2.0733e+00
272 +3.604945589e+00 +3.604945589e+00 +7.374945589e+00 +3.770000000e+00 +1.9639e+00 -2.0733e+00
360 +2.362245168e+00 +2.362245168e+00 +6.132245168e+00 +3.770000000e+00 +1.9639e+00 -2.0127e+00
4678 +1.525086700e+00 +1.525086700e+00 +5.295086700e+00 +3.770000000e+00 +2.8918e+00 -1.6831e+00
6968 +4.057814229e-01 +4.057814229e-01 +4.175781423e+00 +3.770000000e+00 +2.9393e+00 -2.0228e+00
7867 +4.252615060e-02 +4.252615060e-02 +3.812526151e+00 +3.770000000e+00 +2.9393e+00 -2.0434e+00
8564 +1.497988345e-03 +1.497988345e-03 +3.771497988e+00 +3.770000000e+00 +2.9393e+00 -2.0386e+00
18728 +9.465744768e-04 +9.465744768e-04 +3.770946574e+00 +3.770000000e+00 +2.9393e+00 -2.0393e+00
70396 +6.968395786e-05 +6.968395786e-05 +3.770069684e+00 +3.770000000e+00 +2.9411e+00 -2.0393e+00
84113 +2.974172239e-05 +2.974172239e-05 +3.770029742e+00 +3.770000000e+00 +2.9413e+00 -2.0393e+00
% function evaluation | noise-free fitness - Fopt (3.770000000000e+01) | best noise-free fitness - Fopt | measured fitness | best measured fitness | x1 | x2...
1 +3.462004491e+03 +3.462004491e+03 +3.499704491e+03 +3.770000000e+01 +2.5212e+00 +4.2276e+00
91 +2.303614266e+00 +2.303614266e+00 +4.000361427e+01 +3.770000000e+01 +1.2772e-01 -2.6608e+00
1670 +1.083350808e+00 +1.083350808e+00 +3.878335081e+01 +3.770000000e+01 +1.0928e+00 -1.9823e+00
2683 +9.100316582e-02 +9.100316582e-02 +3.779100317e+01 +3.770000000e+01 +1.0928e+00 -2.3390e+00
4525 +4.704798836e-02 +4.704798836e-02 +3.774704799e+01 +3.770000000e+01 +1.1281e+00 -2.3424e+00
12598 +3.735562332e-02 +3.735562332e-02 +3.773735562e+01 +3.770000000e+01 +1.1262e+00 -2.3424e+00
15596 +2.061279447e-02 +2.061279447e-02 +3.772061279e+01 +3.770000000e+01 +1.1031e+00 -2.3403e+00
31763 +1.745456195e-03 +1.745456195e-03 +3.770174546e+01 +3.770000000e+01 +1.1162e+00 -2.3403e+00
34442 +1.379224543e-03 +1.379224543e-03 +3.770137922e+01 +3.770000000e+01 +1.1162e+00 -2.3406e+00
34529 +8.333923644e-04 +8.333923644e-04 +3.770083339e+01 +3.770000000e+01 +1.1151e+00 -2.3403e+00
34622 +4.671607126e-04 +4.671607126e-04 +3.770046716e+01 +3.770000000e+01 +1.1151e+00 -2.3406e+00
90621 +2.306681590e-04 +2.306681590e-04 +3.770023067e+01 +3.770000000e+01 +1.1127e+00 -2.3406e+00
91209 +1.039542140e-04 +1.039542140e-04 +3.770010395e+01 +3.770000000e+01 +1.1133e+00 -2.3406e+00
% function evaluation | noise-free fitness - Fopt (6.956900000000e+02) | best noise-free fitness - Fopt | measured fitness | best measured fitness | x1 | x2...
1 +2.812503878e+01 +2.812503878e+01 +7.238150388e+02 +6.956900000e+02 -1.0183e+00 -2.6124e+00
188 +7.834321973e+00 +7.834321973e+00 +7.035243220e+02 +6.956900000e+02 -4.3462e+00 -3.9155e+00
278 +4.209711398e+00 +4.209711398e+00 +6.998997114e+02 +6.956900000e+02 -4.3462e+00 -3.5826e+00
459 +2.817197244e+00 +2.817197244e+00 +6.985071972e+02 +6.956900000e+02 -3.2016e+00 -3.5826e+00
985 +2.480718892e+00 +2.480718892e+00 +6.981707189e+02 +6.956900000e+02 -2.3063e+00 -2.8762e+00
2447 +1.178841657e+00 +1.178841657e+00 +6.968688417e+02 +6.956900000e+02 -2.2725e+00 -3.2618e+00
6253 +4.288429002e-01 +4.288429002e-01 +6.961188429e+02 +6.956900000e+02 -3.3005e+00 -3.2428e+00
7158 +1.243154373e-01 +1.243154373e-01 +6.958143154e+02 +6.956900000e+02 -3.3005e+00 -3.2645e+00
16988 +7.470407587e-02 +7.470407587e-02 +6.957647041e+02 +6.956900000e+02 -3.2816e+00 -3.2645e+00
20420 +2.650513485e-02 +2.650513485e-02 +6.957165051e+02 +6.956900000e+02 -3.2855e+00 -3.2618e+00
37111 +1.302998113e-02 +1.302998113e-02 +6.957030300e+02 +6.956900000e+02 -3.2855e+00 -3.2554e+00
37306 +7.637991757e-04 +7.637991757e-04 +6.956907638e+02 +6.956900000e+02 -3.2855e+00 -3.2589e+00
% function evaluation | noise-free fitness - Fopt (-1.180300000000e+02) | best noise-free fitness - Fopt | measured fitness | best measured fitness | x1 | x2...
1 +1.549234820e+02 +1.549234820e+02 +3.689348195e+01 -1.180300000e+02 +1.0934e+00 -1.1400e-02
83 +2.023471457e+00 +2.023471457e+00 -1.160065285e+02 -1.180300000e+02 -7.2991e-02 +3.5430e+00
2508 +1.418167231e+00 +1.418167231e+00 -1.166118328e+02 -1.180300000e+02 -7.3197e-02 +3.5812e+00
4507 +8.778826171e-01 +8.778826171e-01 -1.171521174e+02 -1.180300000e+02 -1.0205e+00 +3.5759e+00
4868 +2.566845126e-01 +2.566845126e-01 -1.177733155e+02 -1.180300000e+02 -1.0577e+00 +3.5759e+00
5542 +1.037427760e-01 +1.037427760e-01 -1.179262572e+02 -1.180300000e+02 -1.0577e+00 +3.5691e+00
8593 +8.407895618e-02 +8.407895618e-02 -1.179459210e+02 -1.180300000e+02 -1.0577e+00 +3.5650e+00
12053 +1.396555152e-02 +1.396555152e-02 -1.180160344e+02 -1.180300000e+02 -1.0775e+00 +3.5629e+00
14557 +5.825589302e-03 +5.825589302e-03 -1.180241744e+02 -1.180300000e+02 -1.0736e+00 +3.5650e+00
27529 +9.530027537e-04 +9.530027537e-04 -1.180290470e+02 -1.180300000e+02 -1.0775e+00 +3.5650e+00
41325 +2.116689484e-04 +2.116689484e-04 -1.180297883e+02 -1.180300000e+02 -1.0775e+00 +3.5654e+00
64852 +1.573496022e-04 +1.573496022e-04 -1.180298427e+02 -1.180300000e+02 -1.0775e+00 +3.5656e+00
85028 +5.395068764e-05 +5.395068764e-05 -1.180299460e+02 -1.180300000e+02 -1.0779e+00 +3.5656e+00
144448 +5.602396172e-06 +5.602396172e-06 -1.180299944e+02 -1.180300000e+02 -1.0784e+00 +3.5656e+00
% function evaluation | noise-free fitness - Fopt (4.816000000000e+01) | best noise-free fitness - Fopt | measured fitness | best measured fitness | x1 | x2...
1 +1.120409089e+02 +1.120409089e+02 +1.602009089e+02 +4.816000000e+01 +3.3332e+00 -3.8753e+00
87 +3.846140332e+00 +3.846140332e+00 +5.200614033e+01 +4.816000000e+01 +1.4223e+00 -1.0649e+00
1814 +2.387584364e+00 +2.387584364e+00 +5.054758436e+01 +4.816000000e+01 +3.3396e-01 -1.0649e+00
5533 +1.268697550e+00 +1.268697550e+00 +4.942869755e+01 +4.816000000e+01 +1.2159e+00 -7.5794e-01
6310 +1.528163184e-01 +1.528163184e-01 +4.831281632e+01 +4.816000000e+01 +1.3266e+00 -7.4965e-01
15527 +5.698496857e-02 +5.698496857e-02 +4.821698497e+01 +4.816000000e+01 +1.3184e+00 -7.4965e-01
19040 +3.342092523e-02 +3.342092523e-02 +4.819342093e+01 +4.816000000e+01 +1.2881e+00 -7.4965e-01
24097 +1.165026249e-03 +1.165026249e-03 +4.816116503e+01 +4.816000000e+01 +1.2998e+00 -7.4965e-01
43089 +9.732965552e-04 +9.732965552e-04 +4.816097330e+01 +4.816000000e+01 +1.3008e+00 -7.4965e-01
45224 +1.787967654e-04 +1.787967654e-04 +4.816017880e+01 +4.816000000e+01 +1.3008e+00 -7.5009e-01
% function evaluation | noise-free fitness - Fopt (8.384000000000e+01) | best noise-free fitness - Fopt | measured fitness | best measured fitness | x1 | x2...
1 +8.847605776e+01 +8.847605776e+01 +1.723160578e+02 +8.384000000e+01 -4.1778e+00 +1.1462e+00
100 +9.522518932e-01 +9.522518932e-01 +8.479225189e+01 +8.384000000e+01 -1.6042e+00 +3.5153e+00
398 +4.768755653e-01 +4.768755653e-01 +8.431687557e+01 +8.384000000e+01 -1.6264e+00 +3.5153e+00
1794 +3.622137687e-01 +3.622137687e-01 +8.420221377e+01 +8.384000000e+01 -1.6889e+00 +3.5153e+00
9635 +1.910520779e-01 +1.910520779e-01 +8.403105208e+01 +8.384000000e+01 -1.6889e+00 +3.5099e+00
9852 +1.108626322e-01 +1.108626322e-01 +8.395086263e+01 +8.384000000e+01 -1.6497e+00 +3.5099e+00
10738 +4.842702605e-02 +4.842702605e-02 +8.388842703e+01 +8.384000000e+01 -1.6497e+00 +3.5012e+00
11105 +1.227721654e-02 +1.227721654e-02 +8.385227722e+01 +8.384000000e+01 -1.6590e+00 +3.5012e+00
33024 +7.866774802e-03 +7.866774802e-03 +8.384786677e+01 +8.384000000e+01 -1.6660e+00 +3.5012e+00
48570 +4.685500521e-03 +4.685500521e-03 +8.384468550e+01 +8.384000000e+01 -1.6660e+00 +3.5048e+00
102360 +2.435515486e-03 +2.435515486e-03 +8.384243552e+01 +8.384000000e+01 -1.6649e+00 +3.5021e+00
159079 +3.804555644e-04 +3.804555644e-04 +8.384038046e+01 +8.384000000e+01 -1.6635e+00 +3.5028e+00
% function evaluation | noise-free fitness - Fopt (1.536000000000e+01) | best noise-free fitness - Fopt | measured fitness | best measured fitness | x1 | x2...
1 +4.307771112e+01 +4.307771112e+01 +5.843771112e+01 +1.536000000e+01 -8.2627e-01 +6.3601e-01
193 +2.144091664e-01 +2.144091664e-01 +1.557440917e+01 +1.536000000e+01 +1.7424e+00 +1.6376e+00
4359 +2.092846649e-02 +2.092846649e-02 +1.538092847e+01 +1.536000000e+01 +1.7674e+00 +1.6401e+00
14023 +2.169719915e-03 +2.169719915e-03 +1.536216972e+01 +1.536000000e+01 +1.7674e+00 +1.6440e+00
32557 +1.369564218e-03 +1.369564218e-03 +1.536136956e+01 +1.536000000e+01 +1.7688e+00 +1.6440e+00
61450 +1.496820258e-04 +1.496820258e-04 +1.536014968e+01 +1.536000000e+01 +1.7688e+00 +1.6433e+00
81525 +3.311316211e-05 +3.311316211e-05 +1.536003311e+01 +1.536000000e+01 +1.7696e+00 +1.6433e+00
