% function evaluation | noise-free fitness - Fopt (-4.620900000000e+02) | best noise-free fitness - Fopt | measured fitness | best measured fitness | x1 | x2...
1 +1.139859103e+02 +1.139859103e+02 -3.481040897e+02 -4.620900000e+02 -6.3383e-01 +3.0823e+00 -6.1528e-01
195 +3.417860079e+01 +3.417860079e+01 -4.279113992e+02 -4.620900000e+02 +6.7604e-01 +1.5983e+00 +1.2033e+00
293 +1.546020426e+01 +1.546020426e+01 -4.466297957e+02 -4.620900000e+02 +1.4163e+00 +1.5983e+00 +1.9600e+00
668 +9.177081410e+00 +9.177081410e+00 -4.529129186e+02 -4.620900000e+02 +1.3512e+00 +1.5983e+00 +1.8744e+00
1819 +5.723634936e+00 +5.723634936e+00 -4.563663651e+02 -4.620900000e+02 +2.3286e+00 +1.7788e+00 +1.8744e+00
2682 +3.082258099e+00 +3.082258099e+00 -4.590077419e+02 -4.620900000e+02 +2.3286e+00 +1.6531e+00 +1.9128e+00
6993 +2.228723608e+00 +2.228723608e+00 -4.598612764e+02 -4.620900000e+02 +2.2955e+00 +1.7477e+00 +2.2022e+00
8282 +1.064821832e+00 +1.064821832e+00 -4.610251782e+02 -4.620900000e+02 +2.2955e+00 +2.2755e+00 +2.2022e+00
10919 +8.362208886e-01 +8.362208886e-01 -4.612537791e+02 -4.620900000e+02 +2.3286e+00 +2.3376e+00 +2.2082e+00
16113 +5.873139501e-01 +5.873139501e-01 -4.615026860e+02 -4.620900000e+02 +2.3433e+00 +2.2755e+00 +2.2065e+00
21001 +3.788516478e-01 +3.788516478e-01 -4.617111484e+02 -4.620900000e+02 +2.3379e+00 +2.2773e+00 +2.2082e+00
22352 +1.827002761e-01 +1.827002761e-01 -4.619072997e+02 -4.620900000e+02 +2.3379e+00 +2.3136e+00 +2.2082e+00
29499 +1.209758364e-01 +1.209758364e-01 -4.619690242e+02 -4.620900000e+02 +2.3379e+00 +2.3095e+00 +2.2083e+00
31187 +6.098308973e-02 +6.098308973e-02 -4.620290169e+02 -4.620900000e+02 +2.3379e+00 +2.3095e+00 +2.2129e+00
42630 +3.426576888e-03 +3.426576888e-03 -4.620865734e+02 -4.620900000e+02 +2.3379e+00 +2.3010e+00 +2.2129e+00
43209 +2.004360934e-03 +2.004360934e-03 -4.620879956e+02 -4.620900000e+02 +2.3388e+00 +2.3007e+00 +2.2129e+00
45864 +1.514550679e-03 +1.514550679e-03 -4.620884854e+02 -4.620900000e+02 +2.3397e+00 +2.3007e+00 +2.2129e+00
178149 +4.347051322e-04 +4.347051322e-04 -4.620895653e+02 -4.620900000e+02 +2.3408e+00 +2.3005e+00 +2.2133e+00
270015 +3.595834866e-04 +3.595834866e-04 -4.620896404e+02 -4.620900000e+02 +2.3408e+00 +2.3005e+00 +2.2133e+00
% function evaluation | noise-free fitness - Fopt (7.766000000000e+01) | best noise-free fitness - Fopt | measured fitness | best measured fitness | x1 | x2...
1 +4.365933297e+01 +4.365933297e+01 +1.213193330e+02 +7.766000000e+01 +4.0889e-01 +7.5013e-01 +1.0715e+00
194 +4.030365718e+01 +4.030365718e+01 +1.179636572e+02 +7.766000000e+01 +1.5283e+00 -2.0898e+00 +6.7631e-01
292 +3.328760630e+01 +3.328760630e+01 +1.109476063e+02 +7.766000000e+01 +3.8510e-01 -4.9283e-01 +6.7631e-01
392 +2.087554394e+01 +2.087554394e+01 +9.853554394e+01 +7.766000000e+01 +3.8510e-01 -1.9609e+00 +6.7631e-01
488 +1.305717171e+01 +1.305717171e+01 +9.071717171e+01 +7.766000000e+01 +3.8510e-01 -1.9609e+00 +5.7414e-01
682 +9.462578082e+00 +9.462578082e+00 +8.712257808e+01 +7.766000000e+01 +3.8510e-01 -1.4461e+00 +5.7414e-01
1243 +4.038943751e+00 +4.038943751e+00 +8.169894375e+01 +7.766000000e+01 +1.3547e+00 -1.4461e+00 +9.6961e-01
1339 +3.529748708e+00 +3.529748708e+00 +8.118974871e+01 +7.766000000e+01 +1.3709e+00 -1.4461e+00 +9.6961e-01
2947 +2.228273988e+00 +2.228273988e+00 +7.988827399e+01 +7.766000000e+01 +1.4070e+00 -8.6768e-01 +9.6961e-01
5582 +1.372472495e+00 +1.372472495e+00 +7.903247250e+01 +7.766000000e+01 +2.3484e+00 -8.6426e-01 +1.2739e+00
5850 +9.411567551e-01 +9.411567551e-01 +7.860115676e+01 +7.766000000e+01 +2.4004e+00 -8.6426e-01 +1.2739e+00
8056 +2.766343568e-01 +2.766343568e-01 +7.793663436e+01 +7.766000000e+01 +2.4004e+00 -8.6426e-01 +1.2626e+00
14428 +2.413110368e-01 +2.413110368e-01 +7.790131104e+01 +7.766000000e+01 +2.4004e+00 -8.5485e-01 +1.2626e+00
25946 +1.542516939e-01 +1.542516939e-01 +7.781425169e+01 +7.766000000e+01 +2.3960e+00 -8.5493e-01 +1.2626e+00
27310 +7.498836335e-02 +7.498836335e-02 +7.773498836e+01 +7.766000000e+01 +2.3960e+00 -8.5493e-01 +1.2659e+00
43214 +2.755629484e-03 +2.755629484e-03 +7.766275563e+01 +7.766000000e+01 +2.3960e+00 -8.5493e-01 +1.2713e+00
60931 +1.949656905e-03 +1.949656905e-03 +7.766194966e+01 +7.766000000e+01 +2.3973e+00 -8.5493e-01 +1.2713e+00
85425 +1.190874592e-03 +1.190874592e-03 +7.766119087e+01 +7.766000000e+01 +2.3973e+00 -8.5569e-01 +1.2713e+00
96691 +8.495438233e-04 +8.495438233e-04 +7.766084954e+01 +7.766000000e+01 +2.3973e+00 -8.5569e-01 +1.2715e+00
265652 +3.211886816e-04 +3.211886816e-04 +7.766032119e+01 +7.766000000e+01 +2.3973e+00 -8.5569e-01 +1.2719e+00
% function evaluation | noise-free fitness - Fopt (1.156800000000e+02) | best noise-free fitness - Fopt | measured fitness | best measured fitness | x1 | x2...
1 +4.774033223e+02 +4.774033223e+02 +5.930833223e+02 +1.156800000e+02 +4.2158e+00 -1.9590e+00 -2.3971e-01
198 +1.649681843e+01 +1.649681843e+01 +1.321768184e+02 +1.156800000e+02 +3.2396e-01 -1.4465e+00 +1.8585e-01
296 +1.113984053e+01 +1.113984053e+01 +1.268198405e+02 +1.156800000e+02 +1.0893e+00 -4.4409e-01 +1.8585e-01
391 +9.875902888e+00 +9.875902888e+00 +1.255559029e+02 +1.156800000e+02 +2.0549e+00 -4.4409e-01 +1.8585e-01
868 +5.042835223e+00 +5.042835223e+00 +1.207228352e+02 +1.156800000e+02 +2.2713e+00 -9.8042e-01 -4.4421e-01
1064 +2.962915870e+00 +2.962915870e+00 +1.186429159e+02 +1.156800000e+02 +2.2713e+00 -9.8042e-01 -4.6100e-02
1546 +2.148471272e+00 +2.148471272e+00 +1.178284713e+02 +1.156800000e+02 +2.2713e+00 -9.8042e-01 +2.7770e-01
7511 +1.394331769e+00 +1.394331769e+00 +1.170743318e+02 +1.156800000e+02 +1.2079e+00 -9.6922e-01 +2.4243e-01
11282 +4.386080860e-01 +4.386080860e-01 +1.161186081e+02 +1.156800000e+02 +2.1375e+00 -9.8042e-01 +2.3987e-01
11469 +6.008336211e-02 +6.008336211e-02 +1.157400834e+02 +1.156800000e+02 +2.1780e+00 -9.8042e-01 +2.3987e-01
20676 +1.178206874e-02 +1.178206874e-02 +1.156917821e+02 +1.156800000e+02 +2.1780e+00 -9.8424e-01 +2.4234e-01
26755 +9.595543795e-03 +9.595543795e-03 +1.156895955e+02 +1.156800000e+02 +2.1780e+00 -9.8042e-01 +2.4315e-01
40349 +5.963833240e-03 +5.963833240e-03 +1.156859638e+02 +1.156800000e+02 +2.1780e+00 -9.8424e-01 +2.4315e-01
59077 +1.774800945e-03 +1.774800945e-03 +1.156817748e+02 +1.156800000e+02 +2.1780e+00 -9.8424e-01 +2.4402e-01
77674 +1.373710978e-03 +1.373710978e-03 +1.156813737e+02 +1.156800000e+02 +2.1782e+00 -9.8381e-01 +2.4402e-01
83888 +9.344694696e-04 +9.344694696e-04 +1.156809345e+02 +1.156800000e+02 +2.1782e+00 -9.8381e-01 +2.4426e-01
150211 +5.014127332e-05 +5.014127332e-05 +1.156800501e+02 +1.156800000e+02 +2.1782e+00 -9.8347e-01 +2.4475e-01
161261 +2.779401423e-05 +2.779401423e-05 +1.156800278e+02 +1.156800000e+02 +2.1782e+00 -9.8336e-01 +2.4475e-01
172814 +2.159904287e-05 +2.159904287e-05 +1.156800216e+02 +1.156800000e+02 +2.1784e+00 -9.8336e-01 +2.4475e-01
% function evaluation | noise-free fitness - Fopt (-3.710000000000e+00) | best noise-free fitness - Fopt | measured fitness | best measured fitness | x1 | x2...
1 +6.139207722e+01 +6.139207722e+01 +5.768207722e+01 -3.710000000e+00 -1.5728e+00 -1.3898e+00 +1.4881e+00
194 +2.696155347e+01 +2.696155347e+01 +2.325155347e+01 -3.710000000e+00 +2.0753e+00 -3.3436e+00 +5.6973e-01
286 +2.082046341e+01 +2.082046341e+01 +1.711046341e+01 -3.710000000e+00 +9.8669e-01 -1.5476e+00 +1.4717e+00
378 +8.397719795e+00 +8.397719795e+00 +4.687719795e+00 -3.710000000e+00 +2.0753e+00 -3.3436e+00 +1.4717e+00
666 +6.122960096e+00 +6.122960096e+00 +2.412960096e+00 -3.710000000e+00 +2.1225e+00 -1.2402e+00 +1.4717e+00
1037 +3.556103050e+00 +3.556103050e+00 -1.538969504e-01 -3.710000000e+00 +2.1225e+00 -1.7796e+00 +1.4717e+00
3096 +1.834584778e+00 +1.834584778e+00 -1.875415222e+00 -3.710000000e+00 +2.1225e+00 -2.3291e+00 +1.7789e+00
3370 +1.250962847e+00 +1.250962847e+00 -2.459037153e+00 -3.710000000e+00 +2.1225e+00 -2.2761e+00 +1.7789e+00
3739 +4.603008503e-01 +4.603008503e-01 -3.249699150e+00 -3.710000000e+00 +3.0855e+00 -2.2792e+00 +1.7789e+00
9967 +3.827555622e-01 +3.827555622e-01 -3.327244438e+00 -3.710000000e+00 +3.0855e+00 -2.2842e+00 +1.7789e+00
10980 +1.141631785e-01 +1.141631785e-01 -3.595836822e+00 -3.710000000e+00 +3.1198e+00 -2.2846e+00 +1.7789e+00
18537 +7.679627230e-02 +7.679627230e-02 -3.633203728e+00 -3.710000000e+00 +3.1198e+00 -2.2879e+00 +1.7789e+00
19188 +4.836312226e-02 +4.836312226e-02 -3.661636878e+00 -3.710000000e+00 +3.1198e+00 -2.2924e+00 +1.7789e+00
25086 +4.488170091e-04 +4.488170091e-04 -3.709551183e+00 -3.710000000e+00 +3.1198e+00 -2.2952e+00 +1.7828e+00
241150 +2.140911068e-04 +2.140911068e-04 -3.709785909e+00 -3.710000000e+00 +3.1198e+00 -2.2952e+00 +1.7829e+00
% function evaluation | noise-free fitness - Fopt (1.321800000000e+02) | best noise-free fitness - Fopt | measured fitness | best measured fitness | x1 | x2...
1 +1.851389504e+03 +1.851389504e+03 +1.983569504e+03 +1.321800000e+02 -1.0493e+00 +2.9152e+00 +4.6766e+00
184 +2.407692923e+01 +2.407692923e+01 +1.562569292e+02 +1.321800000e+02 +3.8696e+00 +1.3521e+00 +2.7115e+00
438 +1.023625339e+01 +1.023625339e+01 +1.424162534e+02 +1.321800000e+02 +3.7129e+00 +2.0147e+00 +2.7194e+00
535 +7.484871270e+00 +7.484871270e+00 +1.396648713e+02 +1.321800000e+02 +3.7129e+00 +2.0147e+00 +3.1060e+00
882 +2.832938736e+00 +2.832938736e+00 +1.350129387e+02 +1.321800000e+02 +3.7129e+00 +2.0147e+00 +3.1409e+00
972 +2.169821946e+00 +2.169821946e+00 +1.343498219e+02 +1.321800000e+02 +3.7129e+00 +1.5048e+00 +3.1409e+00
5038 +7.489149235e-01 +7.489149235e-01 +1.329289149e+02 +1.321800000e+02 +3.7666e+00 +1.5165e+00 +3.4618e+00
6915 +1.928297502e-01 +1.928297502e-01 +1.323728298e+02 +1.321800000e+02 +3.7469e+00 +1.4965e+00 +3.4618e+00
7806 +1.577637035e-01 +1.577637035e-01 +1.323377637e+02 +1.321800000e+02 +3.7469e+00 +1.4702e+00 +3.4618e+00
14616 +6.686057210e-02 +6.686057210e-02 +1.322468606e+02 +1.321800000e+02 +3.7469e+00 +1.4836e+00 +3.4618e+00
15004 +3.979902724e-02 +3.979902724e-02 +1.322197990e+02 +1.321800000e+02 +3.7653e+00 +1.4836e+00 +3.4618e+00
15395 +1.754975566e-02 +1.754975566e-02 +1.321975498e+02 +1.321800000e+02 +3.7561e+00 +1.4836e+00 +3.4618e+00
22019 +1.483779636e-02 +1.483779636e-02 +1.321948378e+02 +1.321800000e+02 +3.7602e+00 +1.4795e+00 +3.4618e+00
55815 +9.761415364e-03 +9.761415364e-03 +1.321897614e+02 +1.321800000e+02 +3.7602e+00 +1.4830e+00 +3.4618e+00
76786 +2.227422865e-03 +2.227422865e-03 +1.321822274e+02 +1.321800000e+02 +3.7624e+00 +1.4812e+00 +3.4610e+00
101593 +1.489689110e-03 +1.489689110e-03 +1.321814897e+02 +1.321800000e+02 +3.7626e+00 +1.4818e+00 +3.4610e+00
103657 +9.418936858e-04 +9.418936858e-04 +1.321809419e+02 +1.321800000e+02 +3.7635e+00 +1.4812e+00 +3.4616e+00
116917 +2.917414326e-04 +2.917414326e-04 +1.321802917e+02 +1.321800000e+02 +3.7635e+00 +1.4818e+00 +3.4616e+00
144107 +6.555377939e-05 +6.555377939e-05 +1.321800656e+02 +1.321800000e+02 +3.7635e+00 +1.4825e+00 +3.4616e+00
232133 +7.332036205e-07 +7.332036205e-07 +1.321800007e+02 +1.321800000e+02 +3.7640e+00 +1.4824e+00 +3.4616e+00
% function evaluation | noise-free fitness - Fopt (-4.174000000000e+01) | best noise-free fitness - Fopt | measured fitness | best measured fitness | x1 | x2...
1 +5.501805962e+03 +5.501805962e+03 +5.460065962e+03 -4.174000000e+01 +3.5922e+00 +3.9958e-01 +2.3550e+00
189 +2.323032412e+01 +2.323032412e+01 -1.850967588e+01 -4.174000000e+01 +1.3717e+00 -2.9910e+00 +8.2136e-02
279 +1.302012305e+01 +1.302012305e+01 -2.871987695e+01 -4.174000000e+01 +1.3717e+00 -1.8253e+00 +8.2136e-02
459 +9.480217181e+00 +9.480217181e+00 -3.225978282e+01 -4.174000000e+01 +1.1983e+00 -1.8253e+00 +8.2136e-02
1020 +5.929516155e+00 +5.929516155e+00 -3.581048384e+01 -4.174000000e+01 +1.1983e+00 -1.8253e+00 +1.0751e-01
2973 +1.831788256e+00 +1.831788256e+00 -3.990821174e+01 -4.174000000e+01 +2.1079e+00 -1.8253e+00 +1.2211e-01
3812 +1.544086845e+00 +1.544086845e+00 -4.019591316e+01 -4.174000000e+01 +2.1328e+00 -1.8253e+00 +1.2211e-01
15752 +1.987195458e-01 +1.987195458e-01 -4.154128045e+01 -4.174000000e+01 +3.1156e+00 -1.8328e+00 +1.2833e-01
17099 +1.557535176e-01 +1.557535176e-01 -4.158424648e+01 -4.174000000e+01 +3.1249e+00 -1.8328e+00 +1.2833e-01
24937 +5.770022242e-02 +5.770022242e-02 -4.168229978e+01 -4.174000000e+01 +3.1249e+00 -1.8328e+00 +1.3307e-01
119824 +2.523559511e-02 +2.523559511e-02 -4.171476440e+01 -4.174000000e+01 +3.1304e+00 -1.8338e+00 +1.3423e-01
140521 +1.323932693e-03 +1.323932693e-03 -4.173867607e+01 -4.174000000e+01 +3.1304e+00 -1.8338e+00 +1.3689e-01
207325 +2.184570950e-04 +2.184570950e-04 -4.173978154e+01 -4.174000000e+01 +3.1304e+00 -1.8348e+00 +1.3751e-01
247712 +1.282553671e-04 +1.282553671e-04 -4.173987174e+01 -4.174000000e+01 +3.1304e+00 -1.8344e+00 +1.3751e-01
% function evaluation | noise-free fitness - Fopt (-4.948600000000e+02) | best noise-free fitness - Fopt | measured fitness | best measured fitness | x1 | x2...
1 +6.526931912e+02 +6.526931912e+02 +1.578331912e+02 -4.948600000e+02 -4.2621e+00 +4.9683e+00 -3.3258e+00
199 +2.444439413e+01 +2.444439413e+01 -4.704156059e+02 -4.948600000e+02 +1.7551e+00 -1.8809e+00 +3.5962e+00
291 +7.066835932e+00 +7.066835932e+00 -4.877931641e+02 -4.948600000e+02 +1.8324e+00 -1.0888e+00 +3.1198e+00
384 +6.157049486e+00 +6.157049486e+00 -4.887029505e+02 -4.948600000e+02 +1.7551e+00 -1.0888e+00 +3.1198e+00
756 +3.049494203e+00 +3.049494203e+00 -4.918105058e+02 -4.948600000e+02 +1.7673e+00 -1.0888e+00 +3.5249e+00
1805 +1.827465309e+00 +1.827465309e+00 -4.930325347e+02 -4.948600000e+02 +1.7755e+00 -1.0888e+00 +3.8116e+00
1992 +9.237847821e-01 +9.237847821e-01 -4.939362152e+02 -4.948600000e+02 +2.7525e+00 -1.0888e+00 +3.8116e+00
9319 +3.404929743e-01 +3.404929743e-01 -4.945195070e+02 -4.948600000e+02 +2.7635e+00 -1.1024e+00 +3.8177e+00
9413 +2.024540034e-01 +2.024540034e-01 -4.946575460e+02 -4.948600000e+02 +2.7635e+00 -1.1090e+00 +3.8177e+00
12822 +1.513216848e-01 +1.513216848e-01 -4.947086783e+02 -4.948600000e+02 +2.7650e+00 -1.1160e+00 +3.8145e+00
19529 +7.479557242e-02 +7.479557242e-02 -4.947852044e+02 -4.948600000e+02 +2.7725e+00 -1.1169e+00 +3.8177e+00
36302 +2.364237685e-02 +2.364237685e-02 -4.948363576e+02 -4.948600000e+02 +2.7725e+00 -1.1287e+00 +3.8212e+00
36927 +4.649245073e-03 +4.649245073e-03 -4.948553508e+02 -4.948600000e+02 +2.7725e+00 -1.1217e+00 +3.8212e+00
68902 +3.808313669e-03 +3.808313669e-03 -4.948561917e+02 -4.948600000e+02 +2.7725e+00 -1.1224e+00 +3.8212e+00
161288 +2.162398654e-04 +2.162398654e-04 -4.948597838e+02 -4.948600000e+02 +2.7743e+00 -1.1237e+00 +3.8224e+00
% function evaluation | noise-free fitness - Fopt (3.484000000000e+02) | best noise-free fitness - Fopt | measured fitness | best measured fitness | x1 | x2...
1 +8.188587246e+01 +8.188587246e+01 +4.302858725e+02 +3.484000000e+02 +2.2379e-01 +1.1410e+00 +1.6224e+00
188 +4.447648784e+01 +4.447648784e+01 +3.928764878e+02 +3.484000000e+02 -7.8975e-01 -4.3743e-01 +8.4250e-01
276 +1.795912490e+01 +1.795912490e+01 +3.663591249e+02 +3.484000000e+02 +2.2959e+00 -4.3743e-01 +1.0682e+00
358 +1.222014434e+01 +1.222014434e+01 +3.606201443e+02 +3.484000000e+02 +9.7621e-02 -4.3743e-01 +1.0682e+00
730 +9.725316931e+00 +9.725316931e+00 +3.581253169e+02 +3.484000000e+02 +9.7621e-02 -9.6622e-02 +1.0682e+00
1187 +5.713817643e+00 +5.713817643e+00 +3.541138176e+02 +3.484000000e+02 +3.5368e-02 +5.0713e-02 +1.3873e+00
2706 +3.000562125e+00 +3.000562125e+00 +3.514005621e+02 +3.484000000e+02 +9.7158e-01 +5.5452e-01 +1.3873e+00
2890 +2.264921830e+00 +2.264921830e+00 +3.506649218e+02 +3.484000000e+02 +1.0089e+00 +5.5452e-01 +1.3873e+00
4497 +1.584100352e+00 +1.584100352e+00 +3.499841004e+02 +3.484000000e+02 +1.0089e+00 +6.2866e-01 +1.3873e+00
9661 +5.756691381e-01 +5.756691381e-01 +3.489756691e+02 +3.484000000e+02 +2.0112e+00 +6.2866e-01 +1.3873e+00
10223 +1.401922571e-01 +1.401922571e-01 +3.485401923e+02 +3.484000000e+02 +2.0112e+00 +6.1171e-01 +1.3873e+00
10684 +1.086620399e-02 +1.086620399e-02 +3.484108662e+02 +3.484000000e+02 +2.0112e+00 +5.9320e-01 +1.3873e+00
19166 +6.572534813e-03 +6.572534813e-03 +3.484065725e+02 +3.484000000e+02 +2.0112e+00 +5.9395e-01 +1.3873e+00
20327 +4.414419002e-03 +4.414419002e-03 +3.484044144e+02 +3.484000000e+02 +2.0112e+00 +5.9456e-01 +1.3873e+00
23672 +1.876195105e-03 +1.876195105e-03 +3.484018762e+02 +3.484000000e+02 +2.0112e+00 +5.9602e-01 +1.3873e+00
23865 +5.355485388e-05 +5.355485388e-05 +3.484000536e+02 +3.484000000e+02 +2.0112e+00 +5.9670e-01 +1.3872e+00
% function evaluation | noise-free fitness - Fopt (3.770000000000e+00) | best noise-free fitness - Fopt | measured fitness | best measured fitness | x1 | x2...
1 +5.575874227e+02 +5.575874227e+02 +5.613574227e+02 +3.770000000e+00 +2.6305e+00 +2.0206e+00 -4.1746e+00
198 +2.866552563e+01 +2.866552563e+01 +3.243552563e+01 +3.770000000e+00 -2.3148e-01 -3.6521e+00 +3.1084e+00
289 +1.578364847e+01 +1.578364847e+01 +1.955364847e+01 +3.770000000e+00 +2.9205e+00 -1.6333e+00 +2.8472e+00
767 +2.494859631e+00 +2.494859631e+00 +6.264859631e+00 +3.770000000e+00 +2.9205e+00 -2.6656e+00 +2.8472e+00
3322 +1.235437231e+00 +1.235437231e+00 +5.005437231e+00 +3.770000000e+00 +2.9205e+00 -2.0323e+00 +2.8472e+00
3789 +2.530763014e-01 +2.530763014e-01 +4.023076301e+00 +3.770000000e+00 +2.9205e+00 -2.0323e+00 +3.1550e+00
4076 +1.828952932e-01 +1.828952932e-01 +3.952895293e+00 +3.770000000e+00 +2.9318e+00 -2.0323e+00 +3.1550e+00
12212 +1.577493023e-01 +1.577493023e-01 +3.927749302e+00 +3.770000000e+00 +2.9318e+00 -2.0372e+00 +3.1550e+00
27730 +9.211775415e-02 +9.211775415e-02 +3.862117754e+00 +3.770000000e+00 +2.9415e+00 -2.0372e+00 +3.1569e+00
55506 +5.280546584e-04 +5.280546584e-04 +3.770528055e+00 +3.770000000e+00 +2.9415e+00 -2.0389e+00 +3.1635e+00
261284 +3.967743815e-05 +3.967743815e-05 +3.770039677e+00 +3.770000000e+00 +2.9415e+00 -2.0392e+00 +3.1639e+00
% function evaluation | noise-free fitness - Fopt (3.770000000000e+01) | best noise-free fitness - Fopt | measured fitness | best measured fitness | x1 | x2...
1 +3.341255921e+02 +3.341255921e+02 +3.718255921e+02 +3.770000000e+01 -1.5353e-01 +3.2864e-01 -2.9979e+00
200 +2.581164787e+01 +2.581164787e+01 +6.351164787e+01 +3.770000000e+01 -1.6817e+00 -2.9824e+00 +2.5661e+00
298 +1.229419886e+01 +1.229419886e+01 +4.999419886e+01 +3.770000000e+01 +1.2360e+00 -2.9824e+00 +2.6461e+00
398 +7.087915325e+00 +7.087915325e+00 +4.478791532e+01 +3.770000000e+01 -7.7493e-01 -2.9824e+00 +2.6461e+00
494 +5.437134443e+00 +5.437134443e+00 +4.313713444e+01 +3.770000000e+01 -7.7493e-01 -2.3350e+00 +2.6461e+00
1581 +3.381049351e+00 +3.381049351e+00 +4.108104935e+01 +3.770000000e+01 +1.7768e-01 -2.3350e+00 +2.6461e+00
3753 +1.950882301e+00 +1.950882301e+00 +3.965088230e+01 +3.770000000e+01 +1.0372e+00 -2.3353e+00 +2.6461e+00
8774 +1.522961625e+00 +1.522961625e+00 +3.922296162e+01 +3.770000000e+01 +1.1147e+00 -2.3688e+00 +2.3009e+00
14276 +6.199195531e-01 +6.199195531e-01 +3.831991955e+01 +3.770000000e+01 +1.0916e+00 -2.3409e+00 +2.5960e+00
20649 +9.445950394e-03 +9.445950394e-03 +3.770944595e+01 +3.770000000e+01 +1.1122e+00 -2.3409e+00 +2.6122e+00
97937 +3.693515763e-04 +3.693515763e-04 +3.770036935e+01 +3.770000000e+01 +1.1128e+00 -2.3409e+00 +2.6117e+00
% function evaluation | noise-free fitness - Fopt (6.956900000000e+02) | best noise-free fitness - Fopt | measured fitness | best measured fitness | x1 | x2...
1 +3.400286765e+02 +3.400286765e+02 +1.035718676e+03 +6.956900000e+02 -4.5603e+00 +4.8875e+00 +2.2853e+00
190 +2.636262623e+01 +2.636262623e+01 +7.220526262e+02 +6.956900000e+02 +3.1664e+00 -3.8898e+00 +2.2284e+00
280 +8.302374797e+00 +8.302374797e+00 +7.039923748e+02 +6.956900000e+02 +3.1664e+00 -3.8898e+00 +2.6677e+00
714 +2.557017544e+00 +2.557017544e+00 +6.982470175e+02 +6.956900000e+02 +2.2681e+00 -3.8898e+00 +3.3657e+00
806 +2.414024515e+00 +2.414024515e+00 +6.981040245e+02 +6.956900000e+02 +2.2959e+00 -3.8898e+00 +3.3657e+00
10775 +7.220812623e-01 +7.220812623e-01 +6.964120813e+02 +6.956900000e+02 +3.2789e+00 -3.2214e+00 +3.3657e+00
11059 +1.156430882e-01 +1.156430882e-01 +6.958056431e+02 +6.956900000e+02 +3.2789e+00 -3.2456e+00 +3.3657e+00
20068 +1.558478228e-02 +1.558478228e-02 +6.957055848e+02 +6.956900000e+02 +3.2789e+00 -3.2551e+00 +3.3657e+00
30122 +9.915827744e-03 +9.915827744e-03 +6.956999158e+02 +6.956900000e+02 +3.2789e+00 -3.2576e+00 +3.3657e+00
68835 +1.316481598e-03 +1.316481598e-03 +6.956913165e+02 +6.956900000e+02 +3.2826e+00 -3.2576e+00 +3.3654e+00
83380 +4.039520589e-04 +4.039520589e-04 +6.956904040e+02 +6.956900000e+02 +3.2847e+00 -3.2576e+00 +3.3654e+00
96660 +2.753727549e-04 +2.753727549e-04 +6.956902754e+02 +6.956900000e+02 +3.2847e+00 -3.2578e+00 +3.3654e+00
137091 +1.978606954e-04 +1.978606954e-04 +6.956901979e+02 +6.956900000e+02 +3.2847e+00 -3.2579e+00 +3.3654e+00
165651 +6.694189938e-05 +6.694189938e-05 +6.956900669e+02 +6.956900000e+02 +3.2847e+00 -3.2583e+00 +3.3654e+00
% function evaluation | noise-free fitness - Fopt (-1.180300000000e+02) | best noise-free fitness - Fopt | measured fitness | best measured fitness | x1 | x2...
1 +7.474926941e+01 +7.474926941e+01 -4.328073059e+01 -1.180300000e+02 +7.0075e-01 +3.8446e+00 -1.5041e+00
196 +4.216754109e+01 +4.216754109e+01 -7.586245891e+01 -1.180300000e+02 -9.9706e-01 +3.9274e+00 -1.4996e-01
294 +2.822549695e+01 +2.822549695e+01 -8.980450305e+01 -1.180300000e+02 -9.9706e-01 +3.9274e+00 -4.4169e-01
388 +2.354594561e+01 +2.354594561e+01 -9.448405439e+01 -1.180300000e+02 -9.9706e-01 +2.7935e+00 -4.4169e-01
578 +1.491610231e+01 +1.491610231e+01 -1.031138977e+02 -1.180300000e+02 +9.6581e-02 +3.4455e+00 -4.4169e-01
675 +8.568161484e+00 +8.568161484e+00 -1.094618385e+02 -1.180300000e+02 +9.6581e-02 +2.9214e+00 -4.4169e-01
1816 +5.643838075e+00 +5.643838075e+00 -1.123861619e+02 -1.180300000e+02 +9.6581e-02 +2.9214e+00 -3.4644e-03
2384 +3.972521138e+00 +3.972521138e+00 -1.140574789e+02 -1.180300000e+02 +9.6581e-02 +3.5771e+00 -3.4644e-03
3979 +2.200916535e+00 +2.200916535e+00 -1.158290835e+02 -1.180300000e+02 +9.6581e-02 +3.5771e+00 -3.4742e-02
6718 +7.298949198e-01 +7.298949198e-01 -1.173001051e+02 -1.180300000e+02 +1.0814e+00 +3.5392e+00 +2.6993e-01
8488 +5.000366017e-01 +5.000366017e-01 -1.175299634e+02 -1.180300000e+02 +1.0814e+00 +3.5845e+00 +2.6993e-01
17617 +3.525893710e-01 +3.525893710e-01 -1.176774106e+02 -1.180300000e+02 +1.0760e+00 +3.5845e+00 +2.6993e-01
19351 +1.773585744e-01 +1.773585744e-01 -1.178526414e+02 -1.180300000e+02 +1.0760e+00 +3.5726e+00 +2.6993e-01
23029 +6.477239316e-02 +6.477239316e-02 -1.179652276e+02 -1.180300000e+02 +1.0760e+00 +3.5616e+00 +2.7452e-01
33355 +5.349037921e-02 +5.349037921e-02 -1.179765096e+02 -1.180300000e+02 +1.0760e+00 +3.5644e+00 +2.7452e-01
42039 +1.440632523e-03 +1.440632523e-03 -1.180285594e+02 -1.180300000e+02 +1.0760e+00 +3.5652e+00 +2.7923e-01
50046 +6.611978532e-04 +6.611978532e-04 -1.180293388e+02 -1.180300000e+02 +1.0771e+00 +3.5652e+00 +2.7923e-01
151768 +4.472375374e-04 +4.472375374e-04 -1.180295528e+02 -1.180300000e+02 +1.0785e+00 +3.5652e+00 +2.7923e-01
159578 +3.685141426e-04 +3.685141426e-04 -1.180296315e+02 -1.180300000e+02 +1.0785e+00 +3.5652e+00 +2.7891e-01
199422 +1.600022913e-04 +1.600022913e-04 -1.180298400e+02 -1.180300000e+02 +1.0782e+00 +3.5656e+00 +2.7891e-01
% function evaluation | noise-free fitness - Fopt (4.816000000000e+01) | best noise-free fitness - Fopt | measured fitness | best measured fitness | x1 | x2...
1 +1.638786305e+02 +1.638786305e+02 +2.120386305e+02 +4.816000000e+01 -1.8913e+00 -2.6743e-01 -1.0908e-01
193 +1.591911695e+01 +1.591911695e+01 +6.407911695e+01 +4.816000000e+01 -8.8211e-01 -1.3572e+00 +2.8421e+00
270 +8.611488918e+00 +8.611488918e+00 +5.677148892e+01 +4.816000000e+01 +2.2292e-01 -1.3572e+00 +2.8043e+00
981 +5.335620633e+00 +5.335620633e+00 +5.349562063e+01 +4.816000000e+01 +3.5438e-01 -1.3572e+00 +3.5183e+00
2359 +3.880550642e+00 +3.880550642e+00 +5.204055064e+01 +4.816000000e+01 +3.5438e-01 -7.8462e-01 +3.4670e+00
4142 +2.403457776e+00 +2.403457776e+00 +5.056345778e+01 +4.816000000e+01 +2.9168e-01 -7.3093e-01 +3.4670e+00
5792 +1.515791903e+00 +1.515791903e+00 +4.967579190e+01 +4.816000000e+01 +1.2561e+00 -7.4431e-01 +3.1861e+00
6690 +5.047668124e-01 +5.047668124e-01 +4.866476681e+01 +4.816000000e+01 +1.2561e+00 -7.4431e-01 +3.4870e+00
8988 +2.214291467e-01 +2.214291467e-01 +4.838142915e+01 +4.816000000e+01 +1.2725e+00 -7.4584e-01 +3.4870e+00
19924 +7.741608634e-02 +7.741608634e-02 +4.823741609e+01 +4.816000000e+01 +1.2880e+00 -7.5240e-01 +3.4870e+00
21113 +4.489933394e-02 +4.489933394e-02 +4.820489933e+01 +4.816000000e+01 +1.2880e+00 -7.5240e-01 +3.4889e+00
33224 +1.291774012e-02 +1.291774012e-02 +4.817291774e+01 +4.816000000e+01 +1.2990e+00 -7.5240e-01 +3.4889e+00
89840 +7.275120066e-03 +7.275120066e-03 +4.816727512e+01 +4.816000000e+01 +1.3008e+00 -7.5097e-01 +3.4892e+00
118651 +3.969485769e-03 +3.969485769e-03 +4.816396949e+01 +4.816000000e+01 +1.3008e+00 -7.5068e-01 +3.4898e+00
122796 +5.136531721e-04 +5.136531721e-04 +4.816051365e+01 +4.816000000e+01 +1.3008e+00 -7.5097e-01 +3.4908e+00
159777 +2.870698322e-04 +2.870698322e-04 +4.816028707e+01 +4.816000000e+01 +1.3008e+00 -7.5038e-01 +3.4908e+00
178370 +4.964489616e-05 +4.964489616e-05 +4.816004964e+01 +4.816000000e+01 +1.3008e+00 -7.5038e-01 +3.4910e+00
% function evaluation | noise-free fitness - Fopt (8.384000000000e+01) | best noise-free fitness - Fopt | measured fitness | best measured fitness | x1 | x2...
1 +8.708777655e+01 +8.708777655e+01 +1.709277766e+02 +8.384000000e+01 +2.1028e+00 +2.9680e+00 -1.1956e+00
188 +1.533065320e+01 +1.533065320e+01 +9.917065320e+01 +8.384000000e+01 +1.5391e+00 +4.0179e+00 +8.0936e-01
365 +7.218369082e+00 +7.218369082e+00 +9.105836908e+01 +8.384000000e+01 +1.6239e+00 +4.0179e+00 +1.3621e+00
2000 +4.364550238e+00 +4.364550238e+00 +8.820455024e+01 +8.384000000e+01 +1.6462e+00 +4.0179e+00 +1.0805e+00
3420 +3.531022755e+00 +3.531022755e+00 +8.737102275e+01 +8.384000000e+01 +1.6462e+00 +4.0179e+00 +1.1245e+00
6218 +1.192729281e+00 +1.192729281e+00 +8.503272928e+01 +8.384000000e+01 +6.5269e-01 +3.5118e+00 +1.4108e+00
16275 +7.147852870e-01 +7.147852870e-01 +8.455478529e+01 +8.384000000e+01 +1.6035e+00 +3.5037e+00 +1.4108e+00
16363 +1.683168214e-01 +1.683168214e-01 +8.400831682e+01 +8.384000000e+01 +1.6405e+00 +3.5037e+00 +1.4108e+00
17331 +7.210026682e-02 +7.210026682e-02 +8.391210027e+01 +8.384000000e+01 +1.6556e+00 +3.5037e+00 +1.4108e+00
23603 +6.215738092e-02 +6.215738092e-02 +8.390215738e+01 +8.384000000e+01 +1.6610e+00 +3.5028e+00 +1.4108e+00
52140 +2.073302592e-02 +2.073302592e-02 +8.386073303e+01 +8.384000000e+01 +1.6610e+00 +3.5028e+00 +1.4130e+00
99846 +7.775692557e-03 +7.775692557e-03 +8.384777569e+01 +8.384000000e+01 +1.6623e+00 +3.5033e+00 +1.4140e+00
102246 +1.652542982e-03 +1.652542982e-03 +8.384165254e+01 +8.384000000e+01 +1.6618e+00 +3.5033e+00 +1.4154e+00
115049 +1.313793823e-03 +1.313793823e-03 +8.384131379e+01 +8.384000000e+01 +1.6623e+00 +3.5033e+00 +1.4154e+00
133448 +7.382289694e-04 +7.382289694e-04 +8.384073823e+01 +8.384000000e+01 +1.6639e+00 +3.5033e+00 +1.4154e+00
198925 +5.722577576e-05 +5.722577576e-05 +8.384005723e+01 +8.384000000e+01 +1.6639e+00 +3.5033e+00 +1.4158e+00
% function evaluation | noise-free fitness - Fopt (1.536000000000e+01) | best noise-free fitness - Fopt | measured fitness | best measured fitness | x1 | x2...
1 +9.989489050e+02 +9.989489050e+02 +1.014308905e+03 +1.536000000e+01 +4.0832e+00 -2.2199e+00 -2.7536e+00
182 +1.624169647e+01 +1.624169647e+01 +3.160169647e+01 +1.536000000e+01 +1.9621e+00 +2.3033e+00 +3.0999e+00
266 +1.430764437e+01 +1.430764437e+01 +2.966764437e+01 +1.536000000e+01 -2.4366e-01 +1.5534e+00 +2.4231e+00
351 +9.886306442e+00 +9.886306442e+00 +2.524630644e+01 +1.536000000e+01 +1.9621e+00 +1.5534e+00 +3.0999e+00
524 +6.011739388e+00 +6.011739388e+00 +2.137173939e+01 +1.536000000e+01 +1.9621e+00 +1.6597e+00 +3.0999e+00
12214 +3.181824923e+00 +3.181824923e+00 +1.854182492e+01 +1.536000000e+01 +7.0057e-01 +1.6518e+00 +3.0657e+00
13168 +1.910898651e+00 +1.910898651e+00 +1.727089865e+01 +1.536000000e+01 +8.1933e-01 +1.6518e+00 +3.0657e+00
16672 +1.330319478e+00 +1.330319478e+00 +1.669031948e+01 +1.536000000e+01 +7.5013e-01 +1.6323e+00 +3.0657e+00
29413 +3.526199601e-01 +3.526199601e-01 +1.571261996e+01 +1.536000000e+01 +1.7331e+00 +1.6428e+00 +3.0657e+00
29556 +1.177944456e-01 +1.177944456e-01 +1.547779445e+01 +1.536000000e+01 +1.7516e+00 +1.6428e+00 +3.0657e+00
29655 +5.348163266e-02 +5.348163266e-02 +1.541348163e+01 +1.536000000e+01 +1.7699e+00 +1.6428e+00 +3.0657e+00
59844 +9.806188216e-03 +9.806188216e-03 +1.536980619e+01 +1.536000000e+01 +1.7699e+00 +1.6428e+00 +3.0682e+00
82450 +5.783957810e-03 +5.783957810e-03 +1.536578396e+01 +1.536000000e+01 +1.7694e+00 +1.6429e+00 +3.0706e+00
108230 +7.824311757e-04 +7.824311757e-04 +1.536078243e+01 +1.536000000e+01 +1.7694e+00 +1.6429e+00 +3.0698e+00
