% function evaluation | noise-free fitness - Fopt (-4.620900000000e+02) | best noise-free fitness - Fopt | measured fitness | best measured fitness | x1 | x2...
1 +3.710940068e+03 +3.710940068e+03 +3.248850068e+03 -4.620900000e+02 +4.6417e+00 +1.7575e+00 +3.3844e+00 +7.0090e-01 +4.9927e+00 -2.5022e+00 +3.5448e-01 -2.8432e+00 -4.8730e+00 +1.4265e+00
366 +1.806522415e+02 +1.806522415e+02 -2.814377585e+02 -4.620900000e+02 +2.0689e-01 +4.6860e+00 -7.8653e-01 -6.7142e-01 +1.4053e+00 -8.9036e-01 +1.9420e+00 +5.2893e-01 +4.4715e-01 +3.4262e-01
544 +1.367165645e+02 +1.367165645e+02 -3.253734355e+02 -4.620900000e+02 +2.0689e-01 +4.6860e+00 -7.8653e-01 -6.7142e-01 +1.5945e+00 +3.8381e+00 +8.8687e-01 +5.2893e-01 +4.4715e-01 +3.4262e-01
710 +8.508241644e+01 +8.508241644e+01 -3.770075836e+02 -4.620900000e+02 +2.0689e-01 +4.6860e+00 +2.2235e+00 +1.8470e+00 +1.5945e+00 +3.8381e+00 +1.9420e+00 +3.0870e+00 +1.1918e+00 +3.4262e-01
1389 +5.943646850e+01 +5.943646850e+01 -4.026535315e+02 -4.620900000e+02 +2.0689e-01 +4.6860e+00 +2.2235e+00 +1.8470e+00 +1.5945e+00 +3.8381e+00 +2.0466e+00 +2.8971e+00 +1.7976e+00 +3.4262e-01
1901 +3.979403969e+01 +3.979403969e+01 -4.222959603e+02 -4.620900000e+02 +2.0689e-01 +4.6860e+00 +2.2235e+00 +1.3999e+00 +1.5945e+00 +3.8381e+00 +2.0831e+00 +3.0021e+00 +1.7976e+00 +3.4262e-01
3901 +2.439077281e+01 +2.439077281e+01 -4.376992272e+02 -4.620900000e+02 +1.3264e+00 +4.0986e+00 +2.2235e+00 +7.4046e-01 +2.2528e+00 +3.8381e+00 +2.0831e+00 +3.0173e+00 +1.7976e+00 +3.6505e-01
12420 +1.447248561e+01 +1.447248561e+01 -4.476175144e+02 -4.620900000e+02 +1.3935e+00 +2.2899e+00 +1.4180e+00 +7.7596e-01 +2.2908e+00 +2.7163e+00 +2.5119e+00 +3.0377e+00 +1.7390e+00 +5.6464e-02
14417 +9.827700077e+00 +9.827700077e+00 -4.522622999e+02 -4.620900000e+02 +1.3935e+00 +2.2899e+00 +1.4180e+00 +7.0293e-01 +2.2908e+00 +1.6372e+00 +2.5362e+00 +3.0377e+00 +1.7509e+00 +5.6464e-02
15216 +6.308434956e+00 +6.308434956e+00 -4.557815650e+02 -4.620900000e+02 +2.4338e+00 +2.2899e+00 +1.4012e+00 +7.0293e-01 +2.2908e+00 +1.6372e+00 +2.5334e+00 +3.0377e+00 +1.7719e+00 +5.6464e-02
26591 +3.796071104e+00 +3.796071104e+00 -4.582939289e+02 -4.620900000e+02 +2.2923e+00 +2.3132e+00 +2.1928e+00 +7.4810e-01 +1.6350e+00 +2.1873e+00 +2.0832e+00 +2.5805e+00 +1.7959e+00 +6.8814e-02
37591 +1.390562249e+00 +1.390562249e+00 -4.606994378e+02 -4.620900000e+02 +2.3204e+00 +2.3291e+00 +2.1919e+00 +7.1499e-01 +2.2768e+00 +2.1772e+00 +2.5348e+00 +2.6180e+00 +1.8004e+00 +5.8315e-02
38341 +9.062910105e-01 +9.062910105e-01 -4.611837090e+02 -4.620900000e+02 +2.3204e+00 +2.3291e+00 +2.1919e+00 +7.1499e-01 +2.2894e+00 +2.1772e+00 +2.5348e+00 +2.6103e+00 +1.8004e+00 +5.8315e-02
46077 +4.686154976e-01 +4.686154976e-01 -4.616213845e+02 -4.620900000e+02 +2.3241e+00 +2.3226e+00 +2.2097e+00 +7.4046e-01 +2.2992e+00 +2.1844e+00 +2.5377e+00 +2.6008e+00 +1.7976e+00 +5.6171e-02
47300 +3.282765086e-01 +3.282765086e-01 -4.617617235e+02 -4.620900000e+02 +2.3241e+00 +2.2977e+00 +2.2097e+00 +7.4046e-01 +2.2992e+00 +2.1844e+00 +2.5377e+00 +2.6008e+00 +1.7976e+00 +5.6171e-02
74864 +2.380797682e-01 +2.380797682e-01 -4.618519202e+02 -4.620900000e+02 +2.3249e+00 +2.2950e+00 +2.2121e+00 +7.2435e-01 +2.2981e+00 +2.1772e+00 +2.5461e+00 +2.5868e+00 +1.8004e+00 +5.8315e-02
89998 +1.507580509e-01 +1.507580509e-01 -4.619392419e+02 -4.620900000e+02 +2.3269e+00 +2.2927e+00 +2.2110e+00 +7.4046e-01 +2.2992e+00 +2.1772e+00 +2.5450e+00 +2.5959e+00 +1.8004e+00 +5.6171e-02
92902 +8.757743902e-02 +8.757743902e-02 -4.620024226e+02 -4.620900000e+02 +2.3303e+00 +2.2939e+00 +2.2110e+00 +7.3667e-01 +2.2992e+00 +2.1741e+00 +2.5450e+00 +2.5971e+00 +1.8004e+00 +5.6171e-02
93870 +5.695184711e-02 +5.695184711e-02 -4.620330482e+02 -4.620900000e+02 +2.3303e+00 +2.2939e+00 +2.2110e+00 +7.2521e-01 +2.2992e+00 +2.1741e+00 +2.5450e+00 +2.5971e+00 +1.8004e+00 +5.6171e-02
106649 +3.449658547e-02 +3.449658547e-02 -4.620555034e+02 -4.620900000e+02 +2.3396e+00 +2.2950e+00 +2.2121e+00 +7.2435e-01 +2.2981e+00 +2.1772e+00 +2.5461e+00 +2.5970e+00 +1.8004e+00 +5.8315e-02
109005 +2.459073007e-02 +2.459073007e-02 -4.620654093e+02 -4.620900000e+02 +2.3396e+00 +2.2983e+00 +2.2121e+00 +7.2435e-01 +2.2981e+00 +2.1751e+00 +2.5461e+00 +2.5970e+00 +1.8004e+00 +5.8315e-02
113922 +1.308759380e-02 +1.308759380e-02 -4.620769124e+02 -4.620900000e+02 +2.3396e+00 +2.2983e+00 +2.2121e+00 +7.3109e-01 +2.2981e+00 +2.1751e+00 +2.5461e+00 +2.5995e+00 +1.8034e+00 +5.8315e-02
160261 +9.134681324e-03 +9.134681324e-03 -4.620808653e+02 -4.620900000e+02 +2.3396e+00 +2.2985e+00 +2.2121e+00 +7.2918e-01 +2.2992e+00 +2.1751e+00 +2.5461e+00 +2.5974e+00 +1.8034e+00 +5.8315e-02
207679 +5.928521511e-03 +5.928521511e-03 -4.620840715e+02 -4.620900000e+02 +2.3408e+00 +2.2996e+00 +2.2121e+00 +7.2777e-01 +2.2992e+00 +2.1751e+00 +2.5461e+00 +2.5974e+00 +1.8020e+00 +5.8315e-02
214112 +3.929742680e-03 +3.929742680e-03 -4.620860703e+02 -4.620900000e+02 +2.3408e+00 +2.2996e+00 +2.2123e+00 +7.2777e-01 +2.2992e+00 +2.1751e+00 +2.5461e+00 +2.5985e+00 +1.8020e+00 +5.7885e-02
254047 +1.980257249e-03 +1.980257249e-03 -4.620880197e+02 -4.620900000e+02 +2.3408e+00 +2.2996e+00 +2.2123e+00 +7.2777e-01 +2.2992e+00 +2.1751e+00 +2.5461e+00 +2.5985e+00 +1.8030e+00 +5.7885e-02
263805 +1.173480561e-03 +1.173480561e-03 -4.620888265e+02 -4.620900000e+02 +2.3408e+00 +2.2996e+00 +2.2123e+00 +7.2777e-01 +2.2992e+00 +2.1751e+00 +2.5468e+00 +2.5985e+00 +1.8030e+00 +5.7885e-02
304551 +6.798146695e-04 +6.798146695e-04 -4.620893202e+02 -4.620900000e+02 +2.3408e+00 +2.3000e+00 +2.2137e+00 +7.2777e-01 +2.2992e+00 +2.1751e+00 +2.5468e+00 +2.5985e+00 +1.8030e+00 +5.7885e-02
445086 +5.646464899e-04 +5.646464899e-04 -4.620894354e+02 -4.620900000e+02 +2.3408e+00 +2.3000e+00 +2.2131e+00 +7.2777e-01 +2.2992e+00 +2.1751e+00 +2.5468e+00 +2.5985e+00 +1.8032e+00 +5.7885e-02
618898 +3.878866558e-04 +3.878866558e-04 -4.620896121e+02 -4.620900000e+02 +2.3408e+00 +2.3000e+00 +2.2131e+00 +7.2777e-01 +2.2992e+00 +2.1752e+00 +2.5470e+00 +2.5985e+00 +1.8032e+00 +5.7885e-02
665230 +2.364427714e-04 +2.364427714e-04 -4.620897636e+02 -4.620900000e+02 +2.3408e+00 +2.3000e+00 +2.2131e+00 +7.2800e-01 +2.2989e+00 +2.1752e+00 +2.5470e+00 +2.5985e+00 +1.8032e+00 +5.7418e-02
740028 +1.258722071e-04 +1.258722071e-04 -4.620898741e+02 -4.620900000e+02 +2.3408e+00 +2.3000e+00 +2.2135e+00 +7.2800e-01 +2.2990e+00 +2.1752e+00 +2.5470e+00 +2.5985e+00 +1.8032e+00 +5.7418e-02
816349 +9.721585513e-05 +9.721585513e-05 -4.620899028e+02 -4.620900000e+02 +2.3408e+00 +2.3000e+00 +2.2135e+00 +7.2800e-01 +2.2991e+00 +2.1752e+00 +2.5470e+00 +2.5983e+00 +1.8032e+00 +5.7418e-02
832721 +5.160416015e-05 +5.160416015e-05 -4.620899484e+02 -4.620900000e+02 +2.3408e+00 +2.3000e+00 +2.2135e+00 +7.2800e-01 +2.2991e+00 +2.1752e+00 +2.5470e+00 +2.5983e+00 +1.8032e+00 +5.7685e-02
% function evaluation | noise-free fitness - Fopt (7.766000000000e+01) | best noise-free fitness - Fopt | measured fitness | best measured fitness | x1 | x2...
1 +1.048068016e+04 +1.048068016e+04 +1.055834016e+04 +7.766000000e+01 +4.3169e+00 -3.6164e+00 -3.1070e+00 -3.1500e+00 +3.3388e+00 -4.1065e+00 -1.1216e-01 +4.8132e+00 +3.7172e+00 +6.6739e-01
384 +2.177969396e+02 +2.177969396e+02 +2.954569396e+02 +7.766000000e+01 +2.2571e+00 +4.6294e+00 -1.4371e+00 +2.7469e+00 +1.8952e+00 -9.7029e-01 +6.2235e-02 +4.0598e+00 -8.5673e-01 -4.1555e+00
744 +1.287871237e+02 +1.287871237e+02 +2.064471237e+02 +7.766000000e+01 +2.2571e+00 +4.6294e+00 -1.4371e+00 +2.7469e+00 +1.8952e+00 -4.5596e-02 +6.2235e-02 -1.4741e+00 -8.5673e-01 -4.1555e+00
1267 +8.768042639e+01 +8.768042639e+01 +1.653404264e+02 +7.766000000e+01 +1.5799e+00 -2.5014e+00 -6.1611e-01 +2.7469e+00 +1.8952e+00 -9.7029e-01 +6.2235e-02 -1.4741e+00 -1.8099e-01 -3.5151e+00
1806 +5.236696386e+01 +5.236696386e+01 +1.300269639e+02 +7.766000000e+01 +1.5799e+00 -2.5014e+00 +4.5055e-02 +2.7469e+00 +1.8952e+00 -4.5596e-02 +6.2235e-02 +4.8145e-01 -1.8099e-01 -3.5151e+00
2170 +3.851716305e+01 +3.851716305e+01 +1.161771631e+02 +7.766000000e+01 +1.5799e+00 -2.5014e+00 -1.7403e-01 +4.6505e+00 +1.8952e+00 -4.5596e-02 +6.2235e-02 +4.8145e-01 -1.8099e-01 -3.5151e+00
3228 +2.405798768e+01 +2.405798768e+01 +1.017179877e+02 +7.766000000e+01 +1.4162e+00 -1.7412e+00 -1.7403e-01 +3.2682e+00 +1.8952e+00 -4.5596e-02 +5.1414e-01 +4.8145e-01 -1.8099e-01 -3.5151e+00
4119 +1.580568885e+01 +1.580568885e+01 +9.346568885e+01 +7.766000000e+01 +1.4162e+00 -1.7412e+00 +4.2545e-01 +2.6043e+00 +1.8952e+00 -4.5596e-02 +5.3177e-01 +1.4233e-01 +1.6567e-01 -3.5151e+00
5008 +9.695891320e+00 +9.695891320e+00 +8.735589132e+01 +7.766000000e+01 +1.4043e+00 -1.7412e+00 +4.2545e-01 +2.6043e+00 +2.4670e+00 -5.3147e-01 +5.6295e-01 +1.4233e-01 +1.6567e-01 -3.5151e+00
5373 +6.093098750e+00 +6.093098750e+00 +8.375309875e+01 +7.766000000e+01 +1.4162e+00 -1.7412e+00 +1.2376e+00 +2.6043e+00 +2.4670e+00 -5.3147e-01 +5.6295e-01 +1.4233e-01 +1.6567e-01 -3.8542e+00
7187 +3.601967131e+00 +3.601967131e+00 +8.126196713e+01 +7.766000000e+01 +1.4162e+00 -1.7412e+00 +1.2376e+00 +3.3055e+00 +2.4451e+00 -5.3147e-01 +5.8993e-01 +9.9010e-02 +1.6567e-01 -3.8659e+00
43008 +2.492508749e+00 +2.492508749e+00 +8.015250875e+01 +7.766000000e+01 +1.3946e+00 -1.7826e+00 +1.2543e+00 +3.3249e+00 +2.4576e+00 -5.3147e-01 +5.8993e-01 +1.2686e-01 +1.6567e-01 -3.8615e+00
48311 +1.344408172e+00 +1.344408172e+00 +7.900440817e+01 +7.766000000e+01 +2.3821e+00 -1.7826e+00 +1.2543e+00 +3.3249e+00 +2.4576e+00 -5.4324e-01 +5.8993e-01 +1.1382e-01 +1.6749e-01 -3.8615e+00
82935 +6.600562823e-01 +6.600562823e-01 +7.832005628e+01 +7.766000000e+01 +2.3863e+00 -8.9620e-01 +1.2543e+00 +3.3234e+00 +2.4576e+00 -5.4324e-01 +5.8993e-01 +1.1382e-01 +1.6924e-01 -3.8615e+00
83104 +5.919836856e-01 +5.919836856e-01 +7.825198369e+01 +7.766000000e+01 +2.3863e+00 -8.9326e-01 +1.2543e+00 +3.3234e+00 +2.4576e+00 -5.4324e-01 +5.8993e-01 +1.1382e-01 +1.6924e-01 -3.8615e+00
85212 +1.862581539e-01 +1.862581539e-01 +7.784625815e+01 +7.766000000e+01 +2.3863e+00 -8.6137e-01 +1.2551e+00 +3.3234e+00 +2.4576e+00 -5.4324e-01 +5.8641e-01 +1.1382e-01 +1.6924e-01 -3.8615e+00
110712 +1.339800862e-01 +1.339800862e-01 +7.779398009e+01 +7.766000000e+01 +2.3994e+00 -8.4015e-01 +1.2688e+00 +3.3236e+00 +2.4602e+00 -5.3903e-01 +5.8993e-01 +1.1995e-01 +1.6801e-01 -3.8615e+00
117357 +9.875963753e-02 +9.875963753e-02 +7.775875964e+01 +7.766000000e+01 +2.3952e+00 -8.6137e-01 +1.2597e+00 +3.3234e+00 +2.4576e+00 -5.3804e-01 +5.8641e-01 +1.1382e-01 +1.6924e-01 -3.8615e+00
123402 +5.040501071e-02 +5.040501071e-02 +7.771040501e+01 +7.766000000e+01 +2.3986e+00 -8.6137e-01 +1.2668e+00 +3.3249e+00 +2.4597e+00 -5.3966e-01 +5.8993e-01 +1.1382e-01 +1.6920e-01 -3.8615e+00
126072 +3.590581954e-02 +3.590581954e-02 +7.769590582e+01 +7.766000000e+01 +2.3986e+00 -8.6137e-01 +1.2668e+00 +3.3234e+00 +2.4638e+00 -5.3966e-01 +5.8641e-01 +1.1382e-01 +1.6924e-01 -3.8615e+00
129977 +1.856805748e-02 +1.856805748e-02 +7.767856806e+01 +7.766000000e+01 +2.3986e+00 -8.5774e-01 +1.2668e+00 +3.3234e+00 +2.4638e+00 -5.3966e-01 +5.8876e-01 +1.1789e-01 +1.6924e-01 -3.8615e+00
130334 +1.195452041e-02 +1.195452041e-02 +7.767195452e+01 +7.766000000e+01 +2.3986e+00 -8.5774e-01 +1.2688e+00 +3.3234e+00 +2.4638e+00 -5.3966e-01 +5.8876e-01 +1.1789e-01 +1.6924e-01 -3.8615e+00
130506 +9.239429871e-03 +9.239429871e-03 +7.766923943e+01 +7.766000000e+01 +2.3986e+00 -8.5774e-01 +1.2688e+00 +3.3234e+00 +2.4638e+00 -5.3966e-01 +5.8876e-01 +1.1722e-01 +1.6924e-01 -3.8615e+00
180337 +5.219103271e-03 +5.219103271e-03 +7.766521910e+01 +7.766000000e+01 +2.3984e+00 -8.5774e-01 +1.2707e+00 +3.3234e+00 +2.4638e+00 -5.3966e-01 +5.8876e-01 +1.1722e-01 +1.6924e-01 -3.8615e+00
233921 +3.168458340e-03 +3.168458340e-03 +7.766316846e+01 +7.766000000e+01 +2.3984e+00 -8.5569e-01 +1.2707e+00 +3.3234e+00 +2.4638e+00 -5.3966e-01 +5.8876e-01 +1.1516e-01 +1.6924e-01 -3.8614e+00
245314 +1.736713040e-03 +1.736713040e-03 +7.766173671e+01 +7.766000000e+01 +2.3981e+00 -8.5557e-01 +1.2721e+00 +3.3234e+00 +2.4638e+00 -5.3966e-01 +5.8958e-01 +1.1581e-01 +1.6924e-01 -3.8614e+00
246472 +1.554561350e-03 +1.554561350e-03 +7.766155456e+01 +7.766000000e+01 +2.3981e+00 -8.5557e-01 +1.2721e+00 +3.3234e+00 +2.4638e+00 -5.3920e-01 +5.8958e-01 +1.1581e-01 +1.6924e-01 -3.8614e+00
450523 +9.804763126e-04 +9.804763126e-04 +7.766098048e+01 +7.766000000e+01 +2.3984e+00 -8.5569e-01 +1.2718e+00 +3.3234e+00 +2.4638e+00 -5.3920e-01 +5.8958e-01 +1.1593e-01 +1.6933e-01 -3.8614e+00
775566 +5.034785823e-04 +5.034785823e-04 +7.766050348e+01 +7.766000000e+01 +2.3984e+00 -8.5586e-01 +1.2718e+00 +3.3234e+00 +2.4638e+00 -5.3920e-01 +5.8958e-01 +1.1598e-01 +1.6933e-01 -3.8604e+00
782300 +1.491899857e-04 +1.491899857e-04 +7.766014919e+01 +7.766000000e+01 +2.3984e+00 -8.5586e-01 +1.2718e+00 +3.3234e+00 +2.4638e+00 -5.3920e-01 +5.8958e-01 +1.1598e-01 +1.6933e-01 -3.8608e+00
821658 +5.538053829e-05 +5.538053829e-05 +7.766005538e+01 +7.766000000e+01 +2.3984e+00 -8.5586e-01 +1.2718e+00 +3.3234e+00 +2.4638e+00 -5.3920e-01 +5.8958e-01 +1.1598e-01 +1.6961e-01 -3.8608e+00
% function evaluation | noise-free fitness - Fopt (1.156800000000e+02) | best noise-free fitness - Fopt | measured fitness | best measured fitness | x1 | x2...
1 +7.480422303e+02 +7.480422303e+02 +8.637222303e+02 +1.156800000e+02 -4.2919e-01 +2.9207e+00 -4.2532e+00 -2.6562e+00 +8.6037e-01 +1.8252e+00 +6.6973e-02 -6.6993e-01 +2.5046e+00 +3.0918e+00
387 +1.255491659e+02 +1.255491659e+02 +2.412291659e+02 +1.156800000e+02 +1.1210e+00 +3.6786e+00 -5.3222e-01 +3.6573e-01 +3.0902e+00 -2.4697e+00 +3.4011e+00 +1.8444e+00 +3.0920e+00 -2.2322e+00
752 +8.965671220e+01 +8.965671220e+01 +2.053367122e+02 +1.156800000e+02 +1.1210e+00 +9.8839e-01 -5.3222e-01 +3.6573e-01 +3.0902e+00 -2.4697e+00 +3.4011e+00 +1.8444e+00 +3.5796e+00 -2.2322e+00
1278 +5.050209379e+01 +5.050209379e+01 +1.661820938e+02 +1.156800000e+02 +1.1210e+00 +9.8839e-01 -5.3222e-01 +3.7132e+00 +2.9653e+00 -2.6943e+00 +3.4226e+00 +1.8444e+00 +3.5796e+00 -2.2322e+00
1632 +3.755743888e+01 +3.755743888e+01 +1.532374389e+02 +1.156800000e+02 +1.1210e+00 +9.8839e-01 -5.3222e-01 +3.7132e+00 +2.9653e+00 -3.7243e+00 +3.0546e+00 +1.8444e+00 +3.5796e+00 -2.2322e+00
2351 +2.178885825e+01 +2.178885825e+01 +1.374688582e+02 +1.156800000e+02 +1.2052e+00 +7.9105e-01 -5.3222e-01 +3.7757e+00 +2.9653e+00 -3.7243e+00 +3.0546e+00 +1.9471e+00 +3.5796e+00 -2.2322e+00
3264 +1.579339810e+01 +1.579339810e+01 +1.314733981e+02 +1.156800000e+02 +1.2052e+00 +7.9105e-01 -5.3222e-01 +3.7132e+00 +3.6048e+00 -3.2590e+00 +3.0546e+00 +1.9471e+00 +3.5796e+00 -1.9376e+00
4670 +9.587590603e+00 +9.587590603e+00 +1.252675906e+02 +1.156800000e+02 +2.1335e+00 +8.5266e-01 -5.6874e-01 +3.7132e+00 +3.6048e+00 -3.2590e+00 +3.5478e+00 +1.9471e+00 +3.5796e+00 -1.9376e+00
6802 +5.096544371e+00 +5.096544371e+00 +1.207765444e+02 +1.156800000e+02 +2.1423e+00 -9.5264e-01 -5.8927e-01 +3.7132e+00 +3.6048e+00 -3.2401e+00 +3.5478e+00 +1.9605e+00 +3.5796e+00 -1.9376e+00
7516 +3.780487691e+00 +3.780487691e+00 +1.194604877e+02 +1.156800000e+02 +2.1649e+00 -9.5264e-01 -5.8927e-01 +3.7132e+00 +3.6048e+00 -3.2401e+00 +3.5607e+00 +2.3649e+00 +3.5796e+00 -1.9376e+00
8236 +2.074693933e+00 +2.074693933e+00 +1.177546939e+02 +1.156800000e+02 +2.1649e+00 -9.5264e-01 -5.8927e-01 +3.1113e+00 +3.6048e+00 -3.2401e+00 +3.5607e+00 +2.3649e+00 +3.9177e+00 -1.9376e+00
16033 +1.473583473e+00 +1.473583473e+00 +1.171535835e+02 +1.156800000e+02 +2.1691e+00 -9.7409e-01 +2.4355e-01 +3.0979e+00 +2.9425e+00 -3.2379e+00 +3.5568e+00 +2.3633e+00 +3.9214e+00 -1.9411e+00
26841 +9.456959041e-01 +9.456959041e-01 +1.166256959e+02 +1.156800000e+02 +2.1647e+00 -9.8096e-01 +2.3469e-01 +3.1044e+00 +3.6056e+00 -3.2416e+00 +3.5626e+00 +2.3659e+00 +3.9216e+00 -1.9639e+00
28021 +6.263886283e-01 +6.263886283e-01 +1.163063886e+02 +1.156800000e+02 +2.1797e+00 -9.8096e-01 +2.3469e-01 +3.1044e+00 +3.6056e+00 -3.2416e+00 +3.5626e+00 +2.3578e+00 +3.9216e+00 -1.9596e+00
28605 +2.583933710e-01 +2.583933710e-01 +1.159383934e+02 +1.156800000e+02 +2.1797e+00 -9.8096e-01 +2.3469e-01 +3.1044e+00 +3.6056e+00 -3.2416e+00 +3.5614e+00 +2.3578e+00 +3.9216e+00 -1.9523e+00
42847 +2.052180191e-01 +2.052180191e-01 +1.158852180e+02 +1.156800000e+02 +2.1659e+00 -9.7933e-01 +2.4165e-01 +3.0759e+00 +3.6048e+00 -3.2401e+00 +3.5607e+00 +2.3599e+00 +3.9177e+00 -1.9518e+00
53171 +1.557985403e-01 +1.557985403e-01 +1.158357985e+02 +1.156800000e+02 +2.1649e+00 -9.7417e-01 +2.3948e-01 +3.0874e+00 +3.6048e+00 -3.2429e+00 +3.5607e+00 +2.3599e+00 +3.9245e+00 -1.9568e+00
70104 +9.419480477e-02 +9.419480477e-02 +1.157741948e+02 +1.156800000e+02 +2.1678e+00 -9.8096e-01 +2.3840e-01 +3.0879e+00 +3.6023e+00 -3.2416e+00 +3.5614e+00 +2.3551e+00 +3.9216e+00 -1.9507e+00
74786 +6.051740655e-02 +6.051740655e-02 +1.157405174e+02 +1.156800000e+02 +2.1793e+00 -9.8096e-01 +2.3840e-01 +3.0879e+00 +3.6023e+00 -3.2416e+00 +3.5580e+00 +2.3551e+00 +3.9216e+00 -1.9507e+00
111614 +3.255478892e-02 +3.255478892e-02 +1.157125548e+02 +1.156800000e+02 +2.1781e+00 -9.7933e-01 +2.4165e-01 +3.0879e+00 +3.6048e+00 -3.2401e+00 +3.5607e+00 +2.3551e+00 +3.9216e+00 -1.9518e+00
123279 +2.415666750e-02 +2.415666750e-02 +1.157041567e+02 +1.156800000e+02 +2.1781e+00 -9.8330e-01 +2.4165e-01 +3.0879e+00 +3.6048e+00 -3.2416e+00 +3.5607e+00 +2.3551e+00 +3.9216e+00 -1.9507e+00
184357 +1.192382936e-02 +1.192382936e-02 +1.156919238e+02 +1.156800000e+02 +2.1757e+00 -9.8311e-01 +2.4353e-01 +3.0880e+00 +3.6023e+00 -3.2416e+00 +3.5588e+00 +2.3556e+00 +3.9240e+00 -1.9507e+00
186904 +7.762912795e-03 +7.762912795e-03 +1.156877629e+02 +1.156800000e+02 +2.1781e+00 -9.8101e-01 +2.4216e-01 +3.0879e+00 +3.6048e+00 -3.2446e+00 +3.5607e+00 +2.3551e+00 +3.9240e+00 -1.9507e+00
187284 +6.275289888e-03 +6.275289888e-03 +1.156862753e+02 +1.156800000e+02 +2.1781e+00 -9.8311e-01 +2.4216e-01 +3.0879e+00 +3.6048e+00 -3.2446e+00 +3.5607e+00 +2.3551e+00 +3.9240e+00 -1.9507e+00
255145 +3.095307914e-03 +3.095307914e-03 +1.156830953e+02 +1.156800000e+02 +2.1781e+00 -9.8330e-01 +2.4483e-01 +3.0880e+00 +3.6048e+00 -3.2416e+00 +3.5607e+00 +2.3556e+00 +3.9242e+00 -1.9507e+00
305748 +1.879450079e-03 +1.879450079e-03 +1.156818795e+02 +1.156800000e+02 +2.1781e+00 -9.8330e-01 +2.4488e-01 +3.0880e+00 +3.6048e+00 -3.2434e+00 +3.5607e+00 +2.3556e+00 +3.9242e+00 -1.9507e+00
325816 +1.560109300e-03 +1.560109300e-03 +1.156815601e+02 +1.156800000e+02 +2.1781e+00 -9.8330e-01 +2.4483e-01 +3.0880e+00 +3.6048e+00 -3.2424e+00 +3.5607e+00 +2.3557e+00 +3.9245e+00 -1.9507e+00
393003 +9.528925220e-04 +9.528925220e-04 +1.156809529e+02 +1.156800000e+02 +2.1781e+00 -9.8330e-01 +2.4483e-01 +3.0885e+00 +3.6048e+00 -3.2434e+00 +3.5607e+00 +2.3557e+00 +3.9245e+00 -1.9507e+00
665077 +1.640772296e-04 +1.640772296e-04 +1.156801641e+02 +1.156800000e+02 +2.1781e+00 -9.8330e-01 +2.4461e-01 +3.0885e+00 +3.6048e+00 -3.2431e+00 +3.5607e+00 +2.3557e+00 +3.9247e+00 -1.9513e+00
708360 +1.355692833e-04 +1.355692833e-04 +1.156801356e+02 +1.156800000e+02 +2.1781e+00 -9.8330e-01 +2.4462e-01 +3.0888e+00 +3.6048e+00 -3.2431e+00 +3.5607e+00 +2.3557e+00 +3.9247e+00 -1.9513e+00
% function evaluation | noise-free fitness - Fopt (-3.710000000000e+00) | best noise-free fitness - Fopt | measured fitness | best measured fitness | x1 | x2...
1 +1.144861739e+04 +1.144861739e+04 +1.144490739e+04 -3.710000000e+00 -4.3112e+00 -3.7674e-01 -3.4214e+00 +2.5936e+00 -2.8457e+00 +3.2244e+00 +3.8959e+00 -3.1302e+00 +4.6635e+00 -2.6422e+00
399 +2.375136689e+02 +2.375136689e+02 +2.338036689e+02 -3.710000000e+00 +2.9141e+00 +3.4031e+00 -4.0508e+00 +2.6118e+00 +1.6528e+00 +4.2435e+00 -3.6413e-01 +6.8480e-01 +2.2639e+00 +1.8281e+00
597 +1.410359467e+02 +1.410359467e+02 +1.373259467e+02 -3.710000000e+00 +3.1683e+00 -1.3426e+00 +1.0257e-01 +2.6118e+00 +1.6528e+00 +3.9475e+00 -4.9332e-01 -2.7186e+00 +2.2639e+00 +1.8281e+00
989 +9.794092624e+01 +9.794092624e+01 +9.423092624e+01 -3.710000000e+00 +3.1683e+00 -1.3426e+00 +1.0257e-01 +3.2202e+00 +2.3762e+00 +3.9475e+00 -2.8372e-01 -2.7186e+00 +1.9968e+00 +1.2309e+00
1579 +5.032891250e+01 +5.032891250e+01 +4.661891250e+01 -3.710000000e+00 +2.9383e+00 -1.3426e+00 -4.4648e-01 +3.2202e+00 +2.3762e+00 +3.6997e+00 -7.3239e-01 -1.1141e+00 +1.9968e+00 +1.2309e+00
1976 +3.667804910e+01 +3.667804910e+01 +3.296804910e+01 -3.710000000e+00 +2.1266e+00 -1.3426e+00 +1.0257e-01 +3.2202e+00 +3.1103e+00 +3.6908e+00 -2.8372e-01 -1.1141e+00 +1.9968e+00 +1.2309e+00
2372 +2.218806822e+01 +2.218806822e+01 +1.847806822e+01 -3.710000000e+00 +3.0906e+00 -1.3426e+00 +3.1008e-01 +3.2202e+00 +3.1103e+00 +3.6908e+00 -2.8372e-01 -1.1141e+00 +1.9968e+00 +1.2309e+00
3150 +1.485968473e+01 +1.485968473e+01 +1.114968473e+01 -3.710000000e+00 +3.0906e+00 -1.3426e+00 +9.8700e-01 +3.2202e+00 +3.1103e+00 +3.6908e+00 -2.8372e-01 -1.1141e+00 +1.9968e+00 +1.0088e+00
3937 +9.386308338e+00 +9.386308338e+00 +5.676308338e+00 -3.710000000e+00 +3.0906e+00 -2.3128e+00 +9.8700e-01 +3.2202e+00 +3.1103e+00 +3.6908e+00 -2.8372e-01 -1.5767e+00 +1.9968e+00 +9.7498e-01
4932 +6.278784984e+00 +6.278784984e+00 +2.568784984e+00 -3.710000000e+00 +3.1091e+00 -2.3128e+00 +9.8700e-01 +3.8533e+00 +3.1521e+00 +3.6908e+00 -2.8372e-01 -1.9888e+00 +1.9968e+00 +9.7498e-01
7486 +3.947072155e+00 +3.947072155e+00 +2.370721553e-01 -3.710000000e+00 +3.1091e+00 -2.2929e+00 +1.7222e+00 +3.9120e+00 +3.1521e+00 +3.6905e+00 -2.8372e-01 -1.9888e+00 +2.3737e+00 +6.8862e-01
8867 +1.945538332e+00 +1.945538332e+00 -1.764461668e+00 -3.710000000e+00 +3.1091e+00 -2.2929e+00 +1.7784e+00 +3.9120e+00 +3.1521e+00 +3.6905e+00 -2.8372e-01 -1.9888e+00 +2.3274e+00 +6.8862e-01
9061 +1.089404977e+00 +1.089404977e+00 -2.620595023e+00 -3.710000000e+00 +3.1091e+00 -2.2929e+00 +1.7784e+00 +3.9120e+00 +3.1521e+00 +3.6905e+00 +1.4353e-01 -1.9888e+00 +2.3274e+00 +6.8862e-01
9453 +8.999339488e-01 +8.999339488e-01 -2.810066051e+00 -3.710000000e+00 +3.1091e+00 -2.2929e+00 +1.7784e+00 +3.9120e+00 +3.1521e+00 +3.6790e+00 +1.4353e-01 -1.9888e+00 +2.3274e+00 +6.8862e-01
41016 +3.993664424e-01 +3.993664424e-01 -3.310633558e+00 -3.710000000e+00 +3.1091e+00 -2.2929e+00 +1.7784e+00 +3.9120e+00 +3.1521e+00 +3.6790e+00 +1.4353e-01 -1.9888e+00 +2.3274e+00 +6.7388e-01
47842 +3.214140761e-01 +3.214140761e-01 -3.388585924e+00 -3.710000000e+00 +3.1091e+00 -2.2929e+00 +1.7784e+00 +3.9120e+00 +3.1521e+00 +3.6652e+00 +1.4353e-01 -1.9888e+00 +2.3351e+00 +6.7418e-01
71196 +1.922849110e-01 +1.922849110e-01 -3.517715089e+00 -3.710000000e+00 +3.1091e+00 -2.2929e+00 +1.7784e+00 +3.9120e+00 +3.1521e+00 +3.6761e+00 +1.5084e-01 -1.9888e+00 +2.3274e+00 +6.7159e-01
71989 +1.452644771e-01 +1.452644771e-01 -3.564735523e+00 -3.710000000e+00 +3.1091e+00 -2.2929e+00 +1.7784e+00 +3.9120e+00 +3.1521e+00 +3.6761e+00 +1.5084e-01 -1.9888e+00 +2.3310e+00 +6.7159e-01
83740 +8.476625594e-02 +8.476625594e-02 -3.625233744e+00 -3.710000000e+00 +3.1097e+00 -2.2929e+00 +1.7784e+00 +3.9109e+00 +3.1521e+00 +3.6790e+00 +1.5738e-01 -1.9888e+00 +2.3343e+00 +6.7388e-01
84340 +4.437361027e-02 +4.437361027e-02 -3.665626390e+00 -3.710000000e+00 +3.1202e+00 -2.2929e+00 +1.7784e+00 +3.9109e+00 +3.1521e+00 +3.6757e+00 +1.5738e-01 -1.9888e+00 +2.3343e+00 +6.7388e-01
114346 +3.396728825e-02 +3.396728825e-02 -3.676032712e+00 -3.710000000e+00 +3.1202e+00 -2.2929e+00 +1.7784e+00 +3.9109e+00 +3.1521e+00 +3.6723e+00 +1.5738e-01 -1.9888e+00 +2.3343e+00 +6.7388e-01
121309 +1.938376896e-02 +1.938376896e-02 -3.690616231e+00 -3.710000000e+00 +3.1202e+00 -2.2929e+00 +1.7809e+00 +3.9109e+00 +3.1521e+00 +3.6723e+00 +1.5738e-01 -1.9888e+00 +2.3343e+00 +6.7166e-01
161689 +1.366225491e-02 +1.366225491e-02 -3.696337745e+00 -3.710000000e+00 +3.1183e+00 -2.2930e+00 +1.7817e+00 +3.9109e+00 +3.1521e+00 +3.6723e+00 +1.5738e-01 -1.9921e+00 +2.3351e+00 +6.7388e-01
161881 +6.828733790e-03 +6.828733790e-03 -3.703171266e+00 -3.710000000e+00 +3.1202e+00 -2.2930e+00 +1.7817e+00 +3.9109e+00 +3.1521e+00 +3.6723e+00 +1.5738e-01 -1.9921e+00 +2.3351e+00 +6.7166e-01
165744 +4.962726150e-03 +4.962726150e-03 -3.705037274e+00 -3.710000000e+00 +3.1183e+00 -2.2945e+00 +1.7817e+00 +3.9109e+00 +3.1521e+00 +3.6723e+00 +1.5738e-01 -1.9921e+00 +2.3351e+00 +6.7166e-01
220395 +1.359033523e-03 +1.359033523e-03 -3.708640966e+00 -3.710000000e+00 +3.1183e+00 -2.2945e+00 +1.7832e+00 +3.9109e+00 +3.1521e+00 +3.6718e+00 +1.5910e-01 -1.9921e+00 +2.3351e+00 +6.7166e-01
322815 +8.219864467e-04 +8.219864467e-04 -3.709178014e+00 -3.710000000e+00 +3.1184e+00 -2.2954e+00 +1.7832e+00 +3.9108e+00 +3.1525e+00 +3.6718e+00 +1.5910e-01 -1.9921e+00 +2.3351e+00 +6.7175e-01
330537 +5.685493395e-04 +5.685493395e-04 -3.709431451e+00 -3.710000000e+00 +3.1192e+00 -2.2954e+00 +1.7832e+00 +3.9105e+00 +3.1521e+00 +3.6718e+00 +1.5910e-01 -1.9921e+00 +2.3351e+00 +6.7175e-01
380181 +3.927128082e-04 +3.927128082e-04 -3.709607287e+00 -3.710000000e+00 +3.1193e+00 -2.2954e+00 +1.7832e+00 +3.9108e+00 +3.1525e+00 +3.6718e+00 +1.5910e-01 -1.9921e+00 +2.3351e+00 +6.7175e-01
461809 +2.312832418e-04 +2.312832418e-04 -3.709768717e+00 -3.710000000e+00 +3.1193e+00 -2.2954e+00 +1.7832e+00 +3.9105e+00 +3.1525e+00 +3.6718e+00 +1.5910e-01 -1.9921e+00 +2.3351e+00 +6.7195e-01
507115 +1.413085288e-04 +1.413085288e-04 -3.709858691e+00 -3.710000000e+00 +3.1198e+00 -2.2954e+00 +1.7832e+00 +3.9105e+00 +3.1525e+00 +3.6718e+00 +1.5910e-01 -1.9921e+00 +2.3351e+00 +6.7195e-01
615703 +6.601590398e-05 +6.601590398e-05 -3.709933984e+00 -3.710000000e+00 +3.1198e+00 -2.2952e+00 +1.7832e+00 +3.9105e+00 +3.1527e+00 +3.6718e+00 +1.5910e-01 -1.9920e+00 +2.3351e+00 +6.7202e-01
751564 +6.195003435e-05 +6.195003435e-05 -3.709938050e+00 -3.710000000e+00 +3.1198e+00 -2.2952e+00 +1.7832e+00 +3.9105e+00 +3.1528e+00 +3.6718e+00 +1.5910e-01 -1.9920e+00 +2.3351e+00 +6.7202e-01
% function evaluation | noise-free fitness - Fopt (1.321800000000e+02) | best noise-free fitness - Fopt | measured fitness | best measured fitness | x1 | x2...
1 +1.137111325e+04 +1.137111325e+04 +1.150329325e+04 +1.321800000e+02 -1.7487e+00 -2.8221e-01 -3.2361e+00 -1.8230e+00 -1.7267e+00 +3.8581e+00 +4.4971e+00 +4.6424e+00 +4.3101e+00 -1.0885e+00
398 +2.162072308e+02 +2.162072308e+02 +3.483872308e+02 +1.321800000e+02 +4.4124e+00 -4.0025e-01 +2.4618e+00 -3.2400e+00 +1.6240e+00 +1.4309e+00 +2.2904e+00 -1.3257e+00 +1.7640e-01 +2.2524e+00
591 +1.367159121e+02 +1.367159121e+02 +2.688959121e+02 +1.321800000e+02 +8.5882e-01 -4.0025e-01 +2.4618e+00 -3.2400e+00 +1.6240e+00 +1.4309e+00 +1.9528e+00 -1.3257e+00 +1.7640e-01 +8.2047e-01
968 +9.505445898e+01 +9.505445898e+01 +2.272344590e+02 +1.321800000e+02 +8.5882e-01 +4.4010e-01 +2.8931e+00 -1.9561e+00 +1.8509e+00 -9.9969e-01 +6.0771e-01 -1.3257e+00 +1.7640e-01 +8.2047e-01
1942 +5.679501965e+01 +5.679501965e+01 +1.889750196e+02 +1.321800000e+02 +3.9685e+00 +4.4010e-01 +2.6378e+00 -1.9561e+00 +1.8509e+00 -1.5951e+00 +1.9528e+00 +8.8109e-01 +1.7640e-01 +8.2047e-01
2329 +3.634204858e+01 +3.634204858e+01 +1.685220486e+02 +1.321800000e+02 +3.9685e+00 -1.1399e-01 +2.6378e+00 -1.9561e+00 +1.8509e+00 -1.5951e+00 +1.7120e+00 +8.8109e-01 +1.7640e-01 +7.3575e-01
3105 +1.819516538e+01 +1.819516538e+01 +1.503751654e+02 +1.321800000e+02 +3.6781e+00 -1.1399e-01 +2.6378e+00 -1.9561e+00 +1.8509e+00 -1.5951e+00 +1.7120e+00 +1.3903e-01 +9.1223e-01 +7.3575e-01
3299 +1.240013867e+01 +1.240013867e+01 +1.445801387e+02 +1.321800000e+02 +3.7612e+00 -1.1399e-01 +2.6378e+00 -1.9561e+00 +1.8509e+00 -1.5951e+00 +1.8023e+00 +1.3903e-01 +9.1223e-01 +7.3575e-01
4866 +9.513735907e+00 +9.513735907e+00 +1.416937359e+02 +1.321800000e+02 +3.7612e+00 -1.1399e-01 +2.6378e+00 -1.9561e+00 +1.8509e+00 -1.5951e+00 +2.2524e+00 +1.1460e-01 +9.1223e-01 +7.2320e-01
6430 +6.165493219e+00 +6.165493219e+00 +1.383454932e+02 +1.321800000e+02 +3.7612e+00 +5.6446e-01 +2.6378e+00 -1.9561e+00 +1.8509e+00 -1.0184e+00 +2.2524e+00 +1.1460e-01 +9.1223e-01 +7.2320e-01
19550 +3.672359235e+00 +3.672359235e+00 +1.358523592e+02 +1.321800000e+02 +2.7713e+00 +1.5207e+00 +3.4555e+00 -1.9695e+00 +2.4805e+00 -1.0511e+00 +2.2635e+00 +1.0020e-01 +5.7148e-01 +7.1554e-01
44741 +2.236411421e+00 +2.236411421e+00 +1.344164114e+02 +1.321800000e+02 +3.7612e+00 +1.4707e+00 +3.4556e+00 -1.9660e+00 +1.8399e+00 -1.0256e+00 +2.2695e+00 +9.2301e-02 +9.1223e-01 +4.1590e-01
49488 +1.564396440e+00 +1.564396440e+00 +1.337443964e+02 +1.321800000e+02 +3.7612e+00 +1.4707e+00 +3.4555e+00 -1.9695e+00 +2.4805e+00 -1.0511e+00 +2.2695e+00 +1.0020e-01 +9.1223e-01 +7.1554e-01
49674 +5.973668543e-01 +5.973668543e-01 +1.327773669e+02 +1.321800000e+02 +3.7612e+00 +1.4707e+00 +3.4555e+00 -1.9695e+00 +2.4805e+00 -1.0511e+00 +2.2695e+00 +9.2301e-02 +9.1223e-01 +4.0965e-01
73475 +3.024726324e-01 +3.024726324e-01 +1.324824726e+02 +1.321800000e+02 +3.7623e+00 +1.4808e+00 +3.4555e+00 -1.9695e+00 +2.4895e+00 -1.0555e+00 +2.2699e+00 +9.6963e-02 +9.1645e-01 +4.0318e-01
75870 +1.694288422e-01 +1.694288422e-01 +1.323494288e+02 +1.321800000e+02 +3.7623e+00 +1.4808e+00 +3.4581e+00 -1.9695e+00 +2.4895e+00 -1.0555e+00 +2.2699e+00 +9.6963e-02 +9.2073e-01 +4.0318e-01
83435 +1.357229417e-01 +1.357229417e-01 +1.323157229e+02 +1.321800000e+02 +3.7612e+00 +1.4885e+00 +3.4569e+00 -1.9660e+00 +2.4855e+00 -1.0628e+00 +2.2700e+00 +9.7965e-02 +9.2553e-01 +4.1306e-01
90602 +8.195835718e-02 +8.195835718e-02 +1.322619584e+02 +1.321800000e+02 +3.7615e+00 +1.4837e+00 +3.4555e+00 -1.9695e+00 +2.4852e+00 -1.0594e+00 +2.2695e+00 +1.0020e-01 +9.2772e-01 +4.0965e-01
124402 +5.752275085e-02 +5.752275085e-02 +1.322375228e+02 +1.321800000e+02 +3.7615e+00 +1.4837e+00 +3.4555e+00 -1.9695e+00 +2.4886e+00 -1.0594e+00 +2.2703e+00 +1.0020e-01 +9.2772e-01 +4.0892e-01
129932 +3.494253138e-02 +3.494253138e-02 +1.322149425e+02 +1.321800000e+02 +3.7615e+00 +1.4837e+00 +3.4599e+00 -1.9695e+00 +2.4886e+00 -1.0594e+00 +2.2734e+00 +1.0020e-01 +9.2772e-01 +4.0892e-01
139881 +1.516867785e-02 +1.516867785e-02 +1.321951687e+02 +1.321800000e+02 +3.7615e+00 +1.4837e+00 +3.4610e+00 -1.9660e+00 +2.4901e+00 -1.0594e+00 +2.2727e+00 +9.6585e-02 +9.2772e-01 +4.0892e-01
171354 +5.693918142e-03 +5.693918142e-03 +1.321856939e+02 +1.321800000e+02 +3.7615e+00 +1.4837e+00 +3.4610e+00 -1.9660e+00 +2.4901e+00 -1.0561e+00 +2.2727e+00 +9.6585e-02 +9.2772e-01 +4.0892e-01
193336 +2.947077411e-03 +2.947077411e-03 +1.321829471e+02 +1.321800000e+02 +3.7615e+00 +1.4837e+00 +3.4610e+00 -1.9660e+00 +2.4921e+00 -1.0570e+00 +2.2735e+00 +9.7965e-02 +9.2772e-01 +4.0892e-01
196535 +1.876412481e-03 +1.876412481e-03 +1.321818764e+02 +1.321800000e+02 +3.7635e+00 +1.4837e+00 +3.4610e+00 -1.9660e+00 +2.4921e+00 -1.0570e+00 +2.2735e+00 +9.7965e-02 +9.2772e-01 +4.0892e-01
242279 +1.485562639e-03 +1.485562639e-03 +1.321814856e+02 +1.321800000e+02 +3.7635e+00 +1.4837e+00 +3.4610e+00 -1.9660e+00 +2.4921e+00 -1.0566e+00 +2.2735e+00 +9.7965e-02 +9.2772e-01 +4.0892e-01
254233 +9.641343965e-04 +9.641343965e-04 +1.321809641e+02 +1.321800000e+02 +3.7635e+00 +1.4832e+00 +3.4610e+00 -1.9660e+00 +2.4921e+00 -1.0561e+00 +2.2735e+00 +9.7965e-02 +9.2772e-01 +4.0892e-01
301805 +6.183524731e-04 +6.183524731e-04 +1.321806184e+02 +1.321800000e+02 +3.7635e+00 +1.4824e+00 +3.4616e+00 -1.9655e+00 +2.4921e+00 -1.0561e+00 +2.2735e+00 +9.7965e-02 +9.2772e-01 +4.0892e-01
480428 +3.533873234e-04 +3.533873234e-04 +1.321803534e+02 +1.321800000e+02 +3.7638e+00 +1.4824e+00 +3.4616e+00 -1.9655e+00 +2.4920e+00 -1.0559e+00 +2.2735e+00 +9.7245e-02 +9.2772e-01 +4.0892e-01
515564 +1.949904396e-04 +1.949904396e-04 +1.321801950e+02 +1.321800000e+02 +3.7638e+00 +1.4824e+00 +3.4616e+00 -1.9655e+00 +2.4920e+00 -1.0559e+00 +2.2735e+00 +9.7660e-02 +9.2772e-01 +4.0892e-01
772936 +7.988147757e-05 +7.988147757e-05 +1.321800799e+02 +1.321800000e+02 +3.7638e+00 +1.4824e+00 +3.4614e+00 -1.9655e+00 +2.4920e+00 -1.0559e+00 +2.2735e+00 +9.7660e-02 +9.2791e-01 +4.0871e-01
816802 +6.276681137e-05 +6.276681137e-05 +1.321800628e+02 +1.321800000e+02 +3.7638e+00 +1.4824e+00 +3.4614e+00 -1.9656e+00 +2.4920e+00 -1.0559e+00 +2.2735e+00 +9.7660e-02 +9.2797e-01 +4.0871e-01
% function evaluation | noise-free fitness - Fopt (-4.174000000000e+01) | best noise-free fitness - Fopt | measured fitness | best measured fitness | x1 | x2...
1 +2.892435965e+03 +2.892435965e+03 +2.850695965e+03 -4.174000000e+01 +3.6107e+00 -3.7421e+00 +1.0498e+00 -2.7437e+00 +4.1321e+00 +1.3841e+00 -4.7170e+00 -2.5967e+00 -3.6189e+00 +4.3179e+00
353 +1.571619821e+02 +1.571619821e+02 +1.154219821e+02 -4.174000000e+01 -4.6507e+00 -1.9977e+00 -1.2590e+00 +4.8291e+00 -1.5139e-01 +5.0244e-01 +3.1605e+00 -1.8578e+00 +7.8071e-01 +3.8579e+00
675 +8.438759889e+01 +8.438759889e+01 +4.264759889e+01 -4.174000000e+01 +2.0767e+00 -1.9977e+00 -1.2590e+00 +4.8291e+00 -1.5139e-01 +5.0244e-01 +3.1605e+00 -1.8578e+00 +7.8071e-01 +3.8579e+00
1307 +6.269332685e+01 +6.269332685e+01 +2.095332685e+01 -4.174000000e+01 +2.0767e+00 -1.9977e+00 -6.9502e-01 +2.4195e+00 -1.5139e-01 +5.0244e-01 +2.9103e+00 -1.8578e+00 +7.8071e-01 +3.8579e+00
2623 +3.955539351e+01 +3.955539351e+01 -2.184606494e+00 -4.174000000e+01 +2.0767e+00 -1.9977e+00 -6.9502e-01 +2.9379e+00 +2.9193e-01 +5.0244e-01 +2.9103e+00 -2.5592e+00 +7.8071e-01 +3.7307e+00
3911 +2.468048805e+01 +2.468048805e+01 -1.705951195e+01 -4.174000000e+01 +2.0767e+00 -1.9111e+00 -6.9502e-01 +2.9379e+00 +8.6260e-01 +5.3317e-01 +2.9103e+00 -2.5592e+00 +1.0103e+00 +3.4906e+00
6262 +1.504879614e+01 +1.504879614e+01 -2.669120386e+01 -4.174000000e+01 +2.1377e+00 -1.7838e+00 -6.9502e-01 +2.9379e+00 +1.4496e+00 +5.3317e-01 +2.9103e+00 -2.1270e+00 +1.0615e+00 +3.4906e+00
12294 +9.023117978e+00 +9.023117978e+00 -3.271688202e+01 -4.174000000e+01 +2.0896e+00 -1.8241e+00 +7.9438e-02 +4.3046e+00 +1.4624e+00 +5.2673e-01 +2.9542e+00 -2.1038e+00 +1.5005e+00 +3.4320e+00
13875 +5.793325809e+00 +5.793325809e+00 -3.594667419e+01 -4.174000000e+01 +3.0780e+00 -1.8241e+00 +1.2255e-01 +3.7363e+00 +1.4624e+00 +5.2673e-01 +2.9542e+00 -2.1038e+00 +1.5005e+00 +3.4320e+00
14919 +3.939515416e+00 +3.939515416e+00 -3.780048458e+01 -4.174000000e+01 +3.0780e+00 -1.8241e+00 +1.2255e-01 +3.7363e+00 +1.4624e+00 +5.2673e-01 +2.9735e+00 -1.7275e+00 +1.5005e+00 +3.1507e+00
40544 +2.212199042e+00 +2.212199042e+00 -3.952780096e+01 -4.174000000e+01 +3.0867e+00 -1.8448e+00 +1.0651e-01 +3.7329e+00 +1.4518e+00 +5.3317e-01 +2.9680e+00 -1.6997e+00 +1.8189e+00 +3.4528e+00
42778 +1.207210381e+00 +1.207210381e+00 -4.053278962e+01 -4.174000000e+01 +3.1206e+00 -1.8312e+00 +1.0651e-01 +3.7274e+00 +1.4518e+00 +5.3317e-01 +2.9680e+00 -1.7336e+00 +1.8189e+00 +3.4528e+00
43336 +8.672722035e-01 +8.672722035e-01 -4.087272780e+01 -4.174000000e+01 +3.1206e+00 -1.8312e+00 +1.3510e-01 +3.7274e+00 +1.4518e+00 +5.3317e-01 +2.9680e+00 -1.7336e+00 +1.8189e+00 +3.4528e+00
50057 +4.098831991e-01 +4.098831991e-01 -4.133011680e+01 -4.174000000e+01 +3.1084e+00 -1.8241e+00 +1.2772e-01 +3.7018e+00 +1.4624e+00 +5.4328e-01 +2.9735e+00 -1.7206e+00 +1.8268e+00 +3.4500e+00
50787 +3.892015989e-01 +3.892015989e-01 -4.135079840e+01 -4.174000000e+01 +3.1084e+00 -1.8241e+00 +1.2772e-01 +3.7018e+00 +1.4624e+00 +5.4328e-01 +2.9759e+00 -1.7206e+00 +1.8268e+00 +3.4500e+00
54749 +2.477082334e-01 +2.477082334e-01 -4.149229177e+01 -4.174000000e+01 +3.1084e+00 -1.8331e+00 +1.2772e-01 +3.7018e+00 +1.4624e+00 +5.3090e-01 +2.9759e+00 -1.7206e+00 +1.8268e+00 +3.4575e+00
81957 +9.359676630e-02 +9.359676630e-02 -4.164640323e+01 -4.174000000e+01 +3.1206e+00 -1.8312e+00 +1.3510e-01 +3.7045e+00 +1.4705e+00 +5.3317e-01 +2.9760e+00 -1.7259e+00 +1.8266e+00 +3.4597e+00
91229 +6.029915794e-02 +6.029915794e-02 -4.167970084e+01 -4.174000000e+01 +3.1198e+00 -1.8346e+00 +1.3357e-01 +3.7150e+00 +1.4713e+00 +5.3844e-01 +2.9778e+00 -1.7206e+00 +1.8268e+00 +3.4576e+00
107282 +3.885324201e-02 +3.885324201e-02 -4.170114676e+01 -4.174000000e+01 +3.1216e+00 -1.8351e+00 +1.3355e-01 +3.7085e+00 +1.4715e+00 +5.3401e-01 +2.9759e+00 -1.7213e+00 +1.8268e+00 +3.4575e+00
111454 +2.446530539e-02 +2.446530539e-02 -4.171553469e+01 -4.174000000e+01 +3.1283e+00 -1.8351e+00 +1.3355e-01 +3.7085e+00 +1.4715e+00 +5.3401e-01 +2.9759e+00 -1.7213e+00 +1.8268e+00 +3.4575e+00
130411 +1.150545562e-02 +1.150545562e-02 -4.172849454e+01 -4.174000000e+01 +3.1299e+00 -1.8347e+00 +1.3610e-01 +3.7070e+00 +1.4713e+00 +5.3575e-01 +2.9778e+00 -1.7213e+00 +1.8268e+00 +3.4575e+00
177783 +6.232361817e-03 +6.232361817e-03 -4.173376764e+01 -4.174000000e+01 +3.1299e+00 -1.8347e+00 +1.3618e-01 +3.7070e+00 +1.4713e+00 +5.3575e-01 +2.9778e+00 -1.7213e+00 +1.8281e+00 +3.4575e+00
179878 +3.691305782e-03 +3.691305782e-03 -4.173630869e+01 -4.174000000e+01 +3.1299e+00 -1.8347e+00 +1.3618e-01 +3.7070e+00 +1.4732e+00 +5.3575e-01 +2.9778e+00 -1.7213e+00 +1.8281e+00 +3.4576e+00
233894 +2.361617001e-03 +2.361617001e-03 -4.173763838e+01 -4.174000000e+01 +3.1299e+00 -1.8347e+00 +1.3618e-01 +3.7085e+00 +1.4732e+00 +5.3575e-01 +2.9778e+00 -1.7213e+00 +1.8281e+00 +3.4576e+00
372212 +1.357669768e-03 +1.357669768e-03 -4.173864233e+01 -4.174000000e+01 +3.1302e+00 -1.8347e+00 +1.3691e-01 +3.7089e+00 +1.4732e+00 +5.3575e-01 +2.9781e+00 -1.7213e+00 +1.8281e+00 +3.4576e+00
420629 +6.477929592e-04 +6.477929592e-04 -4.173935221e+01 -4.174000000e+01 +3.1304e+00 -1.8347e+00 +1.3691e-01 +3.7089e+00 +1.4736e+00 +5.3575e-01 +2.9781e+00 -1.7213e+00 +1.8285e+00 +3.4576e+00
423016 +6.175485085e-04 +6.175485085e-04 -4.173938245e+01 -4.174000000e+01 +3.1304e+00 -1.8347e+00 +1.3691e-01 +3.7089e+00 +1.4736e+00 +5.3609e-01 +2.9781e+00 -1.7213e+00 +1.8285e+00 +3.4576e+00
602972 +3.643847444e-04 +3.643847444e-04 -4.173963562e+01 -4.174000000e+01 +3.1310e+00 -1.8347e+00 +1.3709e-01 +3.7089e+00 +1.4736e+00 +5.3593e-01 +2.9781e+00 -1.7214e+00 +1.8285e+00 +3.4576e+00
822834 +2.490959204e-04 +2.490959204e-04 -4.173975090e+01 -4.174000000e+01 +3.1310e+00 -1.8345e+00 +1.3714e-01 +3.7088e+00 +1.4736e+00 +5.3594e-01 +2.9784e+00 -1.7214e+00 +1.8285e+00 +3.4576e+00
888314 +1.507805011e-04 +1.507805011e-04 -4.173984922e+01 -4.174000000e+01 +3.1310e+00 -1.8345e+00 +1.3722e-01 +3.7088e+00 +1.4736e+00 +5.3594e-01 +2.9784e+00 -1.7214e+00 +1.8286e+00 +3.4576e+00
% function evaluation | noise-free fitness - Fopt (-4.948600000000e+02) | best noise-free fitness - Fopt | measured fitness | best measured fitness | x1 | x2...
1 +5.885231544e+03 +5.885231544e+03 +5.390371544e+03 -4.948600000e+02 -3.6970e+00 -1.4481e+00 +2.2578e+00 -4.8405e+00 -2.3563e+00 -2.4041e+00 +3.5575e-01 -1.6166e+00 +3.5424e+00 -1.9136e+00
400 +1.753990648e+02 +1.753990648e+02 -3.194609352e+02 -4.948600000e+02 +2.1801e-01 -2.1077e-01 +1.6720e+00 +8.8650e-01 -4.3730e-01 -4.2152e+00 +1.1042e+00 +2.4370e-01 -8.5973e-01 +3.0391e+00
598 +1.508393903e+02 +1.508393903e+02 -3.440206097e+02 -4.948600000e+02 +1.8255e+00 +2.0604e+00 +2.4067e+00 +2.6883e+00 -4.3730e-01 -4.2152e+00 +1.1042e+00 +8.3991e-01 +6.5373e-01 +4.1077e+00
994 +7.667272236e+01 +7.667272236e+01 -4.181872776e+02 -4.948600000e+02 +2.1801e-01 -2.1077e-01 +1.6720e+00 +8.8650e-01 +2.2199e+00 -3.7579e+00 +1.1042e+00 +2.4370e-01 +1.0549e+00 +2.7939e+00
1189 +5.214132567e+01 +5.214132567e+01 -4.427186743e+02 -4.948600000e+02 +1.8255e+00 -2.1077e-01 +1.6720e+00 +8.8650e-01 +2.6015e+00 -4.2152e+00 +1.1042e+00 +2.4370e-01 +1.0549e+00 +4.1077e+00
1588 +3.669598094e+01 +3.669598094e+01 -4.581640191e+02 -4.948600000e+02 +1.8255e+00 -2.1077e-01 +2.4067e+00 +8.8650e-01 +2.2199e+00 -3.7579e+00 +1.1042e+00 +2.4370e-01 +1.0549e+00 +4.1077e+00
1983 +2.405550499e+01 +2.405550499e+01 -4.708044950e+02 -4.948600000e+02 +1.8255e+00 -2.1077e-01 +2.4067e+00 +8.8650e-01 +2.4399e+00 -3.7579e+00 +1.1042e+00 +2.4370e-01 +1.0549e+00 +4.1077e+00
2581 +1.377456627e+01 +1.377456627e+01 -4.810854337e+02 -4.948600000e+02 +1.8255e+00 -2.1077e-01 +2.4067e+00 +8.8650e-01 +2.4399e+00 -3.7579e+00 +1.2504e+00 +2.4370e-01 +1.0549e+00 +3.5081e+00
3973 +9.894482610e+00 +9.894482610e+00 -4.849655174e+02 -4.948600000e+02 +1.8002e+00 -2.1077e-01 +3.0749e+00 +8.8650e-01 +3.0507e+00 -3.7579e+00 +1.2504e+00 -1.5152e-01 +1.0549e+00 +3.5081e+00
4768 +5.999417777e+00 +5.999417777e+00 -4.888605822e+02 -4.948600000e+02 +1.8002e+00 -2.1077e-01 +2.9836e+00 +2.1722e-01 +3.0507e+00 -3.1891e+00 +1.6633e+00 -1.5152e-01 +1.0549e+00 +3.5081e+00
18940 +3.720089931e+00 +3.720089931e+00 -4.911399101e+02 -4.948600000e+02 +2.7651e+00 -1.1232e+00 +3.8242e+00 +2.2116e-01 +2.4081e+00 -3.2049e+00 +1.6678e+00 -1.6031e-01 +1.0290e+00 +3.5293e+00
44173 +2.270031725e+00 +2.270031725e+00 -4.925899683e+02 -4.948600000e+02 +1.7752e+00 -1.1355e+00 +2.9992e+00 +2.2211e-01 +3.0403e+00 -3.2143e+00 +1.6896e+00 -1.6337e-01 +1.0549e+00 +3.5212e+00
48574 +1.216562278e+00 +1.216562278e+00 -4.936434377e+02 -4.948600000e+02 +2.7651e+00 -1.1232e+00 +3.8242e+00 +2.2116e-01 +3.0507e+00 -3.2143e+00 +1.6896e+00 -1.5152e-01 +1.0549e+00 +3.5081e+00
48753 +9.553147580e-01 +9.553147580e-01 -4.939046852e+02 -4.948600000e+02 +2.7651e+00 -1.1232e+00 +3.8242e+00 +2.2116e-01 +3.0507e+00 -3.2143e+00 +1.6896e+00 -1.5152e-01 +1.0549e+00 +3.5290e+00
50569 +3.746309995e-01 +3.746309995e-01 -4.944853690e+02 -4.948600000e+02 +2.7651e+00 -1.1232e+00 +3.8242e+00 +2.2116e-01 +3.0377e+00 -3.2241e+00 +1.6896e+00 -1.6031e-01 +1.0549e+00 +3.5290e+00
60946 +2.331303904e-01 +2.331303904e-01 -4.946268696e+02 -4.948600000e+02 +2.7651e+00 -1.1232e+00 +3.8221e+00 +2.2948e-01 +3.0489e+00 -3.2241e+00 +1.6896e+00 -1.6171e-01 +1.0549e+00 +3.5290e+00
66843 +1.557482301e-01 +1.557482301e-01 -4.947042518e+02 -4.948600000e+02 +2.7651e+00 -1.1232e+00 +3.8221e+00 +2.2456e-01 +3.0489e+00 -3.2333e+00 +1.6896e+00 -1.6171e-01 +1.0549e+00 +3.5179e+00
73142 +9.330383850e-02 +9.330383850e-02 -4.947666962e+02 -4.948600000e+02 +2.7651e+00 -1.1232e+00 +3.8221e+00 +2.2211e-01 +3.0440e+00 -3.2254e+00 +1.6896e+00 -1.6144e-01 +1.0549e+00 +3.5201e+00
91606 +5.335594831e-02 +5.335594831e-02 -4.948066441e+02 -4.948600000e+02 +2.7651e+00 -1.1232e+00 +3.8207e+00 +2.3099e-01 +3.0467e+00 -3.2241e+00 +1.6896e+00 -1.6239e-01 +1.0602e+00 +3.5208e+00
126759 +3.789770297e-02 +3.789770297e-02 -4.948221023e+02 -4.948600000e+02 +2.7651e+00 -1.1232e+00 +3.8207e+00 +2.3057e-01 +3.0467e+00 -3.2312e+00 +1.6896e+00 -1.6239e-01 +1.0602e+00 +3.5208e+00
127321 +2.375884804e-02 +2.375884804e-02 -4.948362412e+02 -4.948600000e+02 +2.7726e+00 -1.1232e+00 +3.8207e+00 +2.3057e-01 +3.0467e+00 -3.2312e+00 +1.6896e+00 -1.6239e-01 +1.0602e+00 +3.5208e+00
151066 +1.376957976e-02 +1.376957976e-02 -4.948462304e+02 -4.948600000e+02 +2.7747e+00 -1.1232e+00 +3.8221e+00 +2.2456e-01 +3.0467e+00 -3.2275e+00 +1.6896e+00 -1.6239e-01 +1.0602e+00 +3.5208e+00
228025 +6.386931505e-03 +6.386931505e-03 -4.948536131e+02 -4.948600000e+02 +2.7726e+00 -1.1232e+00 +3.8221e+00 +2.2723e-01 +3.0467e+00 -3.2290e+00 +1.6896e+00 -1.6239e-01 +1.0585e+00 +3.5208e+00
269826 +5.890240996e-03 +5.890240996e-03 -4.948541098e+02 -4.948600000e+02 +2.7729e+00 -1.1232e+00 +3.8221e+00 +2.2643e-01 +3.0467e+00 -3.2288e+00 +1.6896e+00 -1.6239e-01 +1.0585e+00 +3.5208e+00
338912 +2.079285634e-03 +2.079285634e-03 -4.948579207e+02 -4.948600000e+02 +2.7740e+00 -1.1232e+00 +3.8221e+00 +2.2643e-01 +3.0467e+00 -3.2288e+00 +1.6896e+00 -1.6239e-01 +1.0598e+00 +3.5208e+00
401591 +9.511326109e-04 +9.511326109e-04 -4.948590489e+02 -4.948600000e+02 +2.7740e+00 -1.1232e+00 +3.8223e+00 +2.2643e-01 +3.0467e+00 -3.2288e+00 +1.6896e+00 -1.6239e-01 +1.0598e+00 +3.5216e+00
458761 +1.757163853e-04 +1.757163853e-04 -4.948598243e+02 -4.948600000e+02 +2.7742e+00 -1.1232e+00 +3.8223e+00 +2.2643e-01 +3.0476e+00 -3.2288e+00 +1.6896e+00 -1.6239e-01 +1.0598e+00 +3.5216e+00
641740 +7.276682271e-05 +7.276682271e-05 -4.948599272e+02 -4.948600000e+02 +2.7742e+00 -1.1232e+00 +3.8223e+00 +2.2643e-01 +3.0480e+00 -3.2288e+00 +1.6896e+00 -1.6239e-01 +1.0598e+00 +3.5216e+00
% function evaluation | noise-free fitness - Fopt (3.484000000000e+02) | best noise-free fitness - Fopt | measured fitness | best measured fitness | x1 | x2...
1 +7.693215302e+02 +7.693215302e+02 +1.117721530e+03 +3.484000000e+02 +1.5579e+00 -1.8096e+00 -4.7255e+00 -1.9231e+00 -3.4600e+00 -4.7946e-01 +2.8172e+00 +2.4430e+00 -3.6686e-03 +3.7677e+00
398 +1.345582713e+02 +1.345582713e+02 +4.829582713e+02 +3.484000000e+02 -1.0965e+00 -1.0646e+00 +1.2946e-01 -4.3700e+00 +2.9726e+00 +8.2342e-01 +1.9182e+00 -1.8421e+00 +1.8107e+00 +2.4877e+00
789 +9.497858865e+01 +9.497858865e+01 +4.433785887e+02 +3.484000000e+02 +1.5809e+00 +6.0950e-01 -9.3980e-01 -2.1881e+00 +1.2699e+00 +3.5928e+00 +1.0653e+00 +6.4941e-01 +2.6266e+00 +2.6393e+00
1180 +6.236873365e+01 +6.236873365e+01 +4.107687337e+02 +3.484000000e+02 -1.0965e+00 +6.0950e-01 +4.3415e-02 -4.3700e+00 +2.9726e+00 +3.5928e+00 +1.0653e+00 +6.4941e-01 +2.6266e+00 +2.6393e+00
1960 +3.738263026e+01 +3.738263026e+01 +3.857826303e+02 +3.484000000e+02 +2.1008e+00 +6.0950e-01 +5.2336e-01 -4.2163e+00 +2.9726e+00 +3.5928e+00 +1.0653e+00 +5.4868e-01 +2.6266e+00 +2.6393e+00
2553 +2.347028990e+01 +2.347028990e+01 +3.718702899e+02 +3.484000000e+02 +2.1008e+00 +6.0950e-01 +5.2336e-01 -4.2293e+00 +2.9726e+00 +3.5406e+00 +1.9182e+00 +5.5794e-01 +3.2622e+00 +2.6393e+00
3140 +1.319797918e+01 +1.319797918e+01 +3.615979792e+02 +3.484000000e+02 +2.1008e+00 +6.0950e-01 +5.2336e-01 -4.2293e+00 +2.9726e+00 +3.5406e+00 +1.5842e+00 -3.0128e-01 +3.2622e+00 +2.9175e+00
3931 +9.399184797e+00 +9.399184797e+00 +3.577991848e+02 +3.484000000e+02 +1.9315e+00 +6.0950e-01 +5.2336e-01 -4.2293e+00 +2.9726e+00 +3.5406e+00 +1.5842e+00 -3.1475e-01 +3.3074e+00 +2.5783e+00
4717 +5.523736663e+00 +5.523736663e+00 +3.539237367e+02 +3.484000000e+02 +1.9315e+00 +6.0950e-01 +1.3599e+00 -4.2293e+00 +2.9726e+00 +3.5406e+00 +1.9906e+00 -3.0128e-01 +3.3074e+00 +2.5783e+00
5111 +3.972075744e+00 +3.972075744e+00 +3.523720757e+02 +3.484000000e+02 +1.9315e+00 +6.0950e-01 +1.3599e+00 -3.5311e+00 +2.9598e+00 +3.5406e+00 +1.9906e+00 -3.0128e-01 +3.3074e+00 +2.5783e+00
6292 +1.898100434e+00 +1.898100434e+00 +3.502981004e+02 +3.484000000e+02 +2.0079e+00 +6.0950e-01 +1.3599e+00 -3.5311e+00 +3.5878e+00 +3.5406e+00 +1.9906e+00 -3.0128e-01 +3.2994e+00 +2.5783e+00
6881 +8.633376042e-01 +8.633376042e-01 +3.492633376e+02 +3.484000000e+02 +2.0079e+00 +5.9348e-01 +1.3599e+00 -3.5311e+00 +3.5878e+00 +3.5406e+00 +1.9906e+00 -3.0128e-01 +3.6336e+00 +2.5783e+00
7474 +6.274188277e-01 +6.274188277e-01 +3.490274188e+02 +3.484000000e+02 +2.0079e+00 +5.9348e-01 +1.3897e+00 -3.5311e+00 +3.5953e+00 +3.5406e+00 +1.9906e+00 -3.0128e-01 +3.6336e+00 +2.5969e+00
18265 +3.321805017e-01 +3.321805017e-01 +3.487321805e+02 +3.484000000e+02 +2.0004e+00 +5.8589e-01 +1.3709e+00 -3.5202e+00 +3.6032e+00 +3.5237e+00 +1.9859e+00 -3.0907e-01 +3.6394e+00 +2.5915e+00
52989 +1.759260251e-01 +1.759260251e-01 +3.485759260e+02 +3.484000000e+02 +2.0004e+00 +5.8958e-01 +1.3870e+00 -3.5202e+00 +3.6032e+00 +3.5345e+00 +1.9859e+00 -3.0907e-01 +3.6394e+00 +2.5915e+00
53966 +1.546897448e-01 +1.546897448e-01 +3.485546897e+02 +3.484000000e+02 +2.0097e+00 +5.8958e-01 +1.3870e+00 -3.5202e+00 +3.6032e+00 +3.5345e+00 +1.9859e+00 -3.0907e-01 +3.6394e+00 +2.5915e+00
61790 +9.112521656e-02 +9.112521656e-02 +3.484911252e+02 +3.484000000e+02 +2.0079e+00 +5.9348e-01 +1.3767e+00 -3.5311e+00 +3.6032e+00 +3.5345e+00 +1.9906e+00 -3.0607e-01 +3.6394e+00 +2.5894e+00
66881 +6.093633928e-02 +6.093633928e-02 +3.484609363e+02 +3.484000000e+02 +2.0079e+00 +5.9835e-01 +1.3880e+00 -3.5311e+00 +3.6032e+00 +3.5345e+00 +1.9943e+00 -3.0607e-01 +3.6394e+00 +2.5894e+00
107155 +3.259442183e-02 +3.259442183e-02 +3.484325944e+02 +3.484000000e+02 +2.0079e+00 +5.9835e-01 +1.3859e+00 -3.5264e+00 +3.6032e+00 +3.5345e+00 +1.9943e+00 -3.0607e-01 +3.6394e+00 +2.5894e+00
130560 +5.292820464e-03 +5.292820464e-03 +3.484052928e+02 +3.484000000e+02 +2.0097e+00 +5.9835e-01 +1.3870e+00 -3.5264e+00 +3.6089e+00 +3.5339e+00 +1.9943e+00 -3.0607e-01 +3.6404e+00 +2.5894e+00
228074 +3.863586146e-03 +3.863586146e-03 +3.484038636e+02 +3.484000000e+02 +2.0104e+00 +5.9835e-01 +1.3870e+00 -3.5269e+00 +3.6094e+00 +3.5339e+00 +1.9943e+00 -3.0586e-01 +3.6404e+00 +2.5894e+00
295393 +1.438875469e-03 +1.438875469e-03 +3.484014389e+02 +3.484000000e+02 +2.0104e+00 +5.9576e-01 +1.3870e+00 -3.5269e+00 +3.6094e+00 +3.5330e+00 +1.9943e+00 -3.0487e-01 +3.6404e+00 +2.5894e+00
416542 +6.563720729e-04 +6.563720729e-04 +3.484006564e+02 +3.484000000e+02 +2.0104e+00 +5.9735e-01 +1.3870e+00 -3.5271e+00 +3.6096e+00 +3.5329e+00 +1.9943e+00 -3.0483e-01 +3.6404e+00 +2.5890e+00
464854 +5.865228605e-04 +5.865228605e-04 +3.484005865e+02 +3.484000000e+02 +2.0104e+00 +5.9695e-01 +1.3870e+00 -3.5271e+00 +3.6096e+00 +3.5329e+00 +1.9943e+00 -3.0483e-01 +3.6404e+00 +2.5890e+00
677859 +3.966946048e-04 +3.966946048e-04 +3.484003967e+02 +3.484000000e+02 +2.0110e+00 +5.9695e-01 +1.3870e+00 -3.5272e+00 +3.6096e+00 +3.5329e+00 +1.9943e+00 -3.0483e-01 +3.6404e+00 +2.5889e+00
% function evaluation | noise-free fitness - Fopt (3.770000000000e+00) | best noise-free fitness - Fopt | measured fitness | best measured fitness | x1 | x2...
1 +7.973209477e+02 +7.973209477e+02 +8.010909477e+02 +3.770000000e+00 -3.0497e+00 -2.8041e+00 +4.4731e+00 +5.7124e-01 +2.2839e-01 +4.1097e+00 -4.9330e+00 -1.2168e+00 +3.4459e+00 +2.0539e+00
382 +2.110753221e+02 +2.110753221e+02 +2.148453221e+02 +3.770000000e+00 +3.1087e+00 -1.0773e+00 +2.6255e+00 +2.4257e+00 +2.8221e+00 -1.7259e-01 +8.4523e-01 +2.9147e+00 +3.2973e+00 -3.1606e+00
749 +1.292663603e+02 +1.292663603e+02 +1.330363603e+02 +3.770000000e+00 +3.1087e+00 -1.0773e+00 +2.6255e+00 +2.4257e+00 +2.8221e+00 -1.7259e-01 +8.4523e-01 +1.4530e+00 +3.6755e+00 -4.5690e-01
1098 +9.018895900e+01 +9.018895900e+01 +9.395895900e+01 +3.770000000e+00 +2.8085e+00 -3.7109e+00 +2.6255e+00 +3.5906e+00 +2.8221e+00 -1.7259e-01 +8.4523e-01 +8.8410e-01 +3.6755e+00 -2.5296e-01
1452 +5.709058241e+01 +5.709058241e+01 +6.086058241e+01 +3.770000000e+00 +2.8085e+00 -1.0773e+00 +2.3787e+00 +3.5906e+00 +2.8221e+00 +3.8865e-01 +8.4523e-01 +1.4530e+00 +3.6755e+00 -2.5296e-01
2155 +3.818033935e+01 +3.818033935e+01 +4.195033935e+01 +3.770000000e+00 +2.8085e+00 -1.0773e+00 +2.3787e+00 +3.5906e+00 +2.8221e+00 +8.9149e-01 +1.5658e+00 +1.4530e+00 +3.6755e+00 -6.3204e-01
3244 +2.405509073e+01 +2.405509073e+01 +2.782509073e+01 +3.770000000e+00 +2.8383e+00 -1.0773e+00 +2.3419e+00 +3.5906e+00 +2.8221e+00 +1.5419e+00 +2.0857e+00 +1.3953e+00 +3.6755e+00 -6.3204e-01
3792 +1.292312507e+01 +1.292312507e+01 +1.669312507e+01 +3.770000000e+00 +2.9413e+00 -1.0773e+00 +2.3787e+00 +3.5906e+00 +2.7448e+00 +2.6160e+00 +2.0857e+00 +1.3953e+00 +3.6755e+00 -6.3204e-01
4688 +8.193739745e+00 +8.193739745e+00 +1.196373975e+01 +3.770000000e+00 +2.9413e+00 -1.1411e+00 +2.3419e+00 +3.4294e+00 +2.7448e+00 +2.5517e+00 +2.0857e+00 +1.3953e+00 +3.6755e+00 -6.3204e-01
5411 +6.290021406e+00 +6.290021406e+00 +1.006002141e+01 +3.770000000e+00 +2.9413e+00 -1.1411e+00 +2.3419e+00 +3.4294e+00 +2.7448e+00 +3.0719e+00 +2.0857e+00 +1.3953e+00 +3.3529e+00 -6.3204e-01
6475 +3.270178038e+00 +3.270178038e+00 +7.040178038e+00 +3.770000000e+00 +2.9413e+00 -2.0771e+00 +2.3419e+00 +2.8145e+00 +2.7448e+00 +3.0719e+00 +2.0857e+00 +1.3953e+00 +3.6970e+00 -6.3204e-01
26502 +1.785098073e+00 +1.785098073e+00 +5.555098073e+00 +3.770000000e+00 +1.9491e+00 -2.0293e+00 +3.1508e+00 +2.7832e+00 +3.3979e+00 +3.0585e+00 +2.0889e+00 +1.3852e+00 +3.6952e+00 -6.2040e-01
27814 +1.504936107e+00 +1.504936107e+00 +5.274936107e+00 +3.770000000e+00 +1.9491e+00 -2.0293e+00 +3.1649e+00 +2.7832e+00 +3.3979e+00 +3.0585e+00 +2.0889e+00 +1.3948e+00 +3.7086e+00 -6.2040e-01
52689 +7.465009243e-01 +7.465009243e-01 +4.516500924e+00 +3.770000000e+00 +2.9413e+00 -2.0431e+00 +3.1332e+00 +2.8141e+00 +3.4074e+00 +3.0707e+00 +2.0860e+00 +1.3953e+00 +3.6970e+00 -6.1159e-01
53080 +5.429760252e-01 +5.429760252e-01 +4.312976025e+00 +3.770000000e+00 +2.9413e+00 -2.0431e+00 +3.1442e+00 +2.8141e+00 +3.4074e+00 +3.0707e+00 +2.0860e+00 +1.3953e+00 +3.6970e+00 -6.1159e-01
56996 +3.563958712e-01 +3.563958712e-01 +4.126395871e+00 +3.770000000e+00 +2.9413e+00 -2.0431e+00 +3.1499e+00 +2.8024e+00 +3.4074e+00 +3.0687e+00 +2.0860e+00 +1.3947e+00 +3.6970e+00 -6.1733e-01
93069 +2.267041036e-01 +2.267041036e-01 +3.996704104e+00 +3.770000000e+00 +2.9413e+00 -2.0394e+00 +3.1532e+00 +2.8024e+00 +3.4088e+00 +3.0687e+00 +2.0860e+00 +1.3947e+00 +3.6998e+00 -6.1733e-01
95838 +1.481246954e-01 +1.481246954e-01 +3.918124695e+00 +3.770000000e+00 +2.9413e+00 -2.0394e+00 +3.1605e+00 +2.7927e+00 +3.4121e+00 +3.0585e+00 +2.0889e+00 +1.3948e+00 +3.7063e+00 -6.1733e-01
96017 +8.892642201e-02 +8.892642201e-02 +3.858926422e+00 +3.770000000e+00 +2.9413e+00 -2.0394e+00 +3.1605e+00 +2.8024e+00 +3.4074e+00 +3.0687e+00 +2.0889e+00 +1.3948e+00 +3.7063e+00 -6.1733e-01
101013 +5.978226687e-02 +5.978226687e-02 +3.829782267e+00 +3.770000000e+00 +2.9413e+00 -2.0394e+00 +3.1605e+00 +2.8024e+00 +3.4121e+00 +3.0687e+00 +2.0909e+00 +1.3947e+00 +3.7063e+00 -6.1733e-01
115373 +3.526164448e-02 +3.526164448e-02 +3.805261644e+00 +3.770000000e+00 +2.9413e+00 -2.0399e+00 +3.1605e+00 +2.8066e+00 +3.4121e+00 +3.0675e+00 +2.0939e+00 +1.3953e+00 +3.7063e+00 -6.2040e-01
119694 +2.487900993e-02 +2.487900993e-02 +3.794879010e+00 +3.770000000e+00 +2.9413e+00 -2.0394e+00 +3.1605e+00 +2.8066e+00 +3.4121e+00 +3.0611e+00 +2.0939e+00 +1.3953e+00 +3.7071e+00 -6.1733e-01
171381 +1.428005188e-02 +1.428005188e-02 +3.784280052e+00 +3.770000000e+00 +2.9413e+00 -2.0394e+00 +3.1623e+00 +2.8066e+00 +3.4121e+00 +3.0660e+00 +2.0947e+00 +1.3947e+00 +3.7071e+00 -6.1733e-01
238730 +9.814582089e-03 +9.814582089e-03 +3.779814582e+00 +3.770000000e+00 +2.9413e+00 -2.0394e+00 +3.1623e+00 +2.8066e+00 +3.4121e+00 +3.0645e+00 +2.0947e+00 +1.3947e+00 +3.7071e+00 -6.1916e-01
251904 +4.717932876e-03 +4.717932876e-03 +3.774717933e+00 +3.770000000e+00 +2.9413e+00 -2.0394e+00 +3.1632e+00 +2.8066e+00 +3.4121e+00 +3.0645e+00 +2.0947e+00 +1.3939e+00 +3.7071e+00 -6.1804e-01
293997 +3.856483792e-03 +3.856483792e-03 +3.773856484e+00 +3.770000000e+00 +2.9413e+00 -2.0394e+00 +3.1632e+00 +2.8054e+00 +3.4121e+00 +3.0645e+00 +2.0951e+00 +1.3939e+00 +3.7071e+00 -6.1819e-01
341258 +1.786255265e-03 +1.786255265e-03 +3.771786255e+00 +3.770000000e+00 +2.9413e+00 -2.0394e+00 +3.1632e+00 +2.8054e+00 +3.4121e+00 +3.0645e+00 +2.0952e+00 +1.3923e+00 +3.7076e+00 -6.1819e-01
366322 +1.447761353e-03 +1.447761353e-03 +3.771447761e+00 +3.770000000e+00 +2.9413e+00 -2.0394e+00 +3.1639e+00 +2.8054e+00 +3.4121e+00 +3.0645e+00 +2.0952e+00 +1.3923e+00 +3.7080e+00 -6.1819e-01
452200 +9.434020635e-04 +9.434020635e-04 +3.770943402e+00 +3.770000000e+00 +2.9413e+00 -2.0394e+00 +3.1639e+00 +2.8057e+00 +3.4114e+00 +3.0644e+00 +2.0952e+00 +1.3923e+00 +3.7080e+00 -6.1819e-01
474290 +5.963763652e-04 +5.963763652e-04 +3.770596376e+00 +3.770000000e+00 +2.9413e+00 -2.0394e+00 +3.1639e+00 +2.8057e+00 +3.4114e+00 +3.0644e+00 +2.0952e+00 +1.3930e+00 +3.7080e+00 -6.1819e-01
876603 +3.695628218e-04 +3.695628218e-04 +3.770369563e+00 +3.770000000e+00 +2.9413e+00 -2.0391e+00 +3.1639e+00 +2.8057e+00 +3.4117e+00 +3.0644e+00 +2.0952e+00 +1.3926e+00 +3.7080e+00 -6.1857e-01
% function evaluation | noise-free fitness - Fopt (3.770000000000e+01) | best noise-free fitness - Fopt | measured fitness | best measured fitness | x1 | x2...
1 +4.922553438e+02 +4.922553438e+02 +5.299553438e+02 +3.770000000e+01 +8.5194e-01 +4.8430e+00 -1.4871e+00 -2.0419e-02 +1.7796e+00 -1.9870e+00 +1.0030e+00 -4.1060e+00 +2.5526e+00 -4.3020e+00
383 +2.372638965e+02 +2.372638965e+02 +2.749638965e+02 +3.770000000e+01 -3.6104e+00 -4.2706e+00 +2.5921e+00 -3.0329e+00 +1.0931e+00 -1.2638e+00 +2.5198e+00 -4.3142e+00 +2.7519e+00 -3.8123e-01
566 +1.533514842e+02 +1.533514842e+02 +1.910514842e+02 +3.770000000e+01 -3.6104e+00 -4.2706e+00 +2.5921e+00 -3.0329e+00 +1.0931e+00 +2.7140e+00 +2.5198e+00 -4.3142e+00 +2.7519e+00 -3.8123e-01
933 +8.435953605e+01 +8.435953605e+01 +1.220595361e+02 +3.770000000e+01 +2.8459e-01 -4.2706e+00 +2.5921e+00 -3.0329e+00 +1.0931e+00 +2.7140e+00 +2.5399e+00 -2.2095e+00 +3.1687e+00 -6.2487e-01
1473 +5.667296275e+01 +5.667296275e+01 +9.437296275e+01 +3.770000000e+01 -7.9751e-01 -4.2706e+00 +2.5921e+00 -2.3683e+00 +8.2743e-01 +3.6880e+00 +2.5399e+00 -3.2679e+00 +3.8825e+00 -6.2487e-01
2022 +3.425543306e+01 +3.425543306e+01 +7.195543306e+01 +3.770000000e+01 -7.9751e-01 -4.0993e+00 +2.5921e+00 -2.8368e+00 +7.3607e-01 +2.7140e+00 +2.8573e+00 -3.2679e+00 +3.8825e+00 -6.2487e-01
2386 +2.499428322e+01 +2.499428322e+01 +6.269428322e+01 +3.770000000e+01 -7.9751e-01 -4.0993e+00 +2.5921e+00 -2.7197e+00 +1.2542e+00 +3.6880e+00 +2.8573e+00 -3.3136e+00 +3.8825e+00 -6.2487e-01
3121 +1.484507314e+01 +1.484507314e+01 +5.254507314e+01 +3.770000000e+01 -7.9751e-01 -3.9600e+00 +2.5921e+00 -2.8368e+00 +1.7627e+00 +3.6880e+00 +2.9088e+00 -3.3136e+00 +3.8825e+00 -6.2487e-01
5696 +9.050454974e+00 +9.050454974e+00 +4.675045497e+01 +3.770000000e+01 -7.9751e-01 -3.2036e+00 +2.5921e+00 -3.5436e+00 +1.7627e+00 +3.1647e+00 +3.3768e+00 -3.3136e+00 +3.8825e+00 -6.3720e-01
8255 +6.078475538e+00 +6.078475538e+00 +4.377847554e+01 +3.770000000e+01 -8.2934e-01 -3.2713e+00 +2.5921e+00 -3.5471e+00 +2.3616e+00 +3.1647e+00 +3.4026e+00 -3.3136e+00 +3.8825e+00 -6.3720e-01
18603 +3.567165038e+00 +3.567165038e+00 +4.126716504e+01 +3.770000000e+01 +1.0865e-01 -2.3411e+00 +2.5670e+00 -3.5576e+00 +2.3655e+00 +3.1520e+00 +3.3884e+00 -3.3387e+00 +3.8821e+00 -6.4377e-01
40464 +2.379862683e+00 +2.379862683e+00 +4.007986268e+01 +3.770000000e+01 +1.3647e-01 -3.2635e+00 +2.6006e+00 -3.5471e+00 +2.3616e+00 +3.1647e+00 +3.4026e+00 -3.3136e+00 +3.9002e+00 -6.3720e-01
41791 +1.400020548e+00 +1.400020548e+00 +3.910002055e+01 +3.770000000e+01 +1.3647e-01 -2.3208e+00 +2.6006e+00 -3.5471e+00 +2.3616e+00 +3.1723e+00 +3.4026e+00 -3.3136e+00 +3.9002e+00 -6.3720e-01
42364 +2.394641988e-01 +2.394641988e-01 +3.793946420e+01 +3.770000000e+01 +1.1155e+00 -2.3360e+00 +2.6006e+00 -3.5471e+00 +2.3616e+00 +3.1723e+00 +3.4026e+00 -3.3136e+00 +3.9002e+00 -6.3720e-01
45786 +9.818187440e-02 +9.818187440e-02 +3.779818187e+01 +3.770000000e+01 +1.1057e+00 -2.3435e+00 +2.6006e+00 -3.5471e+00 +2.3715e+00 +3.1723e+00 +3.4026e+00 -3.3206e+00 +3.9002e+00 -6.3720e-01
75283 +6.089806998e-02 +6.089806998e-02 +3.776089807e+01 +3.770000000e+01 +1.1057e+00 -2.3435e+00 +2.6075e+00 -3.5471e+00 +2.3715e+00 +3.1713e+00 +3.4026e+00 -3.3206e+00 +3.9002e+00 -6.3720e-01
87558 +3.739629903e-02 +3.739629903e-02 +3.773739630e+01 +3.770000000e+01 +1.1090e+00 -2.3411e+00 +2.6075e+00 -3.5471e+00 +2.3715e+00 +3.1690e+00 +3.4031e+00 -3.3169e+00 +3.9002e+00 -6.3720e-01
134758 +1.852022388e-02 +1.852022388e-02 +3.771852022e+01 +3.770000000e+01 +1.1125e+00 -2.3411e+00 +2.6093e+00 -3.5471e+00 +2.3715e+00 +3.1723e+00 +3.4039e+00 -3.3169e+00 +3.9026e+00 -6.3701e-01
138477 +8.398087033e-03 +8.398087033e-03 +3.770839809e+01 +3.770000000e+01 +1.1125e+00 -2.3411e+00 +2.6093e+00 -3.5471e+00 +2.3715e+00 +3.1682e+00 +3.4039e+00 -3.3169e+00 +3.9026e+00 -6.3596e-01
146974 +5.846014768e-03 +5.846014768e-03 +3.770584601e+01 +3.770000000e+01 +1.1125e+00 -2.3411e+00 +2.6093e+00 -3.5498e+00 +2.3715e+00 +3.1690e+00 +3.4039e+00 -3.3169e+00 +3.9030e+00 -6.3528e-01
190606 +3.641790553e-03 +3.641790553e-03 +3.770364179e+01 +3.770000000e+01 +1.1125e+00 -2.3411e+00 +2.6101e+00 -3.5498e+00 +2.3715e+00 +3.1690e+00 +3.4039e+00 -3.3169e+00 +3.9030e+00 -6.3596e-01
197404 +2.493412399e-03 +2.493412399e-03 +3.770249341e+01 +3.770000000e+01 +1.1135e+00 -2.3411e+00 +2.6101e+00 -3.5498e+00 +2.3725e+00 +3.1690e+00 +3.4039e+00 -3.3169e+00 +3.9030e+00 -6.3596e-01
279229 +1.204029415e-03 +1.204029415e-03 +3.770120403e+01 +3.770000000e+01 +1.1135e+00 -2.3411e+00 +2.6105e+00 -3.5498e+00 +2.3727e+00 +3.1690e+00 +3.4048e+00 -3.3171e+00 +3.9030e+00 -6.3596e-01
326748 +8.742228388e-04 +8.742228388e-04 +3.770087422e+01 +3.770000000e+01 +1.1135e+00 -2.3411e+00 +2.6105e+00 -3.5498e+00 +2.3727e+00 +3.1690e+00 +3.4048e+00 -3.3177e+00 +3.9030e+00 -6.3596e-01
354678 +6.244211899e-04 +6.244211899e-04 +3.770062442e+01 +3.770000000e+01 +1.1135e+00 -2.3411e+00 +2.6113e+00 -3.5498e+00 +2.3727e+00 +3.1690e+00 +3.4048e+00 -3.3171e+00 +3.9030e+00 -6.3596e-01
382699 +2.831228608e-04 +2.831228608e-04 +3.770028312e+01 +3.770000000e+01 +1.1135e+00 -2.3411e+00 +2.6113e+00 -3.5495e+00 +2.3728e+00 +3.1690e+00 +3.4048e+00 -3.3177e+00 +3.9030e+00 -6.3596e-01
450793 +1.668989925e-04 +1.668989925e-04 +3.770016690e+01 +3.770000000e+01 +1.1135e+00 -2.3409e+00 +2.6116e+00 -3.5495e+00 +2.3728e+00 +3.1690e+00 +3.4048e+00 -3.3177e+00 +3.9030e+00 -6.3596e-01
509000 +1.033092511e-04 +1.033092511e-04 +3.770010331e+01 +3.770000000e+01 +1.1135e+00 -2.3408e+00 +2.6119e+00 -3.5495e+00 +2.3728e+00 +3.1690e+00 +3.4048e+00 -3.3177e+00 +3.9030e+00 -6.3596e-01
771775 +8.095378821e-05 +8.095378821e-05 +3.770008095e+01 +3.770000000e+01 +1.1135e+00 -2.3408e+00 +2.6119e+00 -3.5496e+00 +2.3728e+00 +3.1689e+00 +3.4048e+00 -3.3177e+00 +3.9030e+00 -6.3596e-01
% function evaluation | noise-free fitness - Fopt (6.956900000000e+02) | best noise-free fitness - Fopt | measured fitness | best measured fitness | x1 | x2...
1 +3.007342261e+03 +3.007342261e+03 +3.703032261e+03 +6.956900000e+02 -7.6687e-02 +2.8129e+00 +2.6130e+00 -1.3712e-01 +2.1322e+00 +2.1476e+00 +3.5744e+00 +1.1579e+00 +2.3730e+00 +3.9223e+00
388 +2.551048503e+02 +2.551048503e+02 +9.507948503e+02 +6.956900000e+02 -1.9509e+00 -4.8706e-01 +1.7597e-01 +3.0463e+00 -1.6793e+00 -4.0667e+00 +2.3000e-01 +1.3565e+00 +1.3568e+00 -9.0782e-02
578 +1.823504435e+02 +1.823504435e+02 +8.780404435e+02 +6.956900000e+02 -1.9509e+00 -4.8706e-01 +1.7597e-01 +3.0463e+00 -1.6793e+00 -4.0667e+00 +2.3000e-01 +1.7322e+00 +6.4538e-01 -9.0782e-02
773 +1.213653692e+02 +1.213653692e+02 +8.170553692e+02 +6.956900000e+02 +1.5517e+00 -1.4201e+00 +1.9147e-02 +1.5075e+00 -2.7570e-01 -4.2358e+00 +2.7832e+00 +6.8966e-01 +4.8752e-01 -1.3544e+00
1161 +8.101766409e+01 +8.101766409e+01 +7.767076641e+02 +6.956900000e+02 +1.4438e-01 -1.4201e+00 +3.4344e+00 +1.5075e+00 -2.7570e-01 -4.2358e+00 +2.7832e+00 +6.8966e-01 +6.4538e-01 -9.0782e-02
1356 +5.901846383e+01 +5.901846383e+01 +7.547084638e+02 +6.956900000e+02 +3.4689e+00 -1.4201e+00 +3.4344e+00 +4.2145e+00 -2.7570e-01 -4.2358e+00 +2.7832e+00 +6.8966e-01 +6.4538e-01 -1.9401e-01
1936 +3.868954140e+01 +3.868954140e+01 +7.343795414e+02 +6.956900000e+02 +3.4689e+00 -1.4201e+00 +3.3530e+00 +4.2145e+00 -2.7570e-01 -3.2729e+00 +2.1622e+00 +1.3565e+00 +6.4538e-01 -1.9401e-01
2498 +2.363773137e+01 +2.363773137e+01 +7.193277314e+02 +6.956900000e+02 +3.2294e+00 -1.4201e+00 +3.3530e+00 +4.2145e+00 -2.7570e-01 -3.8457e+00 +2.6130e+00 +6.8966e-01 +6.4538e-01 -1.9401e-01
3072 +1.429990706e+01 +1.429990706e+01 +7.099899071e+02 +6.956900000e+02 +3.2294e+00 -1.4201e+00 +3.3530e+00 +3.5862e+00 -2.7570e-01 -3.8457e+00 +2.6130e+00 +1.0517e+00 +1.0356e+00 -1.9401e-01
3641 +9.985697569e+00 +9.985697569e+00 +7.056756976e+02 +6.956900000e+02 +3.2495e+00 -1.4201e+00 +3.3530e+00 +3.5862e+00 -2.7570e-01 -3.8457e+00 +2.6130e+00 +1.0517e+00 +1.0356e+00 -7.7509e-01
4023 +5.868651827e+00 +5.868651827e+00 +7.015586518e+02 +6.956900000e+02 +3.2294e+00 -2.3458e+00 +3.3530e+00 +3.5862e+00 -3.8338e-01 -3.8457e+00 +2.6130e+00 +1.0517e+00 +1.0356e+00 -7.7509e-01
5935 +3.771880479e+00 +3.771880479e+00 +6.994618805e+02 +6.956900000e+02 +3.2635e+00 -3.2919e+00 +3.3530e+00 +3.6342e+00 -3.8338e-01 -3.8062e+00 +2.6130e+00 +1.0517e+00 +1.0356e+00 -7.7509e-01
7280 +2.077181507e+00 +2.077181507e+00 +6.977671815e+02 +6.956900000e+02 +3.2635e+00 -3.2488e+00 +3.3530e+00 +3.6342e+00 +2.9272e-01 -3.8062e+00 +3.0545e+00 +1.0517e+00 +1.0356e+00 -7.7509e-01
8817 +1.573625253e+00 +1.573625253e+00 +6.972636253e+02 +6.956900000e+02 +3.2635e+00 -3.2488e+00 +3.3542e+00 +3.6342e+00 +2.9272e-01 -3.8201e+00 +3.0545e+00 +1.0470e+00 +1.0356e+00 -7.7509e-01
17847 +6.296129749e-01 +6.296129749e-01 +6.963196130e+02 +6.956900000e+02 +3.2823e+00 -3.2502e+00 +3.3626e+00 +3.6046e+00 +2.6570e-01 -3.8102e+00 +3.0699e+00 +1.0280e+00 +1.0384e+00 -7.7399e-01
18402 +3.464637982e-01 +3.464637982e-01 +6.960364638e+02 +6.956900000e+02 +3.2823e+00 -3.2502e+00 +3.3626e+00 +3.6046e+00 +2.8228e-01 -3.8102e+00 +3.0699e+00 +1.0280e+00 +1.0384e+00 -7.7399e-01
51355 +2.367626416e-01 +2.367626416e-01 +6.959267626e+02 +6.956900000e+02 +3.2823e+00 -3.2502e+00 +3.3626e+00 +3.6046e+00 +2.8228e-01 -3.8143e+00 +3.0699e+00 +1.0280e+00 +1.0338e+00 -7.7399e-01
56433 +1.468214757e-01 +1.468214757e-01 +6.958368215e+02 +6.956900000e+02 +3.2823e+00 -3.2502e+00 +3.3650e+00 +3.6239e+00 +2.8228e-01 -3.8143e+00 +3.0699e+00 +1.0280e+00 +1.0348e+00 -7.7399e-01
66547 +8.690422221e-02 +8.690422221e-02 +6.957769042e+02 +6.956900000e+02 +3.2823e+00 -3.2511e+00 +3.3626e+00 +3.6137e+00 +2.8682e-01 -3.8143e+00 +3.0699e+00 +1.0280e+00 +1.0375e+00 -7.7833e-01
80958 +5.343714708e-02 +5.343714708e-02 +6.957434371e+02 +6.956900000e+02 +3.2823e+00 -3.2594e+00 +3.3626e+00 +3.6131e+00 +2.8536e-01 -3.8175e+00 +3.0743e+00 +1.0280e+00 +1.0356e+00 -7.7509e-01
111986 +3.973856770e-02 +3.973856770e-02 +6.957297386e+02 +6.956900000e+02 +3.2827e+00 -3.2601e+00 +3.3649e+00 +3.6170e+00 +2.8456e-01 -3.8143e+00 +3.0749e+00 +1.0280e+00 +1.0372e+00 -7.7830e-01
113579 +1.500123776e-02 +1.500123776e-02 +6.957050012e+02 +6.956900000e+02 +3.2827e+00 -3.2582e+00 +3.3649e+00 +3.6170e+00 +2.8733e-01 -3.8158e+00 +3.0749e+00 +1.0280e+00 +1.0372e+00 -7.7830e-01
114377 +9.550204245e-03 +9.550204245e-03 +6.956995502e+02 +6.956900000e+02 +3.2827e+00 -3.2582e+00 +3.3649e+00 +3.6170e+00 +2.8733e-01 -3.8173e+00 +3.0754e+00 +1.0280e+00 +1.0372e+00 -7.7830e-01
154229 +5.567617591e-03 +5.567617591e-03 +6.956955676e+02 +6.956900000e+02 +3.2827e+00 -3.2582e+00 +3.3649e+00 +3.6170e+00 +2.8811e-01 -3.8186e+00 +3.0754e+00 +1.0280e+00 +1.0372e+00 -7.7830e-01
177683 +3.934352687e-03 +3.934352687e-03 +6.956939344e+02 +6.956900000e+02 +3.2827e+00 -3.2582e+00 +3.3649e+00 +3.6186e+00 +2.8928e-01 -3.8179e+00 +3.0754e+00 +1.0270e+00 +1.0372e+00 -7.7830e-01
217917 +2.185213637e-03 +2.185213637e-03 +6.956921852e+02 +6.956900000e+02 +3.2847e+00 -3.2582e+00 +3.3649e+00 +3.6186e+00 +2.8928e-01 -3.8198e+00 +3.0754e+00 +1.0270e+00 +1.0372e+00 -7.7830e-01
395522 +1.543956393e-03 +1.543956393e-03 +6.956915440e+02 +6.956900000e+02 +3.2847e+00 -3.2582e+00 +3.3652e+00 +3.6186e+00 +2.8962e-01 -3.8195e+00 +3.0758e+00 +1.0270e+00 +1.0372e+00 -7.7830e-01
790470 +7.240523965e-04 +7.240523965e-04 +6.956907241e+02 +6.956900000e+02 +3.2847e+00 -3.2584e+00 +3.3653e+00 +3.6186e+00 +2.8945e-01 -3.8190e+00 +3.0758e+00 +1.0273e+00 +1.0374e+00 -7.7707e-01
791860 +1.786846044e-04 +1.786846044e-04 +6.956901787e+02 +6.956900000e+02 +3.2847e+00 -3.2584e+00 +3.3653e+00 +3.6186e+00 +2.8945e-01 -3.8190e+00 +3.0758e+00 +1.0273e+00 +1.0374e+00 -7.7757e-01
851604 +1.406769528e-04 +1.406769528e-04 +6.956901407e+02 +6.956900000e+02 +3.2847e+00 -3.2584e+00 +3.3653e+00 +3.6184e+00 +2.8958e-01 -3.8191e+00 +3.0758e+00 +1.0273e+00 +1.0374e+00 -7.7757e-01
902880 +8.133473443e-05 +8.133473443e-05 +6.956900813e+02 +6.956900000e+02 +3.2847e+00 -3.2584e+00 +3.3653e+00 +3.6184e+00 +2.8958e-01 -3.8191e+00 +3.0758e+00 +1.0273e+00 +1.0376e+00 -7.7757e-01
% function evaluation | noise-free fitness - Fopt (-1.180300000000e+02) | best noise-free fitness - Fopt | measured fitness | best measured fitness | x1 | x2...
1 +8.881867005e+02 +8.881867005e+02 +7.701567005e+02 -1.180300000e+02 -4.8115e+00 -2.4985e-02 +1.1640e+00 +4.4080e+00 +3.7581e+00 +2.9612e-01 +3.8672e+00 -4.7044e+00 -4.1750e-01 -3.9989e+00
392 +2.237374972e+02 +2.237374972e+02 +1.057074972e+02 -1.180300000e+02 -3.1869e+00 +2.5547e+00 -4.8887e+00 -2.6057e+00 +2.4438e+00 -2.4369e+00 +2.8572e+00 +2.0591e+00 +7.8139e-02 +8.2733e-01
784 +1.518280721e+02 +1.518280721e+02 +3.379807207e+01 -1.180300000e+02 -1.3704e-01 +2.6193e+00 +4.9214e-02 -1.1198e+00 +3.9779e+00 -2.0572e-02 +1.3446e+00 +7.4099e-01 +2.2275e+00 +3.2378e+00
1179 +8.275219906e+01 +8.275219906e+01 -3.527780094e+01 -1.180300000e+02 -3.7961e-01 +7.5703e-01 -1.0348e+00 -1.1198e+00 +3.9303e+00 -2.4369e+00 +2.8572e+00 +7.4099e-01 +1.3444e+00 +8.2733e-01
1571 +5.879766277e+01 +5.879766277e+01 -5.923233723e+01 -1.180300000e+02 -1.0482e+00 +2.5547e+00 -1.1532e+00 -2.6057e+00 +3.9779e+00 -2.4369e+00 +2.8572e+00 +7.4099e-01 +1.3444e+00 +8.2733e-01
2362 +3.863648947e+01 +3.863648947e+01 -7.939351053e+01 -1.180300000e+02 +3.0904e-02 +2.6193e+00 -5.3197e-01 -2.6057e+00 +3.1506e+00 -2.4369e+00 +2.8572e+00 +7.4099e-01 +1.3444e+00 +8.2733e-01
3142 +2.498410194e+01 +2.498410194e+01 -9.304589806e+01 -1.180300000e+02 +3.0904e-02 +2.6193e+00 -5.3197e-01 -2.5497e+00 +3.1506e+00 -2.4369e+00 +2.8572e+00 +1.0967e+00 +1.3444e+00 +1.2438e+00
4705 +1.470870968e+01 +1.470870968e+01 -1.033212903e+02 -1.180300000e+02 +6.9879e-02 +2.6787e+00 -5.3197e-01 -2.5497e+00 +3.1506e+00 -1.8589e+00 +2.9047e+00 +1.0967e+00 +2.0824e+00 +1.2438e+00
5881 +8.972006683e+00 +8.972006683e+00 -1.090579933e+02 -1.180300000e+02 +6.9879e-02 +2.6787e+00 -5.3197e-01 -3.1320e+00 +3.1506e+00 -1.8470e+00 +3.3962e+00 +1.0967e+00 +2.0911e+00 +1.2438e+00
7255 +5.534377094e+00 +5.534377094e+00 -1.124956229e+02 -1.180300000e+02 +6.9879e-02 +3.5679e+00 -5.3197e-01 -3.1362e+00 +3.8015e+00 -1.8470e+00 +3.3962e+00 +1.0967e+00 +2.1137e+00 +1.2438e+00
19519 +3.923184905e+00 +3.923184905e+00 -1.141068151e+02 -1.180300000e+02 +8.0418e-02 +2.6645e+00 -5.5854e-01 -3.1339e+00 +3.7906e+00 -1.8222e+00 +3.8586e+00 +6.4933e-01 +2.1187e+00 +1.5413e+00
29635 +2.029423393e+00 +2.029423393e+00 -1.160005766e+02 -1.180300000e+02 +1.0327e+00 +3.5853e+00 +2.7372e-01 -3.1430e+00 +3.7792e+00 -1.8378e+00 +3.8539e+00 +1.0902e+00 +2.1173e+00 +1.5604e+00
44055 +1.296762082e+00 +1.296762082e+00 -1.167332379e+02 -1.180300000e+02 +1.0665e+00 +3.5633e+00 +2.3655e-01 -3.1362e+00 +3.8015e+00 -1.8470e+00 +3.8476e+00 +6.5810e-01 +2.1192e+00 +1.5606e+00
44436 +6.302972642e-01 +6.302972642e-01 -1.173997027e+02 -1.180300000e+02 +1.0665e+00 +3.5633e+00 +2.7291e-01 -3.1362e+00 +3.8015e+00 -1.8470e+00 +3.8476e+00 +6.5810e-01 +2.1192e+00 +1.5606e+00
45351 +3.656922362e-01 +3.656922362e-01 -1.176643078e+02 -1.180300000e+02 +1.0665e+00 +3.5633e+00 +2.7291e-01 -3.1539e+00 +3.8015e+00 -1.8415e+00 +3.8476e+00 +6.5810e-01 +2.1192e+00 +1.5562e+00
82801 +1.506804010e-01 +1.506804010e-01 -1.178793196e+02 -1.180300000e+02 +1.0665e+00 +3.5633e+00 +2.7455e-01 -3.1539e+00 +3.8015e+00 -1.8391e+00 +3.8533e+00 +6.6633e-01 +2.1192e+00 +1.5540e+00
86268 +8.801346865e-02 +8.801346865e-02 -1.179419865e+02 -1.180300000e+02 +1.0665e+00 +3.5633e+00 +2.7937e-01 -3.1474e+00 +3.8015e+00 -1.8391e+00 +3.8608e+00 +6.6633e-01 +2.1192e+00 +1.5540e+00
86624 +4.118143645e-02 +4.118143645e-02 -1.179888186e+02 -1.180300000e+02 +1.0705e+00 +3.5633e+00 +2.7937e-01 -3.1474e+00 +3.8015e+00 -1.8260e+00 +3.8608e+00 +6.6633e-01 +2.1192e+00 +1.5540e+00
124211 +3.877037422e-02 +3.877037422e-02 -1.179912296e+02 -1.180300000e+02 +1.0705e+00 +3.5633e+00 +2.7544e-01 -3.1480e+00 +3.8015e+00 -1.8339e+00 +3.8608e+00 +6.6633e-01 +2.1192e+00 +1.5540e+00
142523 +2.116290426e-02 +2.116290426e-02 -1.180088371e+02 -1.180300000e+02 +1.0767e+00 +3.5633e+00 +2.7544e-01 -3.1489e+00 +3.8015e+00 -1.8339e+00 +3.8608e+00 +6.6274e-01 +2.1192e+00 +1.5540e+00
179115 +8.706551076e-03 +8.706551076e-03 -1.180212934e+02 -1.180300000e+02 +1.0767e+00 +3.5633e+00 +2.7937e-01 -3.1489e+00 +3.8015e+00 -1.8322e+00 +3.8608e+00 +6.6274e-01 +2.1192e+00 +1.5541e+00
219382 +4.601796588e-03 +4.601796588e-03 -1.180253982e+02 -1.180300000e+02 +1.0767e+00 +3.5655e+00 +2.7937e-01 -3.1489e+00 +3.8015e+00 -1.8307e+00 +3.8608e+00 +6.6294e-01 +2.1192e+00 +1.5541e+00
262747 +3.908715997e-03 +3.908715997e-03 -1.180260913e+02 -1.180300000e+02 +1.0767e+00 +3.5655e+00 +2.7937e-01 -3.1498e+00 +3.8015e+00 -1.8307e+00 +3.8608e+00 +6.6294e-01 +2.1192e+00 +1.5541e+00
309859 +2.463725138e-03 +2.463725138e-03 -1.180275363e+02 -1.180300000e+02 +1.0775e+00 +3.5655e+00 +2.7926e-01 -3.1498e+00 +3.8015e+00 -1.8307e+00 +3.8608e+00 +6.6294e-01 +2.1192e+00 +1.5541e+00
323364 +8.981989134e-04 +8.981989134e-04 -1.180291018e+02 -1.180300000e+02 +1.0775e+00 +3.5655e+00 +2.7926e-01 -3.1498e+00 +3.8015e+00 -1.8307e+00 +3.8611e+00 +6.6405e-01 +2.1192e+00 +1.5541e+00
540033 +5.502851933e-04 +5.502851933e-04 -1.180294497e+02 -1.180300000e+02 +1.0779e+00 +3.5655e+00 +2.7926e-01 -3.1502e+00 +3.8015e+00 -1.8305e+00 +3.8611e+00 +6.6405e-01 +2.1192e+00 +1.5543e+00
644475 +3.968449534e-04 +3.968449534e-04 -1.180296032e+02 -1.180300000e+02 +1.0781e+00 +3.5655e+00 +2.7916e-01 -3.1502e+00 +3.8015e+00 -1.8305e+00 +3.8611e+00 +6.6405e-01 +2.1192e+00 +1.5543e+00
787795 +1.041711680e-04 +1.041711680e-04 -1.180298958e+02 -1.180300000e+02 +1.0781e+00 +3.5655e+00 +2.7916e-01 -3.1502e+00 +3.8015e+00 -1.8305e+00 +3.8614e+00 +6.6405e-01 +2.1192e+00 +1.5544e+00
892374 +7.035886588e-05 +7.035886588e-05 -1.180299296e+02 -1.180300000e+02 +1.0781e+00 +3.5655e+00 +2.7916e-01 -3.1502e+00 +3.8015e+00 -1.8304e+00 +3.8616e+00 +6.6405e-01 +2.1192e+00 +1.5544e+00
% function evaluation | noise-free fitness - Fopt (4.816000000000e+01) | best noise-free fitness - Fopt | measured fitness | best measured fitness | x1 | x2...
1 +5.366606163e+02 +5.366606163e+02 +5.848206163e+02 +4.816000000e+01 -1.8225e+00 +7.9162e-01 -1.3115e+00 +8.9096e-01 +2.6892e+00 -3.2649e+00 +5.6132e-02 -4.3621e+00 -1.5281e+00 +9.3176e-01
394 +1.893671225e+02 +1.893671225e+02 +2.375271225e+02 +4.816000000e+01 -2.2948e+00 +2.0781e+00 +8.4968e-01 +1.1139e+00 +1.9826e+00 +3.9484e+00 +2.9149e+00 -1.5203e+00 +5.7473e-01 +1.5648e+00
575 +1.234089011e+02 +1.234089011e+02 +1.715689011e+02 +4.816000000e+01 -9.0916e-01 -1.2393e+00 +2.1781e+00 -2.7327e+00 +1.9619e+00 +3.9484e+00 +2.9149e+00 -1.5203e+00 +5.7473e-01 +8.9390e-01
754 +8.717497366e+01 +8.717497366e+01 +1.353349737e+02 +4.816000000e+01 -9.0916e-01 -3.4606e+00 +3.7214e+00 -3.5139e+00 +1.9619e+00 +1.5182e+00 +2.6743e+00 -1.5203e+00 +5.7473e-01 +1.8256e-01
1297 +5.982389368e+01 +5.982389368e+01 +1.079838937e+02 +4.816000000e+01 -9.0916e-01 -3.4606e+00 +2.1781e+00 -3.5139e+00 +1.9619e+00 +1.7401e+00 +2.7412e+00 -1.5203e+00 +5.7473e-01 +1.8256e-01
2012 +3.598177657e+01 +3.598177657e+01 +8.414177657e+01 +4.816000000e+01 -5.3678e-01 -3.4606e+00 +3.4832e+00 -1.6551e+00 +1.2617e+00 +1.7401e+00 +2.7412e+00 -1.5203e+00 +5.7473e-01 +1.8256e-01
2556 +2.452488991e+01 +2.452488991e+01 +7.268488991e+01 +4.816000000e+01 -5.3678e-01 -3.4606e+00 +3.4648e+00 -1.6551e+00 +1.2617e+00 +1.7401e+00 +2.7412e+00 -6.7853e-01 +5.7473e-01 +5.1842e-01
3661 +1.507768298e+01 +1.507768298e+01 +6.323768298e+01 +4.816000000e+01 +3.2341e-01 -3.4606e+00 +3.4648e+00 -1.5422e+00 +1.8183e+00 +1.7401e+00 +2.7412e+00 -6.7853e-01 +5.8988e-01 +5.1842e-01
4588 +9.963499786e+00 +9.963499786e+00 +5.812349979e+01 +4.816000000e+01 +3.2341e-01 -2.4433e+00 +3.4832e+00 -1.5724e+00 +1.8183e+00 +1.7401e+00 +2.7412e+00 -6.7853e-01 +5.8988e-01 +5.1842e-01
5699 +5.811352959e+00 +5.811352959e+00 +5.397135296e+01 +4.816000000e+01 +1.2465e+00 -1.6586e+00 +3.4883e+00 -1.5724e+00 +1.8183e+00 +1.7401e+00 +2.7412e+00 -6.7853e-01 +5.8988e-01 +5.1842e-01
6799 +3.771533787e+00 +3.771533787e+00 +5.193153379e+01 +4.816000000e+01 +1.2751e+00 -1.6586e+00 +3.4883e+00 -1.5724e+00 +1.8183e+00 +1.7401e+00 +2.7758e+00 -6.7853e-01 +5.8988e-01 +5.1842e-01
8616 +2.483826677e+00 +2.483826677e+00 +5.064382668e+01 +4.816000000e+01 +1.2751e+00 -7.9165e-01 +3.4883e+00 -1.5724e+00 +1.8183e+00 +1.7401e+00 +2.7809e+00 -6.8043e-01 +6.0557e-01 +5.1842e-01
27525 +1.415397976e+00 +1.415397976e+00 +4.957539798e+01 +4.816000000e+01 +1.2907e+00 -7.5858e-01 +3.4791e+00 -1.5956e+00 +1.8338e+00 +1.7430e+00 +2.7701e+00 -6.8918e-01 +2.6827e-01 +8.0931e-01
41455 +5.812104594e-01 +5.812104594e-01 +4.874121046e+01 +4.816000000e+01 +1.2751e+00 -7.4336e-01 +3.4883e+00 -1.5732e+00 +1.8292e+00 +1.7401e+00 +2.7809e+00 -6.8043e-01 +6.0557e-01 +8.1046e-01
44928 +2.288552486e-01 +2.288552486e-01 +4.838885525e+01 +4.816000000e+01 +1.2951e+00 -7.4336e-01 +3.4883e+00 -1.5732e+00 +1.8316e+00 +1.7401e+00 +2.7809e+00 -6.9059e-01 +6.0557e-01 +8.1046e-01
50474 +9.792646739e-02 +9.792646739e-02 +4.825792647e+01 +4.816000000e+01 +1.2943e+00 -7.4821e-01 +3.4883e+00 -1.5818e+00 +1.8336e+00 +1.7401e+00 +2.7809e+00 -6.8719e-01 +6.1287e-01 +8.2002e-01
81924 +6.282947592e-02 +6.282947592e-02 +4.822282948e+01 +4.816000000e+01 +1.3006e+00 -7.4599e-01 +3.4897e+00 -1.5802e+00 +1.8361e+00 +1.7412e+00 +2.7809e+00 -6.9270e-01 +6.1337e-01 +8.1772e-01
103129 +2.526642588e-02 +2.526642588e-02 +4.818526643e+01 +4.816000000e+01 +1.2981e+00 -7.4907e-01 +3.4897e+00 -1.5806e+00 +1.8361e+00 +1.7401e+00 +2.7809e+00 -6.9464e-01 +6.1287e-01 +8.2002e-01
113414 +1.041039853e-02 +1.041039853e-02 +4.817041040e+01 +4.816000000e+01 +1.3006e+00 -7.4745e-01 +3.4897e+00 -1.5802e+00 +1.8361e+00 +1.7412e+00 +2.7809e+00 -6.9270e-01 +6.1287e-01 +8.1772e-01
113718 +8.984549815e-03 +8.984549815e-03 +4.816898455e+01 +4.816000000e+01 +1.3006e+00 -7.4907e-01 +3.4897e+00 -1.5802e+00 +1.8361e+00 +1.7412e+00 +2.7809e+00 -6.9270e-01 +6.1287e-01 +8.1772e-01
172092 +6.259840297e-03 +6.259840297e-03 +4.816625984e+01 +4.816000000e+01 +1.3006e+00 -7.4907e-01 +3.4901e+00 -1.5802e+00 +1.8361e+00 +1.7430e+00 +2.7809e+00 -6.9270e-01 +6.1287e-01 +8.1687e-01
232453 +3.879860962e-03 +3.879860962e-03 +4.816387986e+01 +4.816000000e+01 +1.3006e+00 -7.4907e-01 +3.4901e+00 -1.5802e+00 +1.8361e+00 +1.7412e+00 +2.7809e+00 -6.9464e-01 +6.1287e-01 +8.1687e-01
242301 +2.325642846e-03 +2.325642846e-03 +4.816232564e+01 +4.816000000e+01 +1.3006e+00 -7.4907e-01 +3.4910e+00 -1.5806e+00 +1.8350e+00 +1.7430e+00 +2.7809e+00 -6.9464e-01 +6.1287e-01 +8.1687e-01
306197 +1.430564856e-03 +1.430564856e-03 +4.816143056e+01 +4.816000000e+01 +1.3006e+00 -7.5068e-01 +3.4910e+00 -1.5806e+00 +1.8360e+00 +1.7430e+00 +2.7809e+00 -6.9464e-01 +6.1287e-01 +8.1687e-01
353832 +7.969104555e-04 +7.969104555e-04 +4.816079691e+01 +4.816000000e+01 +1.3006e+00 -7.5068e-01 +3.4910e+00 -1.5806e+00 +1.8360e+00 +1.7430e+00 +2.7809e+00 -6.9464e-01 +6.1262e-01 +8.1687e-01
410802 +5.176133354e-04 +5.176133354e-04 +4.816051761e+01 +4.816000000e+01 +1.3006e+00 -7.5068e-01 +3.4910e+00 -1.5806e+00 +1.8360e+00 +1.7425e+00 +2.7809e+00 -6.9464e-01 +6.1262e-01 +8.1687e-01
662060 +9.858614361e-05 +9.858614361e-05 +4.816009859e+01 +4.816000000e+01 +1.3006e+00 -7.5021e-01 +3.4910e+00 -1.5809e+00 +1.8360e+00 +1.7425e+00 +2.7808e+00 -6.9442e-01 +6.1262e-01 +8.1687e-01
778443 +6.089399277e-05 +6.089399277e-05 +4.816006089e+01 +4.816000000e+01 +1.3008e+00 -7.5021e-01 +3.4911e+00 -1.5808e+00 +1.8360e+00 +1.7425e+00 +2.7808e+00 -6.9442e-01 +6.1267e-01 +8.1687e-01
% function evaluation | noise-free fitness - Fopt (8.384000000000e+01) | best noise-free fitness - Fopt | measured fitness | best measured fitness | x1 | x2...
1 +6.553327568e+02 +6.553327568e+02 +7.391727568e+02 +8.384000000e+01 +2.1654e+00 +1.3321e+00 +1.1224e-01 -3.6726e+00 -1.2588e+00 -3.5397e+00 -4.3683e+00 +6.5739e-02 -2.9668e+00 +1.9683e+00
363 +1.802856181e+02 +1.802856181e+02 +2.641256181e+02 +8.384000000e+01 -1.3541e+00 +2.7417e+00 +9.0590e-01 +1.2689e+00 +4.6236e-01 +2.7203e+00 -1.8408e+00 -1.0224e+00 +4.2563e-01 -2.0158e-01
704 +1.361715887e+02 +1.361715887e+02 +2.200115887e+02 +8.384000000e+01 -1.3541e+00 +2.7417e+00 +9.0590e-01 +1.2689e+00 +4.6236e-01 +2.7203e+00 -1.3995e+00 -1.0224e+00 +4.2563e-01 -6.2979e-01
1214 +8.781539293e+01 +8.781539293e+01 +1.716553929e+02 +8.384000000e+01 -1.3541e+00 +3.4329e+00 +9.0590e-01 +1.2689e+00 +7.3588e-01 +2.7203e+00 -8.2069e-02 -8.5035e-01 +6.0340e-01 -6.2979e-01
1726 +6.122305248e+01 +6.122305248e+01 +1.450630525e+02 +8.384000000e+01 -1.3541e+00 +3.4329e+00 +5.2112e-01 +1.2689e+00 +7.3588e-01 +2.7203e+00 +1.6862e-02 -8.5035e-01 +6.0340e-01 -6.2979e-01
2770 +3.836686345e+01 +3.836686345e+01 +1.222068634e+02 +8.384000000e+01 -1.3541e+00 +3.4329e+00 +5.4171e-01 +8.1781e-01 +1.4575e+00 +1.9490e+00 +9.3384e-01 -1.0546e+00 +6.0340e-01 -1.5554e+00
4500 +2.375623156e+01 +2.375623156e+01 +1.075962316e+02 +8.384000000e+01 -1.3541e+00 +3.4329e+00 +5.4171e-01 +6.1642e-01 +1.4575e+00 +1.4788e+00 +9.3384e-01 -1.5309e+00 +6.0340e-01 -1.5554e+00
6906 +1.120888593e+01 +1.120888593e+01 +9.504888593e+01 +8.384000000e+01 -2.8852e-01 +3.5426e+00 +1.3922e+00 +6.1642e-01 +1.4575e+00 +9.5154e-01 +9.3384e-01 -1.9889e+00 +1.3971e+00 -1.6112e+00
7794 +7.821395259e+00 +7.821395259e+00 +9.166139526e+01 +8.384000000e+01 -2.8852e-01 +3.5426e+00 +1.3922e+00 +6.1642e-01 +1.4575e+00 +9.5154e-01 +9.3384e-01 -1.9633e+00 +1.3738e+00 -1.6112e+00
15584 +6.174848730e+00 +6.174848730e+00 +9.001484873e+01 +8.384000000e+01 +6.5919e-01 +3.4940e+00 +1.4107e+00 +6.0908e-01 +1.5449e+00 +9.5494e-01 +5.1857e-01 -1.9736e+00 +1.0366e+00 -1.6144e+00
17583 +3.670127869e+00 +3.670127869e+00 +8.751012787e+01 +8.384000000e+01 +6.5919e-01 +3.4940e+00 +1.4107e+00 -3.7839e-02 +1.4629e+00 +9.5494e-01 +5.0199e-01 -1.9736e+00 +1.3715e+00 -1.6144e+00
43473 +2.231719785e+00 +2.231719785e+00 +8.607171979e+01 +8.384000000e+01 +6.4474e-01 +3.5039e+00 +1.4052e+00 -3.5979e-02 +1.4575e+00 +9.5154e-01 +9.6075e-01 -1.9780e+00 +1.3738e+00 -1.6031e+00
50190 +1.003207662e+00 +1.003207662e+00 +8.484320766e+01 +8.384000000e+01 +1.6439e+00 +3.5033e+00 +1.4107e+00 -3.7839e-02 +1.4760e+00 +9.5494e-01 +9.4456e-01 -1.9736e+00 +1.3715e+00 -1.5942e+00
51157 +8.833163717e-01 +8.833163717e-01 +8.472331637e+01 +8.384000000e+01 +1.6439e+00 +3.5033e+00 +1.4107e+00 -3.7839e-02 +1.4760e+00 +9.5494e-01 +9.4456e-01 -1.9736e+00 +1.3738e+00 -1.5942e+00
52900 +5.251098897e-01 +5.251098897e-01 +8.436510989e+01 +8.384000000e+01 +1.6553e+00 +3.5033e+00 +1.4107e+00 -3.7839e-02 +1.4760e+00 +9.5494e-01 +9.4456e-01 -1.9736e+00 +1.3798e+00 -1.5942e+00
54072 +2.846331390e-01 +2.846331390e-01 +8.412463314e+01 +8.384000000e+01 +1.6553e+00 +3.5033e+00 +1.4107e+00 -3.7839e-02 +1.4796e+00 +9.5494e-01 +9.5563e-01 -1.9736e+00 +1.3798e+00 -1.5942e+00
59919 +1.881928260e-01 +1.881928260e-01 +8.402819283e+01 +8.384000000e+01 +1.6500e+00 +3.5051e+00 +1.4107e+00 -3.7839e-02 +1.4782e+00 +9.5494e-01 +9.4933e-01 -1.9736e+00 +1.3902e+00 -1.5942e+00
60470 +1.253572588e-01 +1.253572588e-01 +8.396535726e+01 +8.384000000e+01 +1.6500e+00 +3.5051e+00 +1.4107e+00 -3.7839e-02 +1.4782e+00 +9.5494e-01 +9.6158e-01 -1.9736e+00 +1.3902e+00 -1.5942e+00
98164 +9.291164046e-02 +9.291164046e-02 +8.393291164e+01 +8.384000000e+01 +1.6570e+00 +3.5045e+00 +1.4107e+00 -3.7839e-02 +1.4782e+00 +9.5485e-01 +9.6158e-01 -1.9750e+00 +1.3902e+00 -1.5942e+00
104155 +3.826112491e-02 +3.826112491e-02 +8.387826112e+01 +8.384000000e+01 +1.6553e+00 +3.5033e+00 +1.4107e+00 -3.7839e-02 +1.4796e+00 +9.5494e-01 +9.6052e-01 -1.9750e+00 +1.3902e+00 -1.5942e+00
106035 +2.336472878e-02 +2.336472878e-02 +8.386336473e+01 +8.384000000e+01 +1.6553e+00 +3.5033e+00 +1.4129e+00 -4.1589e-02 +1.4796e+00 +9.5494e-01 +9.6052e-01 -1.9750e+00 +1.3905e+00 -1.5942e+00
109800 +1.089081514e-02 +1.089081514e-02 +8.385089082e+01 +8.384000000e+01 +1.6629e+00 +3.5033e+00 +1.4129e+00 -4.1589e-02 +1.4796e+00 +9.5494e-01 +9.6052e-01 -1.9750e+00 +1.3905e+00 -1.5942e+00
109994 +8.705721814e-03 +8.705721814e-03 +8.384870572e+01 +8.384000000e+01 +1.6629e+00 +3.5033e+00 +1.4140e+00 -4.1589e-02 +1.4796e+00 +9.5494e-01 +9.6052e-01 -1.9750e+00 +1.3905e+00 -1.5942e+00
168554 +5.838870533e-03 +5.838870533e-03 +8.384583887e+01 +8.384000000e+01 +1.6629e+00 +3.5033e+00 +1.4140e+00 -4.1589e-02 +1.4816e+00 +9.5305e-01 +9.6022e-01 -1.9750e+00 +1.3905e+00 -1.5942e+00
272116 +1.382465307e-03 +1.382465307e-03 +8.384138247e+01 +8.384000000e+01 +1.6629e+00 +3.5033e+00 +1.4156e+00 -4.1589e-02 +1.4816e+00 +9.5305e-01 +9.6052e-01 -1.9746e+00 +1.3914e+00 -1.5942e+00
340817 +6.941560379e-04 +6.941560379e-04 +8.384069416e+01 +8.384000000e+01 +1.6641e+00 +3.5033e+00 +1.4156e+00 -4.1589e-02 +1.4816e+00 +9.5305e-01 +9.6052e-01 -1.9746e+00 +1.3919e+00 -1.5942e+00
381321 +4.616957917e-04 +4.616957917e-04 +8.384046170e+01 +8.384000000e+01 +1.6640e+00 +3.5033e+00 +1.4156e+00 -4.1589e-02 +1.4816e+00 +9.5405e-01 +9.6052e-01 -1.9746e+00 +1.3919e+00 -1.5942e+00
446041 +3.394737447e-04 +3.394737447e-04 +8.384033947e+01 +8.384000000e+01 +1.6640e+00 +3.5033e+00 +1.4159e+00 -4.1589e-02 +1.4816e+00 +9.5405e-01 +9.6075e-01 -1.9746e+00 +1.3919e+00 -1.5942e+00
526630 +2.251400601e-04 +2.251400601e-04 +8.384022514e+01 +8.384000000e+01 +1.6640e+00 +3.5033e+00 +1.4159e+00 -4.1589e-02 +1.4816e+00 +9.5357e-01 +9.6061e-01 -1.9746e+00 +1.3919e+00 -1.5942e+00
878244 +1.160148593e-04 +1.160148593e-04 +8.384011601e+01 +8.384000000e+01 +1.6640e+00 +3.5033e+00 +1.4159e+00 -4.1589e-02 +1.4816e+00 +9.5357e-01 +9.6070e-01 -1.9745e+00 +1.3919e+00 -1.5943e+00
% function evaluation | noise-free fitness - Fopt (1.536000000000e+01) | best noise-free fitness - Fopt | measured fitness | best measured fitness | x1 | x2...
1 +1.713415897e+03 +1.713415897e+03 +1.728775897e+03 +1.536000000e+01 -1.1411e+00 -2.7188e+00 -1.8373e+00 -2.3637e+00 +1.2685e+00 -1.5353e+00 +4.3562e+00 +4.4551e-01 -3.9337e+00 -1.6673e+00
400 +1.878514563e+02 +1.878514563e+02 +2.032114563e+02 +1.536000000e+01 -3.4912e-01 +3.5447e+00 +1.2831e+00 -3.0369e+00 +7.0033e-01 -1.0583e+00 +2.7365e+00 -8.7210e-01 -7.4523e-02 -2.5179e+00
595 +1.428420048e+02 +1.428420048e+02 +1.582020048e+02 +1.536000000e+01 -1.6619e+00 -1.2137e+00 +2.2128e+00 -2.5158e+00 +1.1571e+00 -1.6417e+00 +2.7648e+00 -8.7210e-01 -7.4523e-02 -2.5179e+00
989 +9.669523443e+01 +9.669523443e+01 +1.120552344e+02 +1.536000000e+01 -3.4912e-01 +2.5940e+00 +2.2128e+00 -2.5158e+00 +1.1571e+00 -1.6417e+00 +2.4860e+00 -8.7210e-01 -7.4523e-02 -2.5179e+00
1773 +5.727425064e+01 +5.727425064e+01 +7.263425064e+01 +1.536000000e+01 +9.9261e-01 +2.5940e+00 +2.2128e+00 -2.5158e+00 +1.1571e+00 -1.4967e+00 +2.4860e+00 -9.3946e-01 +9.9052e-01 -2.5179e+00
2760 +3.852246266e+01 +3.852246266e+01 +5.388246266e+01 +1.536000000e+01 +7.1244e-01 +2.5940e+00 +2.2128e+00 -2.5158e+00 +1.1571e+00 -2.1642e+00 +2.4860e+00 -9.3946e-01 +1.7299e+00 -2.5179e+00
3542 +1.970559174e+01 +1.970559174e+01 +3.506559174e+01 +1.536000000e+01 +7.1244e-01 +2.5940e+00 +2.2128e+00 -2.5158e+00 +2.1879e+00 -3.1942e+00 +2.1361e+00 -9.3946e-01 +1.7299e+00 -2.5179e+00
4724 +1.169995053e+01 +1.169995053e+01 +2.705995053e+01 +1.536000000e+01 +7.1244e-01 +2.5940e+00 +2.2128e+00 -2.5290e+00 +2.1879e+00 -3.1942e+00 +2.1361e+00 -1.6495e+00 +1.7299e+00 -2.5179e+00
5304 +9.995073345e+00 +9.995073345e+00 +2.535507334e+01 +1.536000000e+01 +7.1244e-01 +2.5940e+00 +3.0237e+00 -2.5290e+00 +2.1879e+00 -3.1942e+00 +2.1361e+00 -1.6495e+00 +1.7299e+00 -2.8359e+00
9404 +5.330620127e+00 +5.330620127e+00 +2.069062013e+01 +1.536000000e+01 +8.0981e-01 +2.5504e+00 +3.0330e+00 -2.5490e+00 +2.1646e+00 -3.1942e+00 +2.5710e+00 -2.0474e+00 +1.7264e+00 -2.8359e+00
20050 +3.915083726e+00 +3.915083726e+00 +1.927508373e+01 +1.536000000e+01 +7.7225e-01 +1.6492e+00 +3.0495e+00 -3.2664e+00 +2.7751e+00 -3.7572e+00 +2.5627e+00 -2.0618e+00 +1.7249e+00 -2.8373e+00
28948 +2.459172958e+00 +2.459172958e+00 +1.781917296e+01 +1.536000000e+01 +1.7347e+00 +1.6637e+00 +3.0392e+00 -2.5262e+00 +2.7964e+00 -3.7657e+00 +2.5764e+00 -2.0458e+00 +1.7175e+00 -2.8349e+00
43305 +1.275878587e+00 +1.275878587e+00 +1.663587859e+01 +1.536000000e+01 +1.7267e+00 +1.6315e+00 +3.0717e+00 -2.5490e+00 +2.7636e+00 -3.2149e+00 +2.5710e+00 -2.0674e+00 +1.7264e+00 -2.8359e+00
44075 +7.597543854e-01 +7.597543854e-01 +1.611975439e+01 +1.536000000e+01 +1.7267e+00 +1.6315e+00 +3.0717e+00 -2.5490e+00 +2.7821e+00 -3.2149e+00 +2.5710e+00 -2.0674e+00 +1.7264e+00 -2.8359e+00
44858 +6.162341561e-01 +6.162341561e-01 +1.597623416e+01 +1.536000000e+01 +1.7348e+00 +1.6315e+00 +3.0717e+00 -2.5490e+00 +2.7821e+00 -3.2149e+00 +2.5710e+00 -2.0674e+00 +1.7264e+00 -2.8359e+00
45434 +3.781623397e-01 +3.781623397e-01 +1.573816234e+01 +1.536000000e+01 +1.7455e+00 +1.6402e+00 +3.0717e+00 -2.5490e+00 +2.7821e+00 -3.2149e+00 +2.5710e+00 -2.0674e+00 +1.7264e+00 -2.8275e+00
48160 +1.575131378e-01 +1.575131378e-01 +1.551751314e+01 +1.536000000e+01 +1.7695e+00 +1.6402e+00 +3.0717e+00 -2.5490e+00 +2.7941e+00 -3.2149e+00 +2.5710e+00 -2.0674e+00 +1.7264e+00 -2.8275e+00
90093 +9.605756603e-02 +9.605756603e-02 +1.545605757e+01 +1.536000000e+01 +1.7695e+00 +1.6402e+00 +3.0717e+00 -2.5490e+00 +2.7941e+00 -3.2149e+00 +2.5784e+00 -2.0674e+00 +1.7264e+00 -2.8275e+00
104788 +3.447946507e-02 +3.447946507e-02 +1.539447947e+01 +1.536000000e+01 +1.7695e+00 +1.6402e+00 +3.0696e+00 -2.5490e+00 +2.7941e+00 -3.2149e+00 +2.5798e+00 -2.0635e+00 +1.7264e+00 -2.8275e+00
104988 +1.838009937e-02 +1.838009937e-02 +1.537838010e+01 +1.536000000e+01 +1.7695e+00 +1.6429e+00 +3.0696e+00 -2.5490e+00 +2.7941e+00 -3.2149e+00 +2.5798e+00 -2.0635e+00 +1.7264e+00 -2.8304e+00
105188 +1.538589597e-02 +1.538589597e-02 +1.537538590e+01 +1.536000000e+01 +1.7695e+00 +1.6402e+00 +3.0696e+00 -2.5456e+00 +2.7941e+00 -3.2149e+00 +2.5798e+00 -2.0635e+00 +1.7264e+00 -2.8304e+00
105782 +8.193479091e-03 +8.193479091e-03 +1.536819348e+01 +1.536000000e+01 +1.7695e+00 +1.6429e+00 +3.0696e+00 -2.5456e+00 +2.7941e+00 -3.2155e+00 +2.5798e+00 -2.0647e+00 +1.7264e+00 -2.8304e+00
161609 +3.284482881e-03 +3.284482881e-03 +1.536328448e+01 +1.536000000e+01 +1.7695e+00 +1.6429e+00 +3.0696e+00 -2.5456e+00 +2.7941e+00 -3.2181e+00 +2.5798e+00 -2.0647e+00 +1.7264e+00 -2.8304e+00
236977 +2.047272574e-03 +2.047272574e-03 +1.536204727e+01 +1.536000000e+01 +1.7695e+00 +1.6433e+00 +3.0696e+00 -2.5456e+00 +2.7949e+00 -3.2181e+00 +2.5798e+00 -2.0647e+00 +1.7264e+00 -2.8304e+00
331837 +1.580721429e-03 +1.580721429e-03 +1.536158072e+01 +1.536000000e+01 +1.7695e+00 +1.6431e+00 +3.0701e+00 -2.5456e+00 +2.7949e+00 -3.2181e+00 +2.5798e+00 -2.0647e+00 +1.7273e+00 -2.8304e+00
387609 +9.046910408e-04 +9.046910408e-04 +1.536090469e+01 +1.536000000e+01 +1.7695e+00 +1.6431e+00 +3.0701e+00 -2.5456e+00 +2.7949e+00 -3.2181e+00 +2.5798e+00 -2.0647e+00 +1.7270e+00 -2.8304e+00
453528 +1.604306267e-04 +1.604306267e-04 +1.536016043e+01 +1.536000000e+01 +1.7695e+00 +1.6431e+00 +3.0701e+00 -2.5456e+00 +2.7960e+00 -3.2182e+00 +2.5800e+00 -2.0647e+00 +1.7270e+00 -2.8304e+00
466610 +1.572359684e-04 +1.572359684e-04 +1.536015724e+01 +1.536000000e+01 +1.7695e+00 +1.6432e+00 +3.0701e+00 -2.5456e+00 +2.7960e+00 -3.2182e+00 +2.5800e+00 -2.0647e+00 +1.7270e+00 -2.8304e+00
