% function evaluation | noise-free fitness - Fopt (-4.620900000000e+02) | best noise-free fitness - Fopt | measured fitness | best measured fitness | x1 | x2...
1 +7.371588993e+02 +7.371588993e+02 +2.750688993e+02 -4.620900000e+02 +4.7054e+00 -8.4465e-01
194 +7.625891906e+00 +7.625891906e+00 -4.544641081e+02 -4.620900000e+02 +5.3031e-01 +2.3277e+00
278 +6.013645867e+00 +6.013645867e+00 -4.560763541e+02 -4.620900000e+02 +3.2199e-01 +2.3277e+00
5677 +2.886296683e+00 +2.886296683e+00 -4.592037033e+02 -4.620900000e+02 +2.3324e+00 +2.5778e+00
7412 +1.835471273e-02 +1.835471273e-02 -4.620716453e+02 -4.620900000e+02 +2.3324e+00 +2.2982e+00
9231 +1.194452209e-02 +1.194452209e-02 -4.620780555e+02 -4.620900000e+02 +2.3324e+00 +2.3000e+00
20604 +3.987192372e-06 +3.987192372e-06 -4.620899960e+02 -4.620900000e+02 +2.3407e+00 +2.3000e+00
% function evaluation | noise-free fitness - Fopt (7.766000000000e+01) | best noise-free fitness - Fopt | measured fitness | best measured fitness | x1 | x2...
1 +2.409596187e+01 +2.409596187e+01 +1.017559619e+02 +7.766000000e+01 -1.7636e+00 -1.1520e+00
196 +1.008384450e+01 +1.008384450e+01 +8.774384450e+01 +7.766000000e+01 +5.8777e-01 -1.5522e+00
291 +4.935904094e+00 +4.935904094e+00 +8.259590409e+01 +7.766000000e+01 +2.3266e+00 -1.5522e+00
388 +3.005073106e+00 +3.005073106e+00 +8.066507311e+01 +7.766000000e+01 +2.3266e+00 -5.2197e-01
3392 +1.524694304e+00 +1.524694304e+00 +7.918469430e+01 +7.766000000e+01 +2.3266e+00 -8.7459e-01
4707 +6.084708922e-01 +6.084708922e-01 +7.826847089e+01 +7.766000000e+01 +2.3692e+00 -8.4120e-01
6726 +1.057078814e-01 +1.057078814e-01 +7.776570788e+01 +7.766000000e+01 +2.3804e+00 -8.5184e-01
15410 +5.752422817e-02 +5.752422817e-02 +7.771752423e+01 +7.766000000e+01 +2.3825e+00 -8.5759e-01
20258 +1.942045985e-02 +1.942045985e-02 +7.767942046e+01 +7.766000000e+01 +2.3880e+00 -8.5584e-01
30944 +2.416892948e-04 +2.416892948e-04 +7.766024169e+01 +7.766000000e+01 +2.3974e+00 -8.5584e-01
107259 +5.079638021e-05 +5.079638021e-05 +7.766005080e+01 +7.766000000e+01 +2.3983e+00 -8.5584e-01
% function evaluation | noise-free fitness - Fopt (1.156800000000e+02) | best noise-free fitness - Fopt | measured fitness | best measured fitness | x1 | x2...
1 +2.895901444e+02 +2.895901444e+02 +4.052701444e+02 +1.156800000e+02 -3.1488e+00 +4.1596e+00
200 +2.372755577e+00 +2.372755577e+00 +1.180527556e+02 +1.156800000e+02 +2.1134e+00 -6.5738e-01
400 +1.052433851e+00 +1.052433851e+00 +1.167324339e+02 +1.156800000e+02 +2.1737e+00 -9.6080e-01
2294 +5.270739154e-01 +5.270739154e-01 +1.162070739e+02 +1.156800000e+02 +2.1737e+00 -9.9914e-01
2894 +5.207109023e-03 +5.207109023e-03 +1.156852071e+02 +1.156800000e+02 +2.1737e+00 -9.8315e-01
10885 +2.041288563e-03 +2.041288563e-03 +1.156820413e+02 +1.156800000e+02 +2.1753e+00 -9.8315e-01
58592 +7.686790662e-04 +7.686790662e-04 +1.156807687e+02 +1.156800000e+02 +2.1764e+00 -9.8315e-01
62379 +4.109262227e-04 +4.109262227e-04 +1.156804109e+02 +1.156800000e+02 +2.1770e+00 -9.8315e-01
89377 +1.847119957e-05 +1.847119957e-05 +1.156800185e+02 +1.156800000e+02 +2.1781e+00 -9.8315e-01
% function evaluation | noise-free fitness - Fopt (-3.710000000000e+00) | best noise-free fitness - Fopt | measured fitness | best measured fitness | x1 | x2...
1 +3.742797764e+01 +3.742797764e+01 +3.371797764e+01 -3.710000000e+00 +1.0519e+00 -3.6713e+00
93 +1.469564152e+01 +1.469564152e+01 +1.098564152e+01 -3.710000000e+00 -5.0263e-03 -1.9310e+00
1709 +5.817506538e+00 +5.817506538e+00 +2.107506538e+00 -3.710000000e+00 +1.2156e+00 -2.2684e+00
4558 +1.010677949e+00 +1.010677949e+00 -2.699322051e+00 -3.710000000e+00 +2.1266e+00 -2.2977e+00
10843 +2.411191172e-01 +2.411191172e-01 -3.468880883e+00 -3.710000000e+00 +3.0875e+00 -2.2977e+00
20182 +6.502303576e-02 +6.502303576e-02 -3.644976964e+00 -3.710000000e+00 +3.1040e+00 -2.2977e+00
20578 +4.601347634e-02 +4.601347634e-02 -3.663986524e+00 -3.710000000e+00 +3.1070e+00 -2.2977e+00
33902 +3.442130794e-02 +3.442130794e-02 -3.675578692e+00 -3.710000000e+00 +3.1070e+00 -2.2948e+00
43450 +1.691242748e-03 +1.691242748e-03 -3.708308757e+00 -3.710000000e+00 +3.1173e+00 -2.2948e+00
58918 +9.989270887e-04 +9.989270887e-04 -3.709001073e+00 -3.710000000e+00 +3.1182e+00 -2.2948e+00
70113 +3.603811840e-04 +3.603811840e-04 -3.709639619e+00 -3.710000000e+00 +3.1200e+00 -2.2948e+00
% function evaluation | noise-free fitness - Fopt (1.321800000000e+02) | best noise-free fitness - Fopt | measured fitness | best measured fitness | x1 | x2...
1 +2.983128163e+02 +2.983128163e+02 +4.304928163e+02 +1.321800000e+02 -4.1561e+00 -3.0876e+00
193 +4.665910926e+00 +4.665910926e+00 +1.368459109e+02 +1.321800000e+02 +2.8533e+00 +1.7930e+00
278 +1.411843569e+00 +1.411843569e+00 +1.335918436e+02 +1.321800000e+02 +3.7237e+00 +1.7930e+00
1320 +7.258309505e-02 +7.258309505e-02 +1.322525831e+02 +1.321800000e+02 +3.7646e+00 +1.4768e+00
9616 +5.014529548e-02 +5.014529548e-02 +1.322301453e+02 +1.321800000e+02 +3.7646e+00 +1.4781e+00
12962 +1.491816371e-02 +1.491816371e-02 +1.321949182e+02 +1.321800000e+02 +3.7633e+00 +1.4796e+00
20754 +1.504776351e-04 +1.504776351e-04 +1.321801505e+02 +1.321800000e+02 +3.7633e+00 +1.4826e+00
% function evaluation | noise-free fitness - Fopt (-4.174000000000e+01) | best noise-free fitness - Fopt | measured fitness | best measured fitness | x1 | x2...
1 +1.294418570e+02 +1.294418570e+02 +8.770185701e+01 -4.174000000e+01 +3.8068e+00 +9.8323e-01
192 +5.171628679e+00 +5.171628679e+00 -3.656837132e+01 -4.174000000e+01 +1.1848e+00 -1.5186e+00
285 +2.724843810e+00 +2.724843810e+00 -3.901515619e+01 -4.174000000e+01 +2.1724e+00 -1.5186e+00
2231 +1.554356239e+00 +1.554356239e+00 -4.018564376e+01 -4.174000000e+01 +2.1724e+00 -1.8321e+00
4917 +6.616131415e-01 +6.616131415e-01 -4.107838686e+01 -4.174000000e+01 +3.1175e+00 -1.8158e+00
5106 +6.228857830e-01 +6.228857830e-01 -4.111711422e+01 -4.174000000e+01 +3.1309e+00 -1.8158e+00
5390 +7.327556939e-04 +7.327556939e-04 -4.173926724e+01 -4.174000000e+01 +3.1309e+00 -1.8338e+00
114109 +6.016626571e-04 +6.016626571e-04 -4.173939834e+01 -4.174000000e+01 +3.1309e+00 -1.8339e+00
137053 +3.552832096e-04 +3.552832096e-04 -4.173964472e+01 -4.174000000e+01 +3.1309e+00 -1.8340e+00
% function evaluation | noise-free fitness - Fopt (-4.948600000000e+02) | best noise-free fitness - Fopt | measured fitness | best measured fitness | x1 | x2...
1 +6.967938259e+01 +6.967938259e+01 -4.251806174e+02 -4.948600000e+02 -3.4382e+00 -2.5002e+00
199 +3.749318488e+00 +3.749318488e+00 -4.911106815e+02 -4.948600000e+02 +2.6772e+00 -1.0869e+00
1555 +2.385773801e+00 +2.385773801e+00 -4.924742262e+02 -4.948600000e+02 +2.6772e+00 -1.1032e+00
1649 +1.063317196e+00 +1.063317196e+00 -4.937966828e+02 -4.948600000e+02 +2.7603e+00 -8.2117e-01
1747 +7.854703140e-01 +7.854703140e-01 -4.940745297e+02 -4.948600000e+02 +2.7603e+00 -1.1032e+00
10359 +4.356565030e-01 +4.356565030e-01 -4.944243435e+02 -4.948600000e+02 +2.7353e+00 -1.1303e+00
14544 +1.535539546e-01 +1.535539546e-01 -4.947064460e+02 -4.948600000e+02 +2.7675e+00 -1.1149e+00
18326 +9.631284541e-02 +9.631284541e-02 -4.947636872e+02 -4.948600000e+02 +2.7684e+00 -1.1303e+00
24113 +5.425164391e-02 +5.425164391e-02 -4.948057484e+02 -4.948600000e+02 +2.7675e+00 -1.1188e+00
38029 +1.194624251e-02 +1.194624251e-02 -4.948480538e+02 -4.948600000e+02 +2.7675e+00 -1.1218e+00
62332 +5.493592600e-03 +5.493592600e-03 -4.948545064e+02 -4.948600000e+02 +2.7713e+00 -1.1218e+00
85870 +2.738281789e-03 +2.738281789e-03 -4.948572617e+02 -4.948600000e+02 +2.7717e+00 -1.1241e+00
95202 +1.614201570e-03 +1.614201570e-03 -4.948583858e+02 -4.948600000e+02 +2.7717e+00 -1.1235e+00
102664 +4.463767071e-04 +4.463767071e-04 -4.948595536e+02 -4.948600000e+02 +2.7733e+00 -1.1235e+00
108176 +3.563920311e-04 +3.563920311e-04 -4.948596436e+02 -4.948600000e+02 +2.7736e+00 -1.1235e+00
142982 +1.168832712e-04 +1.168832712e-04 -4.948598831e+02 -4.948600000e+02 +2.7736e+00 -1.1232e+00
% function evaluation | noise-free fitness - Fopt (3.484000000000e+02) | best noise-free fitness - Fopt | measured fitness | best measured fitness | x1 | x2...
1 +1.778152292e+01 +1.778152292e+01 +3.661815229e+02 +3.484000000e+02 +1.8192e+00 -3.8635e-01
95 +3.241927443e+00 +3.241927443e+00 +3.516419274e+02 +3.484000000e+02 +1.9129e+00 +9.2073e-01
2074 +2.239307593e+00 +2.239307593e+00 +3.506393076e+02 +3.484000000e+02 +1.9482e+00 +9.2073e-01
9732 +8.277519770e-01 +8.277519770e-01 +3.492277520e+02 +3.484000000e+02 +1.9482e+00 +6.0493e-01
9824 +1.471687799e-01 +1.471687799e-01 +3.485471688e+02 +3.484000000e+02 +2.0038e+00 +6.0493e-01
13063 +1.152349944e-02 +1.152349944e-02 +3.484115235e+02 +3.484000000e+02 +2.0063e+00 +5.9502e-01
30462 +8.565963315e-03 +8.565963315e-03 +3.484085660e+02 +3.484000000e+02 +2.0078e+00 +5.9502e-01
31597 +3.419590117e-03 +3.419590117e-03 +3.484034196e+02 +3.484000000e+02 +2.0078e+00 +5.9748e-01
88322 +1.657197954e-03 +1.657197954e-03 +3.484016572e+02 +3.484000000e+02 +2.0092e+00 +5.9748e-01
89451 +9.285399578e-04 +9.285399578e-04 +3.484009285e+02 +3.484000000e+02 +2.0108e+00 +5.9748e-01
% function evaluation | noise-free fitness - Fopt (3.770000000000e+00) | best noise-free fitness - Fopt | measured fitness | best measured fitness | x1 | x2...
1 +2.121787580e+02 +2.121787580e+02 +2.159487580e+02 +3.770000000e+00 +3.4205e+00 +1.9605e+00
195 +8.583024917e+00 +8.583024917e+00 +1.235302492e+01 +3.770000000e+00 +2.0662e+00 -2.0750e+00
285 +4.929162942e+00 +4.929162942e+00 +8.699162942e+00 +3.770000000e+00 +1.9703e+00 -2.0808e+00
472 +3.707004767e+00 +3.707004767e+00 +7.477004767e+00 +3.770000000e+00 +1.9703e+00 -2.0733e+00
1417 +2.329676223e+00 +2.329676223e+00 +6.099676223e+00 +3.770000000e+00 +1.9703e+00 -1.7401e+00
1783 +1.081667458e+00 +1.081667458e+00 +4.851667458e+00 +3.770000000e+00 +1.9525e+00 -2.0331e+00
7025 +9.156692558e-01 +9.156692558e-01 +4.685669256e+00 +3.770000000e+00 +2.8837e+00 -2.0271e+00
7770 +3.897292118e-01 +3.897292118e-01 +4.159729212e+00 +3.770000000e+00 +2.9017e+00 -2.0427e+00
8336 +1.811450883e-01 +1.811450883e-01 +3.951145088e+00 +3.770000000e+00 +2.9140e+00 -2.0427e+00
15460 +1.563122007e-01 +1.563122007e-01 +3.926312201e+00 +3.770000000e+00 +2.9140e+00 -2.0381e+00
16247 +5.864143459e-02 +5.864143459e-02 +3.828641435e+00 +3.770000000e+00 +2.9251e+00 -2.0381e+00
16447 +1.172470345e-02 +1.172470345e-02 +3.781724703e+00 +3.770000000e+00 +2.9344e+00 -2.0381e+00
20915 +6.109283606e-03 +6.109283606e-03 +3.776109284e+00 +3.770000000e+00 +2.9367e+00 -2.0397e+00
23002 +1.376384447e-03 +1.376384447e-03 +3.771376384e+00 +3.770000000e+00 +2.9396e+00 -2.0397e+00
71269 +9.973632945e-04 +9.973632945e-04 +3.770997363e+00 +3.770000000e+00 +2.9403e+00 -2.0397e+00
116230 +5.963340379e-04 +5.963340379e-04 +3.770596334e+00 +3.770000000e+00 +2.9416e+00 -2.0397e+00
163513 +2.205489953e-04 +2.205489953e-04 +3.770220549e+00 +3.770000000e+00 +2.9416e+00 -2.0389e+00
% function evaluation | noise-free fitness - Fopt (3.770000000000e+01) | best noise-free fitness - Fopt | measured fitness | best measured fitness | x1 | x2...
1 +4.526129239e+01 +4.526129239e+01 +8.296129239e+01 +3.770000000e+01 -2.5229e+00 -1.5933e+00
200 +8.614838355e+00 +8.614838355e+00 +4.631483836e+01 +3.770000000e+01 +1.0381e+00 -2.5937e+00
297 +2.045369892e+00 +2.045369892e+00 +3.974536989e+01 +3.770000000e+01 +1.0381e+00 -2.6578e+00
795 +1.099100222e+00 +1.099100222e+00 +3.879910022e+01 +3.770000000e+01 +1.0381e+00 -2.3509e+00
1094 +1.839699004e-01 +1.839699004e-01 +3.788396990e+01 +3.770000000e+01 +1.1110e+00 -2.3509e+00
4763 +7.311289654e-02 +7.311289654e-02 +3.777311290e+01 +3.770000000e+01 +1.1110e+00 -2.3468e+00
11635 +2.299366818e-03 +2.299366818e-03 +3.770229937e+01 +3.770000000e+01 +1.1110e+00 -2.3415e+00
14793 +1.413227160e-03 +1.413227160e-03 +3.770141323e+01 +3.770000000e+01 +1.1110e+00 -2.3405e+00
105397 +4.146158904e-04 +4.146158904e-04 +3.770041462e+01 +3.770000000e+01 +1.1137e+00 -2.3405e+00
142294 +1.587435243e-04 +1.587435243e-04 +3.770015874e+01 +3.770000000e+01 +1.1136e+00 -2.3405e+00
% function evaluation | noise-free fitness - Fopt (6.956900000000e+02) | best noise-free fitness - Fopt | measured fitness | best measured fitness | x1 | x2...
1 +6.274175229e+02 +6.274175229e+02 +1.323107523e+03 +6.956900000e+02 +1.1959e+00 +4.3493e+00
198 +3.429939617e+00 +3.429939617e+00 +6.991199396e+02 +6.956900000e+02 +2.2128e+00 -3.2490e+00
974 +1.370368151e+00 +1.370368151e+00 +6.970603682e+02 +6.956900000e+02 +2.3186e+00 -3.2551e+00
3010 +4.202911604e-01 +4.202911604e-01 +6.961102912e+02 +6.956900000e+02 +3.2426e+00 -3.2551e+00
14490 +2.361609464e-03 +2.361609464e-03 +6.956923616e+02 +6.956900000e+02 +3.2841e+00 -3.2595e+00
63069 +5.807314542e-04 +5.807314542e-04 +6.956905807e+02 +6.956900000e+02 +3.2841e+00 -3.2579e+00
87974 +1.071819254e-04 +1.071819254e-04 +6.956901072e+02 +6.956900000e+02 +3.2847e+00 -3.2586e+00
% function evaluation | noise-free fitness - Fopt (-1.180300000000e+02) | best noise-free fitness - Fopt | measured fitness | best measured fitness | x1 | x2...
1 +5.582225906e+02 +5.582225906e+02 +4.401925906e+02 -1.180300000e+02 +1.4393e+00 -4.0207e+00
95 +5.788803354e+00 +5.788803354e+00 -1.122411966e+02 -1.180300000e+02 -9.1070e-01 +3.8538e+00
1328 +2.251267905e+00 +2.251267905e+00 -1.157787321e+02 -1.180300000e+02 +9.6118e-02 +3.2474e+00
13087 +1.087671067e+00 +1.087671067e+00 -1.169423289e+02 -1.180300000e+02 +7.2611e-02 +3.5713e+00
14277 +6.257862242e-01 +6.257862242e-01 -1.174042138e+02 -1.180300000e+02 +1.0219e+00 +3.5691e+00
14567 +2.135348287e-01 +2.135348287e-01 -1.178164652e+02 -1.180300000e+02 +1.0482e+00 +3.5691e+00
15786 +8.950834062e-02 +8.950834062e-02 -1.179404917e+02 -1.180300000e+02 +1.0602e+00 +3.5691e+00
16950 +3.396535698e-02 +3.396535698e-02 -1.179960346e+02 -1.180300000e+02 +1.0701e+00 +3.5691e+00
34421 +2.416925750e-02 +2.416925750e-02 -1.180058307e+02 -1.180300000e+02 +1.0755e+00 +3.5691e+00
38121 +1.150737656e-02 +1.150737656e-02 -1.180184926e+02 -1.180300000e+02 +1.0701e+00 +3.5657e+00
38218 +6.053598174e-03 +6.053598174e-03 -1.180239464e+02 -1.180300000e+02 +1.0732e+00 +3.5657e+00
52118 +1.711277087e-03 +1.711277087e-03 -1.180282887e+02 -1.180300000e+02 +1.0755e+00 +3.5657e+00
56671 +4.582814418e-05 +4.582814418e-05 -1.180299542e+02 -1.180300000e+02 +1.0781e+00 +3.5657e+00
79900 +2.317487387e-05 +2.317487387e-05 -1.180299768e+02 -1.180300000e+02 +1.0784e+00 +3.5657e+00
% function evaluation | noise-free fitness - Fopt (4.816000000000e+01) | best noise-free fitness - Fopt | measured fitness | best measured fitness | x1 | x2...
1 +4.297477262e+01 +4.297477262e+01 +9.113477262e+01 +4.816000000e+01 -3.0378e+00 -9.9633e-01
187 +4.871134065e+00 +4.871134065e+00 +5.303113406e+01 +4.816000000e+01 +3.7921e-01 -4.2161e-01
265 +2.871348683e+00 +2.871348683e+00 +5.103134868e+01 +4.816000000e+01 +3.1522e-01 -4.2161e-01
790 +2.469388739e+00 +2.469388739e+00 +5.062938874e+01 +4.816000000e+01 +1.2414e+00 -4.2161e-01
1144 +6.430881411e-01 +6.430881411e-01 +4.880308814e+01 +4.816000000e+01 +1.2414e+00 -7.4911e-01
1824 +6.088611366e-01 +6.088611366e-01 +4.876886114e+01 +4.816000000e+01 +1.2441e+00 -7.4911e-01
3070 +1.043126252e-01 +1.043126252e-01 +4.826431263e+01 +4.816000000e+01 +1.3029e+00 -7.4911e-01
20736 +7.831920575e-02 +7.831920575e-02 +4.823831921e+01 +4.816000000e+01 +1.3027e+00 -7.4911e-01
22215 +8.924981319e-03 +8.924981319e-03 +4.816892498e+01 +4.816000000e+01 +1.2958e+00 -7.4911e-01
26683 +4.895191325e-03 +4.895191325e-03 +4.816489519e+01 +4.816000000e+01 +1.2979e+00 -7.4911e-01
43139 +2.259804389e-03 +2.259804389e-03 +4.816225980e+01 +4.816000000e+01 +1.2984e+00 -7.5120e-01
89711 +4.549058367e-04 +4.549058367e-04 +4.816045491e+01 +4.816000000e+01 +1.2993e+00 -7.5032e-01
104604 +1.468996395e-04 +1.468996395e-04 +4.816014690e+01 +4.816000000e+01 +1.2999e+00 -7.5032e-01
% function evaluation | noise-free fitness - Fopt (8.384000000000e+01) | best noise-free fitness - Fopt | measured fitness | best measured fitness | x1 | x2...
1 +1.414644266e+02 +1.414644266e+02 +2.253044266e+02 +8.384000000e+01 +2.5564e+00 +8.6369e-01
100 +3.848966374e+00 +3.848966374e+00 +8.768896637e+01 +8.384000000e+01 +7.3450e-01 +3.2021e+00
894 +2.331496607e+00 +2.331496607e+00 +8.617149661e+01 +8.384000000e+01 +1.5802e+00 +3.2021e+00
1290 +1.019095591e+00 +1.019095591e+00 +8.485909559e+01 +8.384000000e+01 +1.6213e+00 +3.4858e+00
1589 +8.274086600e-01 +8.274086600e-01 +8.466740866e+01 +8.384000000e+01 +1.6321e+00 +3.4858e+00
2879 +6.111656550e-01 +6.111656550e-01 +8.445116566e+01 +8.384000000e+01 +1.6608e+00 +3.4858e+00
4866 +5.408649266e-02 +5.408649266e-02 +8.389408649e+01 +8.384000000e+01 +1.6608e+00 +3.5082e+00
15890 +6.182384078e-03 +6.182384078e-03 +8.384618238e+01 +8.384000000e+01 +1.6608e+00 +3.5018e+00
16170 +2.181151977e-03 +2.181151977e-03 +8.384218115e+01 +8.384000000e+01 +1.6608e+00 +3.5034e+00
23106 +6.151060411e-04 +6.151060411e-04 +8.384061511e+01 +8.384000000e+01 +1.6635e+00 +3.5037e+00
33771 +1.483938620e-04 +1.483938620e-04 +8.384014839e+01 +8.384000000e+01 +1.6635e+00 +3.5034e+00
52490 +8.100003834e-05 +8.100003834e-05 +8.384008100e+01 +8.384000000e+01 +1.6635e+00 +3.5031e+00
66028 +4.311207283e-05 +4.311207283e-05 +8.384004311e+01 +8.384000000e+01 +1.6636e+00 +3.5031e+00
141640 +3.869174189e-05 +3.869174189e-05 +8.384003869e+01 +8.384000000e+01 +1.6636e+00 +3.5031e+00
% function evaluation | noise-free fitness - Fopt (1.536000000000e+01) | best noise-free fitness - Fopt | measured fitness | best measured fitness | x1 | x2...
1 +2.925389800e+02 +2.925389800e+02 +3.078989800e+02 +1.536000000e+01 +3.4462e+00 +2.9244e+00
95 +5.055009270e+00 +5.055009270e+00 +2.041500927e+01 +1.536000000e+01 +1.7770e+00 +9.5535e-01
472 +1.873578366e+00 +1.873578366e+00 +1.723357837e+01 +1.536000000e+01 +1.7770e+00 +1.6637e+00
748 +9.498314670e-01 +9.498314670e-01 +1.630983147e+01 +1.536000000e+01 +1.7726e+00 +1.6637e+00
1468 +4.007576205e-01 +4.007576205e-01 +1.576075762e+01 +1.536000000e+01 +1.7726e+00 +1.6544e+00
1837 +3.789148970e-01 +3.789148970e-01 +1.573891490e+01 +1.536000000e+01 +1.7721e+00 +1.6544e+00
3108 +1.231314567e-01 +1.231314567e-01 +1.548313146e+01 +1.536000000e+01 +1.7449e+00 +1.6448e+00
3291 +1.397406929e-02 +1.397406929e-02 +1.537397407e+01 +1.536000000e+01 +1.7620e+00 +1.6448e+00
15264 +7.628452067e-03 +7.628452067e-03 +1.536762845e+01 +1.536000000e+01 +1.7657e+00 +1.6448e+00
22190 +4.544685385e-03 +4.544685385e-03 +1.536454469e+01 +1.536000000e+01 +1.7660e+00 +1.6422e+00
52890 +2.810624346e-03 +2.810624346e-03 +1.536281062e+01 +1.536000000e+01 +1.7671e+00 +1.6422e+00
78582 +1.766418245e-03 +1.766418245e-03 +1.536176642e+01 +1.536000000e+01 +1.7671e+00 +1.6437e+00
79338 +1.062871604e-03 +1.062871604e-03 +1.536106287e+01 +1.536000000e+01 +1.7680e+00 +1.6437e+00
118521 +5.242638580e-04 +5.242638580e-04 +1.536052426e+01 +1.536000000e+01 +1.7680e+00 +1.6434e+00
136129 +4.984257681e-05 +4.984257681e-05 +1.536004984e+01 +1.536000000e+01 +1.7695e+00 +1.6434e+00
